74.4276
73.7021
73.9482
85.6644
91.2124
94.78
72.9423
74.2255
79.6455
74.1107
127.384
73.5502
72.0797
72.9698
75.2886
71.127
75.3848
73.724
75.6307
72.5672
73.9015
78.5104
74.9058
80.2417
72.9308
74.4024
73.3175
72.7291
73.1069
77.3191
78.4054
77.6535
72.4054
97.2882
78.4624
75.8958
73.585
165.193
123.062
75.2419
74.5743
94.193
72.9364
76.8096
74.8107
74.8294
73.7116
79.8588
73.8484
72.3345
90.1836
77.7157
91.8267
78.9273
75.6627
72.8762
79.3873
72.0417
100.942
81.486
82.4599
74.0431
73.337
107.681
75.2155
74.9023
82.5645
74.5313
75.8357
71.1888
74.7869
72.2435
73.5641
73.7234
77.0798
76.53
79.7448
74.6778
77.7313
73.523
74.0132
75.2156
75.1409
91.1273
79.9694
75.055
78.9336
88.3758
80.6577
75.5164
78.229
78.3371
71.5143
75.2158
75.5976
74.6413
73.2687
74.7002
74.8081
72.2207
74.7274
73.727
75.1061
73.2358
76.873
75.7076
72.0085
75.45
74.1638
76.8575
72.2159
72.1774
77.9125
78.8726
74.5756
104.93
80.0605
72.6566
74.2418
76.4721
74.6494
72.8963
73.7767
73.0569
73.4709
75.5054
75.7861
78.8318
72.2923
79.7182
73.7125
85.1222
76.0066
76.7901
76.4784
73.945
74.2333
87.8564
80.9453
76.28
76.7943
72.2628
79.9842
74.7031
75.9491
75.1666
77.0254
77.13
76.8871
76.1824
73.756
75.1287
87.916
72.414
78.1848
74.8598
128.01
73.7865
71.33
75.4007
81.6352
73.8139
74.5612
73.5883
75.0892
76.8213
76.6405
84.6223
71.2442
79.2749
79.96
74.3322
72.8649
72.324
80.4904
75.7176
74.8552
76.648
75.2241
75.4035
76.9092
99.8846
73.1098
72.8532
145.843
75.4349
73.2259
73.9794
73.6469
74.6111
76.0891
73.5351
74.4476
74.4515
77.7132
76.226
74.7505
75.6182
74.4508
74.4367
108.977
73.9133
76.4409
74.5677
81.7943
72.9437
72.9487
74.8594
73.141
78.5069
75.468
77.1727
74.913
75.4344
73.4955
80.9216
75.458
81.0053
73.8777
78.8135
75.3117
78.9839
133.683
73.9504
73.5583
76.3594
75.4371
80.4363
74.9231
75.5964
74.3008
75.8863
73.5488
75.1142
75.0601
117.219
81.6072
74.82
74.7694
98.8673
79.4696
77.9064
76.1846
88.4478
72.1545
74.2103
75.3128
72.6993
70.7779
75.9788
81.0588
73.3163
73.2822
74.2307
72.8269
79.5506
73.8518
77.6382
77.3289
73.7121
74.7457
82.1892
85.4184
79.7114
75.7748
76.0957
73.2665
75.5074
75.9407
73.564
82.6709
76.9608
76.0439
80.7826
75.5804
75.0917
77.535
74.6334
74.354
75.134
74.1254
74.075
76.3426
82.4985
76.4523
77.4723
74.8909
77.0937
83.2535
80.8301
75.8748
74.42
72.184
88.9605
73.9022
127.447
73.7714
79.7975
85.1031
83.9929
72.9563
76.8169
72.7331
83.8608
77.2864
73.4126
77.0133
75.3967
75.3572
182.283
80.2287
77.4017
74.866
73.1622
76.1996
76.7877
74.6176
74.0157
107.546
78.8514
73.1668
75.0319
79.9106
83.2499
77.9068
73.4745
100.537
86.6799
74.6907
79.5527
74.1053
75.0799
80.8262
76.6497
75.9607
72.5771
73.0091
73.175
88.1143
74.8652
84.7216
76.4202
75.4762
75.2477
75.9071
107.942
73.2222
78.0899
71.4073
75.9952
73.6371
79.6661
79.907
76.8933
74.4694
75.0624
73.7848
77.6874
71.1284
81.7687
80.1594
75.3889
75.2241
72.7863
85.9246
82.9891
74.4197
72.4282
82.7779
80.0146
78.2052
74.7779
81.8619
72.9667
73.0614
74.0735
74.5123
79.343
75.2907
71.7346
72.9773
73.7762
71.4997
88.1166
73.6727
73.2344
72.9887
81.4948
77.0807
73.8746
81.7452
74.8297
73.9229
73.1776
72.3423
74.001
74.8949
73.486
73.7592
74.4046
73.6618
74.5988
77.5991
78.788
72.9153
74.459
72.8913
76.2395
77.2079
73.0089
72.5347
74.7009
73.4159
73.0513
73.3656
73.7224
73.411
78.6397
75.0368
77.7001
74.3301
77.1836
80.647
73.4443
73.3607
72.4969
89.4732
72.7573
75.3044
76.0355
83.2851
72.8458
76.1369
97.707
73.1783
73.5098
75.6643
74.3182
72.0624
72.8324
76.5015
76.6219
73.6237
73.9681
75.9166
75.7776
72.6567
72.7885
74.6168
72.9063
78.0728
72.6024
71.9784
77.8454
73.3411
82.6757
81.6512
72.2062
75.1622
75.9222
74.8286
71.4687
72.9346
72.4415
73.8492
73.5505
85.187
77.3553
77.5941
113.706
83.1498
74.0049
74.5731
74.2809
95.0573
73.5322
74.2015
75.2605
77.8885
75.3573
76.778
74.7449
80.6363
85.9213
73.7672
70.9774
73.6882
75.8258
75.2257
76.2091
78.9048
74.1847
75.1319
72.1999
79.5956
72.8461
75.5365
74.3648
75.1603
73.8858
75.5452
73.2173
75.4704
73.8708
76.1426
74.7066
78.1004
76.2997
74.3909
73.3089
74.7657
75.9495
88.2143
76.054
73.9391
76.2716
76.8185
76.6468
73.2514
74.1024
74.4759
80.154
82.058
74.5309
74.4118
71.747
73.108
73.0294
73.7018
73.5751
78.3173
74.4725
74.1811
73.888
73.762
77.8334
76.5679
77.249
79.3323
71.0021
81.0283
81.9445
72.3365
74.7026
70.5168
81.3743
73.5653
74.6769
72.7507
78.3724
78.5051
71.0906
77.3893
78.6339
75.296
76.5815
79.0167
84.628
71.3227
98.2377
75.5809
73.9775
90.0154
76.5841
88.6404
75.8137
77.0364
77.263
81.9486
76.7924
78.9721
71.9505
74.7769
73.1516
79.8773
77.7712
75.0045
77.7052
76.4174
74.2264
84.9414
75.8059
90.8982
85.354
88.832
78.8034
76.3308
74.7411
77.2348
72.621
76.483
77.4234
73.2302
127.073
72.2881
72.992
73.2339
74.3411
73.8676
72.8085
74.0916
74.9708
82.2442
72.8117
98.9955
105.186
70.8385
77.2099
73.9471
75.5176
76.2208
76.3973
75.5241
81.6255
76.0337
72.35
75.4705
72.4669
72.4612
89.3716
73.776
73.9967
75.9684
74.8584
74.5359
73.3056
74.924
74.2241
75.3051
83.4831
74.0635
72.0114
76.8096
77.869
77.6888
73.0783
82.5103
74.0632
73.7542
77.4454
81.697
76.1851
74.404
73.8973
75.1357
75.342
74.1444
71.8936
74.4953
143.954
74.0249
73.5117
93.2418
89.7458
72.7416
74.0743
72.9036
77.0003
75.1488
84.8034
75.8918
72.0146
69.9868
72.5841
83.8357
80.2877
86.9292
71.2742
73.074
86.5081
75.5358
83.5157
75.9642
78.4501
77.3079
72.1663
83.6729
72.7717
71.0222
73.3606
75.2145
74.7489
88.4429
74.1034
71.9666
74.9802
77.2651
75.1494
85.3238
76.0759
86.6026
73.1984
74.0485
73.6903
80.9529
74.1875
73.9992
75.8399
73.1001
75.0666
79.2471
72.4452
71.9194
74.8764
73.0893
74.4949
74.5932
72.7001
72.461
79.2228
76.8691
80.6159
75.5696
74.7032
70.9508
95.0602
74.9882
74.8717
76.6193
89.5756
76.6426
77.0045
75.5665
72.4232
76.754
76.659
76.8785
73.7567
75.0862
72.8725
84.4625
76.4417
74.8843
71.825
74.6354
73.4544
85.8359
131.197
74.1739
72.9242
77.0738
78.0545
72.0957
74.5389
74.7765
77.4362
76.9779
72.1493
154.714
74.4703
73.7544
76.4859
76.5789
73.6359
73.0507
80.4724
72.9281
71.9723
73.9519
81.2286
70.786
73.3316
72.6518
77.0488
75.8898
74.9894
73.4232
75.5931
76.3419
83.259
84.2224
75.255
85.6239
86.3409
73.4211
77.2108
77.6171
75.4611
73.9182
86.6741
73.9923
82.9762
78.0062
77.2388
74.2713
72.9229
77.8424
98.0516
72.1038
71.7859
75.335
79.2304
76.2101
80.7692
82.991
75.3999
74.3432
83.7145
75.5156
73.16
75.1933
75.0115
75.0991
74.3604
74.6082
90.0977
75.7513
74.9837
130.505
75.1715
74.7376
79.3115
73.77
81.5416
73.8395
78.7655
87.5471
74.5277
77.842
74.5488
90.1557
84.8616
71.8294
75.1369
73.3061
81.4807
74.1163
74.4013
73.924
82.3299
76.8084
77.2233
90.6465
74.7422
77.1524
79.9189
71.8068
73.9503
74.1138
75.2476
99.4587
72.5361
73.2445
84.3853
73.6403
73.4523
72.6399
73.7601
74.7156
76.2365
73.8095
74.6444
72.666
73.9188
73.3109
74.8539
76.4893
83.402
74.1288
72.6441
78.6719
74.7371
74.0173
71.0832
74.1941
79.6382
74.8616
74.4149
81.135
73.9377
83.7131
72.8806
73.9597
79.223
73.6837
82.0011
74.6926
73.1737
75.8785
72.9465
73.1765
74.3756
76.7285
83.0767
75.1645
82.9079
81.2369
76.6128
75.3638
73.9773
76.3993
70.2542
75.3653
87.2679
74.9736
79.9357
75.2993
74.6755
76.0679
72.7449
75.1165
73.2651
72.197
76.4758
76.4752
76.2289
73.7104
74.3388
81.4147
72.0967
72.1177
71.1763
79.0441
75.3754
75.9104
80.6968
75.2391
71.9816
72.1567
73.1904
73.6
