91.0912
86.1214
102.089
87.0359
84.9423
93.1283
90.5578
84.5526
100.183
89.8439
86.5141
86.8686
84.5069
90.1883
88.8379
85.9541
86.5096
88.0784
87.4243
88.3109
85.4636
84.8659
86.7001
89.8412
100.441
85.9052
88.0478
85.7753
92.015
86.8675
104.527
115.497
86.9061
88.2209
85.6344
89.051
86.6236
85.929
114.475
100.177
84.9679
88.7218
84.3995
85.6256
86.743
84.9594
89.5399
86.2927
84.5301
89.2234
89.6816
86.7955
86.4544
84.4641
84.311
90.6226
86.6872
88.4743
85.8871
87.524
85.2988
86.4197
87.8708
85.433
86.0085
90.1496
83.1936
87.1716
87.8492
88.831
86.9948
87.0362
93.7949
88.2867
84.5471
101.454
85.1149
85.5276
88.8973
87.311
95.0278
87.8881
88.0837
88.4983
84.4089
86.1401
91.6327
117.482
85.8357
85.7125
82.2514
86.2334
84.3753
86.7856
161.705
95.1791
103.861
96.8028
95.1694
85.9199
85.3736
85.6459
85.2627
92.8605
86.1613
84.3728
89.4247
85.4512
86.5216
92.2554
85.9122
85.3271
89.4545
86.9068
116.762
86.9699
90.5698
88.7288
83.6444
89.8416
88.3523
89.6302
86.8436
85.7042
85.7972
96.31
87.7366
103.459
84.6772
84.3368
85.1754
87.5617
84.9858
92.5283
84.261
83.7133
89.1376
85.2724
100.764
85.7311
84.5958
87.985
95.1062
90.548
89.6828
86.9917
91.4642
87.0447
88.0864
87.5361
85.0054
90.3273
86.8257
86.8042
86.3828
91.7993
86.9899
86.1363
128.816
85.1376
84.1098
86.9913
84.4385
84.1066
91.1752
93.6994
89.0767
85.6283
107.464
87.5648
89.8335
84.6601
86.7827
88.1102
87.0402
91.71
88.7412
84.6019
87.3302
86.3033
89.3897
86.9043
87.7703
95.2831
93.8128
87.9821
88.7981
85.9019
88.3974
88.5426
104.293
103.771
87.582
88.1196
93.8026
86.1817
84.3874
88.1825
85.473
84.8604
85.825
89.9957
85.9059
87.0511
103.072
85.2319
84.4965
90.5094
89.4045
93.6824
84.783
85.6705
87.9407
84.2149
85.4726
85.4501
88.328
92.7544
85.6951
85.6066
85.1183
86.1271
86.3991
87.3276
87.2264
90.2885
102.908
91.6487
96.2702
89.0096
86.0975
84.2717
91.0749
86.9547
91.0475
85.6277
92.1101
84.2331
85.8713
90.3383
84.8785
91.0281
91.2383
90.3715
89.2909
91.2612
85.3282
89.6874
87.9531
92.8979
82.9113
232.043
91.9359
87.0904
92.7722
88.1356
91.9175
86.227
108.293
93.1267
89.7003
336.579
107.936
88.3618
87.6659
96.1418
90.8008
86.4249
87.603
110.373
90.0673
105.349
94.9847
85.1458
84.6491
85.0493
145.64
83.2863
87.2942
118.203
86.8686
86.7203
89.1344
83.9387
84.632
86.2129
97.0063
85.6033
85.3446
99.7162
88.8947
88.5958
100.783
90.2676
84.3061
91.8079
86.9559
90.645
86.0265
86.4746
83.4719
88.4317
86.9995
86.7726
87.8491
84.8115
87.7933
86.3284
120.603
87.3773
85.2566
92.176
85.322
83.6184
85.5229
90.2481
83.7547
85.268
93.7349
86.6692
99.335
97.495
89.1481
84.2424
89.3648
85.823
84.4305
89.5493
90.801
87.168
91.2764
87.2012
89.3442
86.4456
101.986
88.0707
83.7339
87.3486
86.6629
88.951
87.6121
86.4865
86.61
90.6724
87.248
84.586
96.8784
85.5462
87.5714
88.5917
86.5411
85.7671
98.6651
84.7128
85.3191
83.9184
84.9819
89.0943
85.8356
86.121
100.874
96.6734
84.1587
85.0183
86.0591
88.0613
85.3102
87.1832
101.061
84.8168
87.0991
89.6799
95.4513
89.0824
86.0193
94.741
93.7616
91.5051
83.5095
102.087
91.56
86.8676
91.2341
87.0101
83.6292
85.1588
86.6364
84.7822
90.1642
89.9388
96.7108
86.3315
87.7682
88.6486
90.9351
87.7001
88.3163
92.4045
85.1573
86.3611
89.3288
92.9469
85.2142
86.7658
94.3462
88.2637
86.4215
99.0864
85.0392
89.5205
90.1887
84.1465
88.5664
85.9205
84.3197
87.1627
87.9773
87.6859
87.9566
94.1995
90.1035
88.4017
85.007
86.9497
90.4209
84.4476
93.1356
98.1771
88.0782
86.2092
84.8956
91.1315
86.0819
87.068
85.3623
89.8851
87.5864
90.8784
88.5799
83.353
84.6502
123.733
84.5047
113.421
88.3927
86.4453
84.7368
85.8304
86.1979
89.6363
86.7313
85.1006
84.5193
86.0437
84.7029
86.019
83.5425
88.8502
85.0049
92.9385
92.2052
86.4718
95.8483
93.968
92.6494
90.4589
90.8283
86.3006
88.1773
85.783
86.6961
86.2838
88.3152
85.6374
86.2252
85.2222
84.866
88.8757
89.737
86.4255
87.482
87.0419
86.516
85.5515
88.065
84.2467
86.4781
88.0432
100.386
88.8512
91.8289
87.3676
86.2035
117.412
85.8475
84.8965
87.9339
84.3236
92.0596
87.9413
85.1888
87.3099
90.1664
87.1702
83.3874
98.9435
92.0822
87.5373
85.9899
92.2191
94.7229
86.3973
87.4225
86.2367
104.109
87.0252
84.7103
91.516
85.4896
89.3965
86.2121
88.9114
86.9424
84.5806
98.8699
84.5591
84.9439
85.2667
87.4351
90.4312
85.2044
88.1975
84.6143
89.1208
84.8138
84.7502
108.758
89.4074
89.2611
87.218
86.3491
90.322
84.2123
87.4864
87.1484
92.3711
86.9723
83.9816
88.1692
85.3089
92.7191
85.03
94.5361
89.4664
90.7105
88.9439
83.5697
87.9015
103.302
86.0881
113.611
87.0287
83.5127
84.008
87.2814
88.4454
87.3572
262.96
92.7969
85.3363
86.6402
83.185
84.4411
86.4075
84.5346
86.0463
86.7807
84.4229
93.905
84.7415
88.5675
89.9056
83.6877
90.3384
86.1847
117.108
88.0424
87.1461
85.8268
88.098
85.275
85.5178
84.6659
88.3477
89.0348
86.3692
103.831
84.5045
91.4856
101.957
88.6971
87.0951
95.3269
85.5784
88.9828
87.4984
85.672
90.0175
84.3876
96.6594
85.0716
89.1049
85.3396
84.623
94.6192
88.0143
91.1024
90.26
88.4497
96.8455
87.5971
97.4674
87.7818
86.0302
84.9137
86.6277
89.3967
86.042
84.0808
86.3677
88.4941
91.6834
86.0568
99.5442
88.1782
88.564
86.6475
91.3544
154.925
87.5585
84.586
91.4733
85.286
89.8822
107.224
85.2349
86.1099
109.066
87.0761
88.7153
88.1259
84.3024
87.239
85.6011
85.995
85.9802
125.524
93.7481
86.8141
137.891
89.5615
85.8203
92.3988
103.282
84.5334
89.7989
85.9833
94.4378
87.9974
101.821
86.8788
87.0096
89.5255
90.4591
90.6545
87.2874
105.273
88.9019
88.1908
84.9352
89.3569
89.2336
87.3861
88.6136
88.4142
86.0369
86.665
83.1372
170.782
84.8886
95.4345
85.4296
92.7602
95.5293
85.0232
86.3781
98.6044
86.9933
83.4904
84.2714
86.505
87.9609
85.1174
86.3128
134.139
86.5807
85.1462
93.5202
85.3299
87.0664
85.8599
87.4197
88.9945
89.5249
86.9742
89.2157
89.1772
87.5208
86.7009
86.725
89.2001
86.4946
88.2913
90.7115
87.6845
106.032
98.5046
82.8582
86.5403
85.3256
85.9961
89.216
88.9319
87.4208
88.0186
87.8704
90.1198
97.0585
91.131
96.8123
86.9212
84.9894
84.6677
90.6191
86.462
88.2928
86.3429
87.8236
83.6446
86.2675
89.3085
86.1825
84.7163
94.7118
92.0398
86.031
93.3682
97.5204
86.8568
87.3022
85.5565
88.1005
86.6333
98.5686
87.8738
87.5961
85.7492
94.8894
83.9871
85.3256
86.6413
115.251
84.4692
87.3143
87.6339
85.9852
86.3569
97.1838
83.8548
86.9178
86.0606
85.9894
88.9578
89.6545
90.7795
89.3108
94.526
87.0477
114.759
88.7536
86.1361
87.8837
85.0286
92.806
86.6313
87.1004
85.1262
85.7294
89.0774
88.9909
87.113
84.5795
87.9074
85.999
85.792
88.0993
88.127
88.7132
87.3533
86.3048
86.1508
83.8965
84.2169
90.1875
138.104
113.879
84.5613
83.0112
86.1544
86.1991
89.7348
83.4562
86.8847
85.0533
86.6449
90.3515
87.3208
88.0164
90.3619
88.8286
86.3526
92.1518
86.4414
91.5012
85.0009
91.131
86.2842
84.4683
94.361
134.004
87.1786
86.2351
100.891
86.8138
91.6706
101.827
88.3451
93.2272
86.9499
87.7687
86.8997
86.3278
88.5367
87.7252
83.695
88.0253
85.6536
95.3251
86.0305
85.269
94.7628
86.7613
85.1833
87.0943
91.5907
92.9571
87.4845
87.2913
86.7229
88.0515
90.1741
86.882
88.379
85.541
90.085
84.4664
86.2369
86.625
86.9854
83.2317
83.5055
86.2458
89.9805
96.95
86.8336
89.6026
84.4289
88.6548
88.6154
84.9052
84.367
85.045
93.0122
85.968
88.0716
84.7958
94.2663
84.9595
85.2936
86.7397
153.815
85.0297
89.3876
188.348
90.3116
86.5613
85.385
85.848
86.1581
84.5459
86.6173
96.0421
87.6848
85.7016
88.8507
84.6505
96.8668
87.3845
89.2355
97.6539
84.6982
85.7853
85.9974
83.1463
118.06
86.98
91.8508
92.5305
87.841
90.2457
82.8366
84.8747
91.1929
86.1364
89.1365
116.651
85.7718
88.0955
90.9097
95.2179
88.1805
87.7692
87.9693
83.6754
85.483
88.0538
105.388
92.0877
86.9351
96.7963
87.5002
85.5964
88.9777
84.7807
86.1258
95.0616
86.9795
85.8659
90.8
84.904
92.7505
88.2013
91.3021
93.073
85.4672
87.9583
85.0742
91.5627
93.4846
85.2751
115.665
89.6732
84.619
96.0946
84.0978
87.1134
87.662
87.0122
84.4917
89.7565
89.1076
86.0864
88.256
86.5306
86.4284
85.0482
86.7511
85.5497
87.9824
98.5944
88.6202
86.8108
89.1064
96.2838
96.1605
84.6859
90.2346
93.4295
85.8362
87.4659
92.6463
88.609
86.9403
