94.6596
89.6986
89.3914
94.834
95.1721
89.6358
96.9883
90.9799
87.1438
97.4108
92.1868
114.563
93.5741
92.0869
88.083
89.4008
87.5027
89.6767
87.728
92.5184
94.313
87.197
86.2011
87.3474
92.9548
87.5042
108.324
88.8329
88.2581
85.7647
90.3289
87.874
105.315
95.2438
88.5735
93.2939
87.725
90.3525
88.7414
109.547
86.6625
92.5189
90.3629
92.869
87.3505
88.1257
87.983
97.4912
88.8769
90.283
87.5785
87.7211
89.6304
89.2904
87.1214
89.3802
87.2441
89.1133
90.4105
88.5786
88.1228
87.8055
89.5809
91.0322
92.2302
90.0166
90.1773
87.6127
95.4788
86.5361
87.1795
91.0096
87.4116
87.7878
116.194
91.0959
90.1324
88.9742
86.4245
92.094
89.6295
92.9426
88.031
97.0332
91.4145
86.859
90.8128
93.2368
88.4394
88.7529
89.1596
94.6539
87.7806
97.9269
87.6988
88.1172
106.239
86.8036
91.1185
90.5224
89.7431
92.2063
89.8971
89.1084
90.3379
86.7414
87.581
88.3916
90.9201
266.062
87.0584
105.065
91.1869
95.0455
88.8963
88.4647
90.9938
86.418
87.8491
89.4247
90.7994
90.0367
86.6644
88.2586
89.1622
104.297
89.6844
114.362
87.6543
101.372
93.3759
98.6598
92.1778
84.1059
88.4106
88.0312
88.832
91.5099
87.3697
88.8611
88.0117
89.3626
89.6085
91.9456
88.5486
89.7364
89.998
91.7189
102.587
87.6923
96.1522
90.7221
88.2701
87.6827
90.0799
90.7882
88.0205
105.465
99.294
90.2407
86.6288
87.6371
92.8266
93.1769
114.555
91.4629
93.3017
90.8299
88.9283
89.7784
87.4416
100.878
88.0998
94.6066
94.4134
91.2346
96.1456
89.3018
88.7307
89.5998
91.4164
89.8264
88.791
98.2599
91.2461
87.5178
86.6727
96.5495
108.517
93.5797
89.1067
90.5743
86.8507
87.5024
87.5646
88.4899
93.9387
89.8418
92.0612
92.8654
88.3925
86.7819
100.913
89.211
89.3974
90.8743
92.0382
87.5922
91.0077
87.092
87.9815
88.8842
95.6458
88.8417
93.5465
100.073
88.4442
93.4107
91.1249
90.6558
87.8074
105.249
95.7641
92.6835
93.0404
105.911
98.3272
92.3625
88.0653
123.372
90.1297
89.5949
88.3375
107.482
91.15
86.9436
86.6324
90.9162
88.1334
96.8866
87.9972
95.5403
91.9255
88.7129
88.3336
89.1467
89.518
90.5764
93.6188
89.1041
87.9539
90.2675
87.0307
88.3913
88.9641
88.0613
88.47
93.2537
94.9956
88.4153
91.2256
87.5656
88.5405
89.0822
91.1381
100.665
87.9112
88.5879
89.1836
89.2956
88.5416
90.2069
89.6927
95.7895
88.9931
86.0967
89.2908
108.914
90.8835
88.031
85.7819
91.7215
87.3081
98.297
87.9483
85.9439
89.8298
93.4215
91.1989
89.4907
88.4482
87.1336
90.0817
89.1348
94.778
93.4648
89.5053
86.9017
102.863
90.9839
96.3505
90.3782
92.6982
89.447
87.8461
91.3472
90.7898
90.7615
86.036
86.5377
86.6883
88.5947
89.8803
90.2506
89.5163
88.5014
91.6438
91.2491
88.5043
117.961
87.9645
87.4154
87.0184
104.151
89.8177
92.2456
90.5317
91.1686
88.6754
127.411
91.2669
88.8984
87.6798
88.5132
97.5016
236.579
87.3952
94.9174
88.3889
96.7192
90.1498
85.8768
88.2124
89.2209
86.6286
84.92
88.7395
89.5213
131.078
88.5317
93.5692
90.2208
90.5711
88.8726
85.8483
89.5829
86.8404
93.737
88.4559
86.2236
88.4843
88.6308
88.6349
88.6026
101.744
88.9712
89.7213
91.0057
89.4756
94.492
90.6971
106.786
88.2247
89.1129
90.5123
89.5403
85.7596
85.9739
97.0194
93.1154
92.7223
91.3223
91.7854
88.7284
95.3021
86.0275
93.4299
91.9653
89.4156
89.524
87.8958
96.4415
87.8502
87.9563
90.4198
91.4869
94.0686
95.4307
88.1417
87.6702
88.98
93.129
94.1511
89.1079
92.233
89.1004
87.3157
88.4795
90.1955
134.703
103.071
88.4595
86.5097
92.1725
89.225
85.9673
92.4891
91.4352
93.0534
86.7301
88.0029
245.589
88.9387
92.2636
88.9715
90.2767
90.0437
88.9929
89.6076
90.5939
90.3829
88.3346
88.7158
152.153
93.6394
90.2173
95.277
87.8947
88.0801
98.6658
96.1102
95.2207
90.239
89.2563
96.1504
88.7762
89.7735
89.0347
89.9377
94.9911
88.8503
89.8491
87.6667
100.001
88.2281
88.8566
89.1728
86.4865
91.8986
86.9711
89.6746
96.2075
92.8567
88.097
88.6681
88.8984
92.646
85.2411
93.6693
86.3948
89.7203
91.284
87.9864
93.6322
89.5381
88.8641
90.2484
89.9559
88.6235
91.6373
90.6779
90.6125
86.7707
94.4422
93.0025
86.2047
87.6929
89.0802
87.675
88.308
88.8936
89.2009
88.2548
91.7566
86.531
86.9662
86.6496
89.8434
89.9092
87.8077
86.7811
87.5219
88.82
93.5745
89.3865
100.937
88.2912
92.0776
88.1111
86.5627
87.7498
86.9879
92.6227
119.579
89.4764
90.2671
93.1756
92.3951
87.9772
92.5297
86.1374
92.617
96.5407
87.8079
93.3055
87.3445
90.9698
98.692
90.937
89.1883
87.1584
94.7723
92.4812
96.3505
90.0182
95.5018
89.2575
97.1042
92.2069
88.7708
86.18
88.8867
91.7926
86.9181
89.2009
108.944
88.072
88.5936
100.294
90.5045
89.7945
87.1104
88.4315
89.2355
117.783
88.2952
87.3706
89.4664
95.6838
88.156
87.5276
87.5633
90.319
93.8076
90.2797
93.4113
88.8124
85.3756
97.0547
89.5113
90.369
88.3589
88.4196
95.1321
89.8315
88.2096
95.578
94.1397
91.6352
90.3815
89.0254
88.5981
89.9231
88.4694
87.8305
88.283
98.21
85.302
88.4462
90.2636
86.9669
89.0995
87.1087
88.389
85.9625
89.4939
87.7568
89.9548
92.4471
89.1218
90.2487
112.093
90.7909
102.105
95.3602
90.8266
88.5669
90.5628
91.5491
89.1779
88.853
89.0632
88.1732
93.2101
87.2365
89.626
95.7508
88.2067
90.7902
92.6124
87.8462
89.5977
94.0797
88.9533
88.3263
89.7934
90.4261
89.0533
89.5162
89.8675
103.335
90.55
89.6857
86.5388
87.4124
89.3236
89.7893
92.3835
88.4577
86.9884
94.2666
90.3466
90.8305
94.0639
101.806
96.7203
90.6759
87.8777
98.8904
86.9743
95.3331
90.1895
91.0593
86.3454
92.6304
104.618
94.824
88.9539
88.6217
87.8876
87.6827
108.299
89.68
91.0891
86.5923
90.2491
90.7681
116.006
94.6417
89.0524
91.4634
86.1528
88.154
93.1924
89.0459
88.6119
92.1686
94.5017
89.3391
88.3961
89.0204
87.9217
89.6328
90.5976
91.5639
88.578
85.2761
118.103
93.0909
87.4662
89.7583
89.7443
88.1213
95.0014
98.7871
107.485
89.3615
89.4391
89.6068
88.6417
89.3455
91.7056
97.1273
90.3837
91.803
96.6928
88.2692
89.9682
90.4039
92.0338
87.7942
94.3838
110.941
92.8974
92.4244
87.3674
93.1207
103.965
96.3081
92.0344
94.1412
86.3559
91.019
91.3367
92.3472
89.862
89.7317
87.4219
101.273
96.3262
98.653
105.953
88.0666
87.1779
90.1067
86.0352
89.4567
87.9597
92.5367
87.3088
91.035
88.2962
87.5667
88.5913
92.498
93.1142
95.5386
92.2282
89.4539
91.6695
98.887
89.7406
91.0662
89.4406
86.652
92.3239
94.3788
89.8555
89.9914
101.471
87.9419
92.0855
89.0966
92.447
89.6831
92.6273
91.4082
87.7352
100.86
95.0772
90.4462
87.234
87.2229
85.9356
93.4242
97.4498
91.5076
90.1076
92.7619
102.593
86.6266
89.009
89.3373
89.4054
85.6604
92.0299
87.4227
90.0031
87.5728
86.6005
90.4791
87.1772
90.6185
88.906
88.5249
90.2071
90.3343
94.9861
99.3508
87.8742
93.2728
87.8514
89.9436
101.675
91.4688
88.2197
93.5149
106.899
91.2568
105.649
92.0665
90.056
94.4893
87.5562
90.6149
89.7629
94.9767
113.64
87.2184
90.3206
98.497
88.4843
101.892
89.5743
84.3795
88.4453
94.529
87.0203
95.4186
88.4052
87.8037
88.6332
89.2393
88.4542
100.024
86.9202
93.4094
88.0034
92.4287
91.8314
90.3989
88.2358
90.0414
90.9381
90.377
110.888
87.1427
134.34
90.7017
102.501
95.815
88.7648
90.1705
93.7057
90.7547
87.3633
87.5138
88.6014
91.0994
89.9122
99.0445
93.5207
91.6308
88.6784
88.6756
87.4745
86.745
90.2759
87.5539
92.088
87.969
108.378
88.7772
91.4977
88.4883
88.0488
86.1666
90.6032
90.8599
122.226
89.2511
104.386
87.1384
88.3457
93.0602
92.0334
92.7324
87.4779
91.0046
87.7672
89.2894
89.4826
90.4244
91.2329
90.2662
87.9445
89.7552
94.934
90.4524
92.2453
95.8541
94.0015
89.2284
86.6899
94.0241
89.7801
88.6493
85.9427
89.2281
88.8166
88.0363
89.9001
94.6007
89.9169
88.8501
95.5134
87.4728
90.442
92.8519
88.5451
92.8221
89.7722
104.812
90.6584
133.955
98.0977
97.1369
100.973
92.316
85.8523
91.4166
88.6832
88.0022
96.8468
117.306
87.2048
90.2515
93.3652
93.8688
91.6403
88.9362
96.4257
98.1712
100.673
90.6597
90.2607
86.0533
88.2986
100.726
115.505
88.6783
90.8807
110.923
88.3369
89.7979
123.973
88.9614
97.525
99.8159
94.7541
94.4192
91.4483
89.1929
86.4579
90.2349
90.0363
91.1992
90.7899
94.4881
92.3539
88.815
91.6997
87.1079
89.2106
89.6839
86.5858
90.7415
134.494
93.4417
93.572
89.8003
88.5843
87.7566
92.8681
99.9139
88.1661
88.5476
89.2998
96.6529
87.2815
87.187
88.7428
87.9409
85.4433
86.8955
91.221
93.6084
98.6255
87.7721
89.5003
89.5203
88.7838
113.532
88.7623
86.8615
86.4867
102.703
99.4807
90.2322
89.2458
86.6862
91.4111
90.6546
88.8506
93.0173
88.8625
91.7709
93.9924
87.5378
88.1497
88.1684
87.3395
87.9917
90.3066
92.1808
89.0076
88.4501
87.7848
88.6182
91.2544
127.84
88.796
91.648
86.3497
85.7849
99.1875
93.7839
88.7351
92.0354
90.6491
89.2034
100.733
88.3625
85.9889
87.6585
85.8578
91.0005
88.5753
91.5313
87.2641
88.2492
90.4121
90.3436
87.8857
90.8711
88.6221
91.3067
96.0377
98.0036
90.4618
88.2661
87.3852
88.2991
95.4219
89.9393
90.3382
87.0126
122.274
89.7542
104.835
103.278
85.5835
88.9091
99.4181
87.5196
87.9225
95.4766
90.0141
90.893
99.7947
105.498
92.1013
99.0728
97.7206
91.3829
85.6452
96.1916
94.7571
90.1551
90.5265
86.8686
90.1111
88.689
87.2733
88.2228
89.2784
118.08
96.9018
88.549
88.2918
99.2721
112.552
89.7697
94.5464
92.6591
89.2083
108.866
87.7742
90.8773
90.0685
102.249
93.9431
90.0033
92.1693
89.0997
87.9189
89.471
96.1896
90.774
90.1242
88.5936
88.7601
91.7577
90.8467
89.0686
86.1415
102.183
88.2948
90.3617
87.1336
90.5362
93.3178
87.2552
88.7258
89.7655
87.3263
86.6743
89.0295
88.5645
89.1051
87.0836
89.487
87.6482
89.4605
121.293
87.5728
90.7828
88.4884
91.9574
88.2805
90.5828
92.5172
