71.1614
61.9573
66.0913
63.3749
66.0877
64.9256
64.4735
66.3162
66.5446
64.9716
64.1103
65.4192
64.1477
67.0246
66.0093
67.8847
65.7229
69.952
65.8187
69.3852
66.241
66.9729
66.7686
66.3049
64.4572
60.951
67.1417
68.6603
63.7856
75.3632
63.093
68.6032
100.055
65.5192
66.8726
63.6449
64.6761
62.4954
67.5381
81.4149
70.1648
67.2162
66.6381
65.9681
68.9853
65.2245
63.1818
74.3671
64.2607
64.5237
63.1304
68.7786
65.704
65.1645
69.8467
128.636
64.1601
62.2926
91.7475
86.7215
70.1756
69.2616
71.9327
62.1123
66.8077
67.1731
63.2937
67.8226
65.372
64.7351
67.6474
66.487
63.3093
65.0224
80.6599
77.7763
88.0321
64.4607
64.7888
64.562
72.3267
64.1962
67.2073
67.7903
64.542
64.8819
64.9628
67.864
69.2563
62.0452
97.5667
79.2361
71.9752
63.4818
69.4298
66.2632
64.8128
71.5887
65.8611
67.2389
65.7128
