66.0811
63.6256
68.5294
61.4087
63.4194
63.6877
65.6115
65.0824
61.6583
64.3755
62.8311
64.506
63.2142
61.942
63.8141
62.6076
64.8859
64.8149
61.5781
65.9468
63.4819
61.9154
62.7912
66.5679
60.8099
60.9661
65.5751
61.0041
61.1415
62.447
62.6021
70.0882
59.3162
62.3151
67.8117
64.654
66.9501
62.1394
59.6341
64.9406
61.8934
64.0833
64.5135
60.5195
63.9885
63.4084
65.1379
64.3713
70.8402
60.6199
72.6494
62.0179
66.7414
64.6221
67.8083
61.451
61.5437
61.9862
65.8117
69.5703
65.7404
62.8393
66.4992
62.0308
65.0056
62.6893
62.9697
60.8701
61.0263
344.578
62.9557
122.567
69.4023
63.1012
61.4367
63.1776
61.2786
61.2545
59.634
63.3433
70.6777
62.0428
62.378
66.9243
62.7894
60.3518
61.0831
61.0472
65.7672
69.1687
62.6729
63.368
64.9505
62.031
64.7768
62.5299
62.8732
62.8164
65.7006
69.1601
63.6231
60.6172
68.8285
65.474
61.0871
64.4553
62.252
66.3481
63.5778
59.0533
63.2021
61.2487
64.1022
63.8163
73.9057
66.1285
60.3982
67.6398
62.1774
63.3447
69.6578
74.1313
63.2973
69.822
68.469
61.3111
67.085
65.7013
61.1326
61.3234
60.5446
59.1147
64.2397
66.4653
63.9772
61.9917
62.4048
62.2058
67.4056
59.2171
65.3514
62.115
61.5813
61.8788
61.1842
63.1944
69.8674
63.5305
64.0328
97.1961
65.6102
63.8856
62.7141
61.5251
63.8247
62.1632
60.7805
67.3795
60.6286
79.2367
62.475
91.3354
61.3673
60.5369
62.4246
63.6763
62.7791
64.3098
60.4061
62.3027
62.992
65.0439
64.7942
64.4038
62.5797
64.3765
63.6594
59.6138
73.524
62.0983
74.0943
66.3443
70.6587
64.6854
60.411
62.0265
64.6859
63.6835
61.5957
65.8231
65.0924
67.2092
64.4339
61.8775
63.8915
66.1258
64.1292
60.8868
65.0505
82.0089
63.5988
63.4311
66.5963
62.035
62.1421
63.6278
71.3414
62.0889
64.0121
62.1959
63.4125
66.0957
60.8057
72.0057
61.7204
62.7659
66.5624
72.9892
65.123
64.1382
61.4051
60.19
68.0266
88.698
62.1319
63.7985
61.9942
64.1507
61.9739
61.2169
85.5823
66.5352
67.1594
61.5956
77.6599
60.6056
61.7923
63.9009
60.1791
62.9867
66.3513
66.602
64.0433
69.584
60.0285
62.0755
60.5301
60.4481
68.4155
60.8579
85.3972
62.7648
63.0109
68.6878
61.6074
60.6147
62.3791
74.8523
66.3732
71.0764
62.852
59.8008
61.4336
142.963
60.3764
62.6069
69.608
63.372
61.1925
62.3764
60.9243
70.1087
68.1038
60.6545
62.3579
65.2668
62.7498
65.5957
62.0419
67.275
64.7105
61.1445
61.7874
71.49
62.1915
66.0466
69.7708
60.8014
62.5347
66.5125
58.8618
64.293
61.675
61.3015
62.3053
63.4683
65.402
61.7062
60.6048
70.0574
60.2736
66.996
67.3596
63.549
63.209
60.1721
65.41
60.7273
67.2355
75.1937
65.2193
60.1662
71.1282
60.5088
63.706
67.8857
67.8372
65.1601
65.6328
62.1031
67.462
63.0422
67.6589
63.2433
64.0507
74.1754
78.518
70.2465
62.4486
63.5432
59.8663
73.8967
62.88
63.8436
62.0392
62.0505
72.0562
60.9031
59.8369
199.15
85.1004
61.5669
63.5016
60.6506
63.0767
64.5086
63.9444
62.7525
61.1457
60.0173
61.3693
60.741
61.3106
63.666
61.8055
62.2041
64.9486
62.8582
64.5479
64.5357
105.875
61.7983
61.1122
115.751
66.9855
62.509
62.4654
65.3081
73.168
60.634
62.5563
62.1596
61.4349
59.024
60.5232
67.8535
66.0587
60.5951
64.4081
67.3413
62.0904
63.9691
63.2937
63.4004
61.4783
68.0066
68.3132
64.249
59.9711
75.841
62.5996
62.1312
62.9068
61.8509
60.7013
60.9635
61.6136
67.105
59.903
66.1755
66.1199
74.2304
62.3787
66.491
62.7252
63.0386
62.6494
69.4519
60.099
60.3778
61.9226
64.1318
61.1696
68.0115
69.0099
61.5744
62.4876
61.6865
63.4376
61.9239
63.3133
62.9896
63.6618
63.7995
75.2158
63.6793
92.1239
66.3388
75.9478
63.3875
72.2462
63.2318
63.2109
67.3261
63.7824
61.6059
65.7941
62.366
71.5488
62.8946
62.6172
63.5735
67.4078
69.542
64.2667
63.6881
59.5462
64.9027
61.5997
128.947
64.4225
58.9344
75.1526
63.8634
64.2372
65.7087
79.1242
70.7742
60.3548
66.0707
61.6935
64.4363
68.9322
74.3718
62.4868
67.7172
60.5356
61.5229
65.8593
65.0911
61.3434
62.6805
63.372
61.7959
63.1314
61.6641
61.0247
60.9177
60.7506
65.3861
61.3259
60.758
65.4166
60.7023
64.2988
60.0689
64.4261
68.2211
64.2551
64.9502
64.7488
63.6406
61.9702
61.9237
62.8369
67.4757
62.1008
63.922
63.1764
60.8416
68.7689
63.9225
62.871
60.4492
76.652
64.4446
65.1119
62.8118
94.7007
63.1451
62.8243
64.2111
65.4257
63.0461
65.2469
61.9124
85.434
116.108
76.6493
65.883
61.3817
91.2651
60.5415
66.6523
61.3873
71.0168
63.4631
62.7869
66.9536
63.5397
61.146
64.5596
62.645
62.7445
60.9664
64.4358
77.7733
62.4562
60.3653
60.9681
59.0978
62.8371
61.9514
62.9514
63.002
65.1732
61.2688
63.1374
61.4576
60.5406
68.5587
60.6009
69.9571
159.024
61.6296
63.5543
63.0174
58.3371
74.578
62.8376
60.8292
65.2804
63.2348
68.2559
62.0885
63.3013
63.2519
65.5036
183.712
65.384
63.8962
79.5882
59.7425
60.6944
63.0117
61.7171
67.796
61.2336
63.5594
60.6771
62.2918
65.0892
60.0134
61.7896
61.0336
63.1661
64.0916
62.4762
71.3433
62.5996
72.4748
61.5213
63.2847
69.3288
72.7746
60.9137
66.4241
61.1922
80.1321
62.8654
68.7867
64.2729
59.7457
78.4276
62.2391
123.148
64.9405
63.232
69.8447
60.0075
72.357
74.856
62.4224
62.6438
60.0912
65.1365
60.3558
67.1451
62.6873
64.8133
70.2263
81.6214
63.4466
66.2699
61.4763
68.504
62.3947
65.2819
60.0511
66.7888
61.9946
61.0395
64.1582
66.0768
61.4192
68.0857
59.6323
62.295
66.6835
62.1143
63.6297
63.6752
60.4458
70.09
60.7503
61.6783
70.8034
62.105
69.5022
62.3581
61.9513
68.9304
65.2024
63.3419
61.3341
63.7471
67.5828
63.655
64.1499
65.4537
71.1699
67.0564
64.6485
62.0116
66.28
62.9762
64.2083
66.4735
68.9517
65.0166
59.0898
64.2028
60.9566
76.0251
72.0937
63.9759
61.0097
63.1718
66.5726
60.2631
65.3083
86.4703
65.7308
67.313
66.2207
60.6696
59.3314
87.0495
61.3385
60.8246
64.2856
63.0518
62.5367
64.5059
62.5658
63.0363
60.9723
64.1085
61.9858
63.5949
64.5354
63.589
91.2925
62.926
63.3244
64.249
64.6338
63.6575
64.7016
60.3488
63.9415
60.5737
62.7452
61.0727
62.743
66.4618
64.1913
60.861
61.8075
59.6189
62.0986
69.9247
61.9188
63.8338
61.0013
66.4435
61.3684
61.725
64.6083
65.2728
60.6085
64.2777
63.403
65.463
62.7276
64.2811
67.9374
59.7704
75.0932
61.874
59.6205
64.1174
61.84
61.5515
61.011
61.7481
59.4112
65.7641
61.5929
61.288
62.1356
65.4694
66.538
71.6392
77.0256
62.5891
62.2985
61.4556
73.4156
64.2488
61.7611
65.0522
60.8461
61.6254
63.6219
62.8079
76.3314
60.2615
59.3364
62.5924
69.4446
65.8514
62.1143
73.3579
64.8836
64.7584
65.5545
64.8004
65.7536
68.1846
62.5769
68.1486
78.5206
64.9634
70.7733
61.2626
70.3336
65.9153
62.5822
63.9429
61.3981
61.3434
60.5745
61.7933
64.6716
62.3629
101.569
67.4788
64.3017
60.201
69.46
63.6814
62.2469
62.5865
63.3447
60.2513
62.4196
69.5717
62.7591
62.8214
59.7245
65.8152
61.3647
64.1229
65.9863
62.2419
61.3561
61.9666
61.4729
62.5378
84.9188
61.4693
65.7846
63.7699
161.155
60.0961
61.7209
63.6759
66.4331
65.3034
64.0221
65.2521
62.1126
65.7056
62.6589
60.316
62.8419
63.8382
61.8528
63.347
60.1393
64.4173
60.3107
67.7017
62.6259
64.2775
63.0204
64.877
59.181
64.0239
63.4479
66.0011
76.8494
69.1995
64.7258
62.5961
62.5592
71.6048
67.5948
62.8495
63.6698
59.2307
62.1965
62.0553
62.6481
71.2806
64.1885
60.0312
73.2789
62.2862
62.8422
66.1405
61.5946
62.7207
65.7569
73.8013
61.6637
65.3813
63.5769
72.0709
62.9679
63.6019
64.3307
60.9094
74.691
63.112
61.1041
65.094
61.2088
65.2958
74.3045
63.204
62.9851
63.878
60.2871
62.5955
66.946
65.9546
60.6349
62.0262
65.5698
61.9781
61.7187
62.7947
59.8645
62.7678
67.4855
69.7208
61.9735
64.9037
63.6976
62.0708
63.5973
60.9317
63.5675
67.0836
59.9685
62.1418
69.4546
60.8158
59.2305
71.4693
64.7809
63.4638
62.3061
63.9728
60.6411
66.8331
63.4247
62.9348
64.2135
61.828
61.9887
64.4969
63.4964
61.7017
63.1986
63.2525
61.0537
67.8464
62.3664
67.052
62.4415
63.7373
60.9569
65.5103
63.6003
60.4669
60.426
66.8904
86.673
63.4624
77.0393
64.4465
61.2006
66.0968
65.2285
70.65
60.1222
78.2368
63.504
62.7327
61.5038
59.7952
67.2172
68.5964
61.9582
61.4612
71.7462
61.0403
62.5552
70.6539
81.1754
61.8979
73.5189
63.2131
64.896
61.1873
60.3791
73.0746
60.0976
62.6482
66.5894
63.7426
67.2141
63.5232
64.0435
60.9988
66.8253
68.9958
61.9851
68.1817
62.4151
64.1862
63.5576
67.9936
64.3162
63.157
69.6877
64.7497
72.6819
61.2558
63.3108
62.2571
67.8735
63.685
63.6554
69.9958
62.4692
69.8246
61.5626
123.289
63.1908
73.0261
72.1211
60.9561
64.4135
75.4151
62.61
62.9068
62.393
61.5783
59.3006
63.4231
64.766
61.756
62.9693
64.5696
69.8233
62.8185
64.4066
61.6049
74.5772
65.5194
60.8603
64.4488
61.4169
67.6087
63.1131
64.3879
68.9598
62.2977
94.733
63.1692
64.0519
61.1188
59.4752
63.8849
74.8173
64.0397
60.4393
65.4394
63.7958
59.311
71.1716
62.5304
70.6265
62.7216
66.1986
64.9485
63.1137
60.7906
62.7247
61.2087
67.3536
63.4454
59.8115
67.7974
59.9278
68.9552
60.828
67.4196
69.7998
63.1107
61.9207
71.3572
61.3032
62.7573
88.2034
70.8228
64.8457
62.491
61.2627
71.1644
62.7674
60.4646
59.5532
62.9396
65.1175
60.9429
63.2252
61.7017
62.1452
61.8148
65.1621
65.401
66.058
87.1389
68.4609
61.3634
60.808
64.0771
64.7973
63.5395
64.7856
61.7407
61.9516
67.8451
63.0846
61.4776
62.8235
64.0578
62.6759
62.5239
62.2475
61.4163
64.5118
64.7775
66.254
67.1133
107.379
62.0515
66.7829
67.8767
61.7323
65.1642
61.8356
60.9967
62.0254
63.6625
62.426
62.8997
60.1857
63.2282
66.3959
62.6275
65.5355
69.5388
63.7388
61.3763
58.0258
71.1263
65.7086
66.1885
66.5416
62.174
64.3404
69.8355
63.8929
68.5646
62.8074
97.0259
68.9812
61.6702
63.9419
63.9358
75.9954
62.1103
67.0531
73.3454
64.2056
66.469
62.6884
65.3389
62.4019
72.2588
61.1695
77.4989
65.4149
65.2839
66.6515
60.5102
83.6112
64.0684
69.7908
63.8774
95.452
63.0127
58.6733
61.4902
61.6464
62.8743
72.318
69.1284
64.2788
68.7329
65.0567
68.1475
61.6033
62.3237
61.0355
71.4201
63.5287
62.371
62.5226
72.4024
69.0643
76.6481
60.7069
66.0184
67.03
62.6875
62.5356
67.6953
65.766
69.8223
62.9932
66.6151
65.3642
62.5418
66.1559
62.9997
61.2111
61.737
66.4597
64.2926
62.2535
61.0816
62.9884
65.6976
59.8214
63.2075
61.5726
67.1897
60.7745
62.3195
64.7297
61.26
64.5993
63.6252
62.8682
64.0748
67.6971
73.4783
64.6976
64.095
64.4023
66.4833
65.673
73.7676
61.4035
65.5426
63.429
62.835
62.9237
62.7269
64.2675
63.2654
59.5183
64.4069
65.8556
63.7006
62.4454
60.8293
63.8688
64.3496
63.5556
64.1701
64.7182
63.6311
77.5442
62.2408
60.8842
64.11
63.0433
69.8535
63.5234
67.0287
61.6794
75.4367
69.1518
63.5832
61.7985
62.3663
65.1846
63.3621
70.9306
64.3669
63.0882
62.3855
65.0979
61.8012
74.8354
61.4153
64.5834
66.7685
67.3155
62.3277
67.0828
63.0765
60.2665
65.2648
67.7497
62.4747
69.612
60.7105
72.6727
62.3784
61.2406
64.273
61.406
60.0014
63.381
65.6898
68.457
59.4938
69.5997
60.7846
61.2269
73.9999
62.1588
69.4428
62.9221
96.6055
62.7995
72.3279
62.3031
64.0711
69.6192
60.4191
62.538
67.9716
86.2058
63.7562
66.7056
61.9086
65.1724
60.6432
61.4844
62.7723
60.2261
60.4023
62.0238
59.688
61.5627
64.8648
62.7636
63.6687
62.4417
63.4994
73.2159
84.8123
63.3883
64.7326
65.2181
62.3059
62.5645
65.7488
65.5006
75.3626
65.2175
75.6816
61.5153
61.0681
63.9244
70.325
64.4296
70.2222
76.831
64.2349
62.0262
62.6105
64.8944
60.7784
62.2926
63.7656
60.4743
61.3799
63.0171
63.3334
63.9622
62.661
63.0974
69.1917
62.839
70.9722
61.0076
62.0253
79.1741
66.4033
72.0776
64.4987
62.2997
61.7539
62.5024
65.46
65.5797
62.1539
67.2227
60.9037
68.0441
59.455
60.6855
63.5391
70.1721
63.1512
62.8475
59.3768
61.7839
60.5323
63.5945
60.5668
78.4759
61.9454
60.8107
76.2978
63.5527
63.3883
65.235
64.1343
64.1997
64.5745
93.3859
62.0543
65.4419
59.2023
91.933
64.4801
64.7498
66.477
61.388
94.4215
62.0721
64.5014
61.096
66.493
62.5505
62.0836
69.5868
62.7479
61.5791
61.5588
67.3315
62.268
63.5012
72.9161
62.2533
65.0368
67.9166
60.8977
63.9713
61.0256
62.8406
65.0869
62.2074
62.3593
71.1744
76.284
60.9087
61.233
61.3535
73.8417
60.9032
70.2513
62.3098
61.3974
60.767
65.3236
61.5431
63.9051
68.1428
64.7515
61.1474
64.6842
66.0252
61.5955
64.4705
64.4936
64.3728
67.6922
66.8364
63.4511
64.1928
75.4958
61.7272
62.3365
60.7715
65.037
110.479
61.9149
64.8782
64.1768
68.2048
60.0179
61.2934
59.5937
70.8095
63.2586
61.8316
64.372
63.6587
61.1925
63.9987
64.5364
141.62
64.1641
63.0372
62.1032
66.7359
69.4014
85.4863
99.8021
62.0837
69.2818
71.5785
67.5292
62.7708
63.5739
62.5252
73.8305
63.7269
58.441
62.3497
61.5326
69.8805
65.5938
72.0926
63.7461
60.6353
68.7689
66.8216
61.7696
63.5181
62.4395
66.0628
73.3021
63.3564
63.6784
67.8407
66.971
62.174
69.6594
63.7167
61.2917
65.2876
72.947
64.4378
61.6358
62.782
63.54
64.6761
63.1948
65.8343
62.9827
64.683
61.1092
62.1063
65.4034
61.362
65.6595
66.3222
61.2189
63.6666
67.7541
63.4612
65.6853
65.3839
60.8754
62.4732
74.6203
61.6119
61.3507
79.8229
61.9963
62.1354
62.5484
63.2463
62.7982
65.2653
65.1573
69.6763
62.3717
62.8666
63.6871
61.4787
71.6681
79.1831
