73.0162
75.4911
74.9686
78.1996
75.0218
74.6828
74.3705
78.9279
78.4294
77.6296
76.0876
76.7888
74.2384
75.5631
78.1379
75.4191
76.43
81.4675
80.9584
74.5496
82.76
74.7427
74.106
76.3218
78.8621
76.1773
75.9637
75.8573
74.9214
74.3867
79.0071
81.1021
82.4183
76.5019
73.6266
74.8955
73.0419
75.9243
74.7386
82.5885
101.12
72.9931
95.4446
79.6141
75.7377
99.2952
75.6425
77.1614
100.91
79.7341
82.1262
72.5069
82.7478
80.0316
75.5554
75.9641
84.3368
82.979
83.8586
76.6315
75.4817
74.5857
78.8113
80.2369
77.036
75.1596
78.6501
77.1888
81.2815
81.4104
76.6463
74.2844
77.2371
74.7442
74.1863
74.7796
73.7342
80.2551
78.2078
75.047
78.0648
75.4052
76.5863
80.0897
97.0931
75.4731
89.6751
77.7873
76.3356
76.3226
74.222
74.9462
93.0103
73.8915
80.2251
84.2115
74.8879
80.0491
84.4745
74.9898
117.632
77.2065
72.3599
74.1131
76.9046
75.147
74.8076
75.5322
80.929
85.54
84.5844
72.2334
79.2334
72.9793
82.1006
76.3887
76.1677
75.984
79.2723
77.0061
74.3525
78.5181
77.6353
74.3285
76.0259
83.5503
91.4152
75.5456
81.2869
76.4419
77.7525
74.4372
77.8765
94.3232
83.834
74.5324
78.0381
75.313
76.9459
73.266
73.5588
78.108
74.9347
76.3998
75.4448
74.5015
75.7476
75.3442
77.8492
84.1179
75.9582
81.1066
76.3388
75.3836
77.4333
87.9952
75.6518
76.2928
75.715
74.1412
74.4859
77.3684
81.1219
76.4101
75.8228
73.5714
78.0544
78.5048
77.2559
82.954
117.055
75.7917
83.6933
81.1096
80.0954
96.5896
77.5313
75.7622
77.6436
76.9362
74.7964
76.1663
75.8383
75.2309
88.8477
101.19
74.4833
78.6078
76.2542
81.8184
79.7416
74.9813
75.9436
76.4367
74.2175
77.2364
76.2938
74.0812
82.5042
74.6116
78.9617
72.39
71.7016
75.7463
75.7461
88.1047
76.766
86.6992
80.0978
74.2761
76.2946
77.0062
76.843
79.8248
73.6748
73.3992
78.5505
77.1192
72.9113
78.3677
74.1965
80.594
81.9308
84.3909
85.3031
80.092
82.1327
79.2404
77.5553
77.234
75.1592
77.4893
80.7205
75.6883
82.7463
73.057
78.1215
78.6244
80.8417
76.9167
75.4934
75.7768
79.3302
83.0439
80.6149
80.2537
88.2254
74.463
99.5864
73.0234
76.3225
77.2203
83.0261
74.6777
81.0199
76.7477
84.317
76.4568
82.148
74.5255
72.7104
73.5166
78.711
74.8559
77.9018
74.7762
74.5799
82.8372
74.389
73.6651
75.586
76.2944
72.4836
74.3581
97.4446
73.9891
73.5452
77.4848
78.1791
75.5637
74.1055
76.3268
80.1496
74.503
76.4668
78.501
78.8789
83.0725
77.9787
74.5552
73.4999
76.0698
74.8826
76.0522
81.7898
73.8085
74.5935
74.1825
81.0806
73.2123
78.2052
81.0466
91.4993
78.4824
73.3533
74.4798
77.8735
75.5417
76.0841
81.0606
73.7103
74.2268
73.5674
74.1822
75.9414
74.0643
84.5453
71.5978
77.4448
76.0571
75.0342
72.2507
76.0877
76.1771
78.0833
77.2615
74.1512
74.2056
74.2202
73.2175
75.1759
78.6661
77.0137
78.8591
87.1521
78.8422
71.8668
76.9575
76.9821
75.1897
79.3619
79.571
76.4649
73.9662
81.9806
77.7492
72.4088
85.0365
92.9788
76.8451
103.469
75.1835
75.9911
74.706
74.5278
78.5986
79.0742
75.05
72.7876
76.1386
75.4102
76.9903
74.9136
76.6387
75.1153
75.416
72.7282
78.6938
77.1716
72.7266
77.2965
74.6835
73.6497
75.0109
72.7827
78.1519
75.6757
73.3172
82.3777
74.8822
77.9095
73.788
75.1098
79.5258
80.8163
78.9359
73.5885
77.5351
74.885
74.3268
78.3176
78.4722
78.6787
93.3208
74.2678
74.8616
80.9523
81.5468
77.5146
83.3115
76.6055
72.952
74.8544
75.2107
74.8217
73.1616
83.7255
195.842
82.0957
77.6004
72.7262
85.44
80.8134
75.1382
76.1584
80.8029
79.247
76.1522
74.9226
73.828
75.3961
81.2176
77.1684
90.6609
75.1234
81.4309
81.1686
76.1215
73.0316
81.5019
74.4222
84.7373
78.4676
81.8644
74.5128
77.733
75.2119
75.3892
73.1711
80.249
75.8126
74.9215
81.7574
90.7602
76.1186
74.8582
88.1704
101.116
89.3308
72.9263
76.5428
104.168
77.5526
74.4748
77.091
74.763
76.3889
83.2988
77.8402
76.585
83.3809
76.3108
72.7132
86.0176
81.6912
73.8303
79.4448
81.3506
76.5418
75.2301
73.305
73.356
72.3282
77.4133
76.4043
80.2736
73.4135
73.0845
76.7224
76.8687
77.6618
75.891
72.1927
72.7838
87.4404
74.1656
82.5545
81.2057
76.0686
77.618
76.536
87.4753
78.8457
81.4409
73.1626
104.908
76.4455
75.3108
76.9494
82.3324
75.6855
79.5154
74.3374
80.5828
75.6571
77.5461
74.8423
71.9908
74.737
74.8437
73.8165
89.638
73.6056
113.803
81.2224
73.6079
75.4858
73.7942
79.1472
74.9107
80.7383
76.8835
78.1309
77.1124
74.7331
74.1347
75.0999
74.6015
74.6465
77.6067
74.4712
73.8577
76.8942
76.9829
73.6433
74.5434
76.4922
76.7186
73.9429
74.4145
74.0148
75.9399
77.0792
77.0582
76.7969
77.3627
85.211
74.4291
73.1423
77.041
76.7525
81.3206
74.8228
77.4914
134.235
79.1486
76.484
75.3813
80.6238
76.426
73.6319
83.519
72.747
78.9855
82.1355
74.1018
75.0873
75.3717
75.4795
90.1916
76.7933
79.4041
73.7052
72.951
73.6214
88.6977
75.0963
79.5079
75.2259
76.6648
77.7129
79.6078
86.2028
77.6449
87.1858
82.6587
76.7132
77.3209
75.4165
94.9214
76.3928
74.8769
74.7593
84.4623
84.7447
72.939
75.2562
73.9558
75.7053
78.3644
73.1848
75.3997
77.1131
76.4722
70.6743
74.2452
80.7366
80.0951
73.1835
77.5284
72.6595
74.9558
73.5486
77.5041
73.5692
97.272
73.577
74.0092
84.7865
75.0092
73.882
74.8725
75.7431
75.4103
74.1397
76.9766
76.3309
79.1533
74.097
83.8132
85.1014
76.67
78.3617
76.3187
86.9252
72.6392
75.2373
75.904
84.6666
84.2922
75.4328
75.1344
75.6609
75.2929
73.6677
80.4003
78.0095
74.9608
77.0537
78.8786
77.5669
85.1406
80.4107
75.6506
76.8508
74.081
77.1486
76.4761
76.6777
74.3676
74.9669
77.2708
73.9143
73.3809
73.7109
75.6557
74.8025
75.4166
73.5642
79.861
73.5303
78.0395
74.9309
80.6958
75.6092
75.8437
77.3057
74.1236
84.1549
75.748
76.0843
76.6576
72.9515
85.1735
107.284
88.1864
74.8298
73.6089
75.0111
75.5558
78.1616
74.3866
76.4723
74.0929
77.999
74.7549
74.3946
74.0197
79.951
74.5877
76.6715
74.2159
74.6556
73.7845
81.8712
73.957
74.9336
76.2416
73.9945
73.4816
88.1867
81.8762
77.2459
80.9038
73.188
76.7119
73.7846
77.3452
89.8222
73.7915
73.1427
75.7137
77.5584
78.1883
75.7846
75.0561
73.9359
74.0896
87.0863
77.8095
74.1439
73.9701
74.5414
106.679
77.1721
77.1698
82.4235
77.2443
77.9637
74.434
80.9399
73.0483
79.7432
76.6114
73.5393
89.4302
77.8828
85.1984
75.6852
82.4645
74.8834
74.1095
94.1585
76.0409
76.2087
75.6564
91.492
102.86
78.5002
76.0063
77.2655
74.0144
76.4659
79.3991
103.201
77.4929
79.6474
75.3314
73.9749
75.7484
76.1851
75.0113
74.4902
74.4744
76.0692
77.1848
76.3539
76.9766
75.1456
76.5267
76.0701
80.2561
81.1624
74.2028
73.8668
75.0653
76.8315
73.6264
76.5961
78.822
80.0023
84.0986
78.2613
82.7993
84.747
75.3321
76.0129
73.3906
72.5674
73.6955
76.23
74.5949
76.5811
74.9492
74.5544
74.6717
76.8764
80.6608
75.2365
80.0218
83.9914
74.3761
75.9767
74.6155
77.9689
75.8641
80.7245
74.536
74.9439
74.4273
81.6191
78.2843
74.3702
83.1375
79.6506
75.9145
81.8431
93.1506
78.1163
86.8037
74.7434
75.0801
80.3949
76.6703
75.9902
75.3744
73.2455
73.3565
72.6574
75.9866
89.4978
76.7151
80.7204
81.1999
75.0105
76.4287
73.4487
72.4711
74.8482
74.5459
85.8535
75.0352
79.0844
76.9673
76.1672
76.581
77.0625
77.2011
75.1571
75.2145
74.8802
75.4246
126.488
79.5407
75.5187
76.9865
76.8171
78.8056
72.7784
79.8232
73.1971
85.2229
73.2616
85.889
80.7641
76.4733
77.5535
74.5824
73.9986
78.672
83.4157
73.2298
76.9369
78.1758
79.3586
87.2271
77.2446
83.7572
76.6368
75.165
76.1432
77.8941
73.8919
77.9598
76.0218
75.9829
72.7847
74.563
76.5706
77.4323
76.4911
81.8082
74.5188
72.3243
76.131
92.7478
74.0049
75.8683
88.9746
75.7086
80.4679
75.1804
74.2732
75.3671
75.2006
77.2961
73.9108
73.5281
72.2631
82.5463
73.5429
74.7255
75.0163
74.5433
74.0345
74.3466
72.4714
75.6836
80.4794
74.663
73.5875
74.3434
74.7078
74.6623
76.9929
75.6661
74.0163
73.0946
75.57
73.0256
73.3968
93.6802
74.6391
109.894
79.0342
104.54
76.1729
83.7008
76.2066
81.2603
81.6773
81.9108
75.138
76.8111
103.378
78.6096
75.6061
92.5073
77.578
79.6253
80.9687
77.2909
76.5096
77.9444
112.096
78.0266
77.7375
85.668
75.7272
76.5834
75.5113
77.7673
77.3142
74.3528
75.7379
75.3031
75.9749
76.3716
75.291
86.2926
75.782
74.5616
75.1975
78.9758
80.8699
75.1246
78.6806
82.3892
74.1797
84.1348
78.9747
74.3199
77.0131
75.1221
75.9082
74.7241
75.1233
76.0943
85.9912
73.3323
79.2335
74.8482
74.3263
79.7224
75.9425
78.3038
77.6957
98.4498
81.5932
74.9622
74.1124
75.3805
79.9862
83.7927
85.0179
75.3795
75.4346
75.865
74.2362
73.5663
73.582
73.182
76.5739
76.7332
74.8141
78.3811
87.4196
74.5996
78.5589
75.9751
79.6223
79.0538
76.7112
73.5841
88.1212
75.5144
85.421
73.726
78.8768
80.2141
77.3198
75.2077
91.5745
76.166
77.2587
78.0653
96.8182
74.8877
81.9129
74.0202
78.807
74.2961
76.3734
80.8633
79.2323
75.5316
79.8321
80.7224
74.403
79.5235
75.1136
72.6784
75.7563
75.6024
75.1514
77.9118
76.7612
77.4893
77.6299
78.2054
73.8583
76.8282
76.7986
75.0317
76.0024
75.5528
84.4226
90.345
75.0258
88.0744
81.1619
80.7371
77.7314
76.3572
75.5679
75.0812
76.7562
74.7294
77.935
75.8284
82.8297
77.3567
78.1753
76.0326
76.3898
75.0082
82.387
77.1245
72.9572
74.2975
74.6107
84.4884
76.7758
78.1211
75.6563
74.3318
79.2166
75.8026
75.7047
73.4042
120.351
77.3824
