67.2265
77.1471
67.0311
75.8719
68.9197
68.8672
72.1397
73.8306
74.3807
66.8394
71.003
68.719
71.2737
69.5138
69.1334
64.6737
76.9907
67.5056
66.887
67.7364
68.4813
71.097
68.8253
70.0148
74.1334
68.3926
66.8455
70.8691
73.4032
67.5265
68.343
74.5109
76.7009
67.3519
69.5624
69.041
76.0202
68.9598
70.8132
82.4839
91.2085
69.5032
66.4628
72.9216
115.016
68.2774
124.366
71.2271
67.8357
67.6359
66.0465
72.0307
69.0127
68.0992
70.12
68.9089
88.2289
74.5972
73.9397
77.0916
70.7083
78.406
71.9298
68.1174
67.7906
69.5008
67.6179
80.4709
68.1494
70.0156
66.4595
90.6381
81.0346
74.5154
74.9883
65.4003
71.0677
68.336
69.3448
65.7988
66.9838
69.3126
69.3044
72.8248
72.7847
71.043
74.4766
67.8565
69.392
70.9999
74.0287
70.2256
72.8453
68.5487
67.3883
83.1082
88.9587
68.7668
69.7542
68.1142
68.556
74.6199
69.8911
68.2648
73.0964
69.21
67.995
71.5901
72.6537
68.8024
67.1954
68.7291
70.3731
68.8798
73.7952
76.8285
67.9898
78.0705
70.2584
74.8121
89.0502
70.0036
66.7592
69.7931
73.4198
81.7415
75.6056
65.9446
90.1004
69.6915
74.4856
68.6861
81.7288
66.4145
68.6126
68.2805
71.6116
70.0111
74.2589
67.1969
70.4227
68.8458
76.0773
69.5827
66.8374
72.8348
69.6579
65.7035
69.234
69.7687
88.3184
68.3736
71.4814
68.5063
70.4928
74.2478
68.9984
67.8341
66.2971
67.2444
67.5301
76.5868
68.7172
69.9016
69.4315
69.7346
68.977
65.642
68.5018
66.269
77.1851
68.0828
67.794
78.017
73.088
73.2997
67.8923
71.9707
69.9162
75.3465
69.6295
67.2912
67.5126
73.0349
73.3698
70.731
72.9994
68.4767
69.8073
70.4329
68.1974
71.8858
69.5504
78.3848
68.432
68.5799
72.1363
136.341
79.1676
69.5342
67.8728
67.8673
70.6127
90.2956
71.5426
67.4377
69.8742
72.113
70.9443
71.144
73.2356
68.6899
71.7357
66.5268
69.0306
70.0773
67.9313
67.0974
69.0951
75.5728
67.59
67.8977
67.7045
68.0904
72.205
74.8888
67.8976
69.4771
74.3181
71.2514
67.7124
70.3874
67.9109
67.0591
69.3914
66.6518
68.5809
69.2423
69.2707
69.4228
69.5347
69.7407
68.1471
71.4314
67.4688
67.9264
65.6928
67.6689
67.883
71.2706
74.3759
72.1401
86.7599
74.3044
68.6282
68.8173
67.0514
92.0033
70.2644
68.1418
69.3439
68.7918
68.9482
67.2669
75.0797
67.5057
68.556
67.888
73.0808
126.476
69.5108
67.8349
68.4979
71.4575
74.7214
67.6163
68.1099
81.268
76.3409
76.1928
109.244
71.3132
68.1243
68.3679
71.8263
72.1125
70.6689
70.0641
65.2757
66.1756
69.5941
84.9197
70.0772
69.1458
73.6107
69.1247
72.0862
69.9848
70.2942
69.9579
80.5645
70.1885
68.4859
69.509
68.5973
68.9095
66.9552
67.4866
64.307
72.4271
68.331
70.4696
127.626
72.4424
72.8091
68.1483
66.6275
69.3265
71.9428
70.7539
74.3262
74.2677
73.5439
74.0553
68.5277
68.5349
69.023
75.1394
70.19
73.6169
70.1225
68.7552
64.6101
69.3299
78.838
65.5328
69.8699
67.4752
68.9176
68.9333
66.5572
69.1484
68.9146
78.4305
71.7481
68.8863
79.3837
66.5142
66.3885
72.1078
72.2013
69.805
69.7179
78.582
76.5575
66.9727
93.3329
70.7849
72.6776
68.5423
66.8969
71.7261
67.608
70.9258
93.752
68.5742
67.0798
74.7833
66.6286
77.8053
70.5809
83.0648
67.4703
69.5067
68.5251
65.1442
72.9567
64.2901
72.8617
79.5667
68.9277
67.7319
71.7071
68.8839
66.4962
73.8103
71.5425
68.5499
71.8694
68.5573
67.593
71.494
70.4622
80.592
75.2443
72.2828
66.9649
70.5601
99.9492
80.1181
70.106
68.377
70.7317
80.0206
72.8598
67.7283
67.5965
68.7428
70.8777
69.0323
65.7154
74.5025
69.0321
75.6751
70.5734
71.9604
68.2421
74.9461
90.3678
71.63
72.7322
78.581
76.7549
65.2428
65.5296
74.1
67.4367
72.6056
68.9557
67.4732
67.5607
67.3526
69.0408
67.5281
77.4388
66.8283
67.0352
68.0246
71.3509
67.163
71.3812
72.151
66.8559
70.3786
68.594
72.4835
68.0922
70.2471
68.4658
69.6176
74.2967
69.1925
67.3527
71.6839
76.23
67.3079
70.781
67.0645
69.9554
70.0269
71.5389
69.2655
70.2248
66.4515
66.0392
68.7298
68.3598
65.318
66.8663
69.2647
70.5593
71.3762
130.391
68.4355
67.9301
68.3378
73.8823
79.3755
69.7007
75.3427
71.5906
68.6404
67.7668
67.6387
65.4985
72.8058
69.3021
69.3099
75.1871
73.9422
68.3348
75.4316
69.0551
66.7346
72.5237
82.8897
64.9168
66.154
74.436
66.8645
69.7192
69.639
73.2589
74.0533
69.2955
67.8703
69.3593
72.7252
67.9756
68.1267
71.1018
67.7649
67.3429
68.1917
72.8062
67.0149
114.606
68.22
70.0512
65.9083
68.8992
65.8425
68.4718
73.6127
67.4223
75.2266
67.3943
71.1212
78.4269
70.8811
70.9497
68.7702
66.9449
79.2112
67.1355
73.5516
74.31
68.7554
67.3209
65.3682
70.5478
72.2312
67.4152
69.7279
70.771
67.412
69.0223
70.5257
68.3957
68.1132
70.6346
70.9381
69.7061
69.7243
506.302
67.0631
73.3633
68.7942
68.5751
107.437
67.6537
77.7999
68.6623
71.9783
68.0513
70.0457
68.6667
71.4919
69.7254
67.3802
68.7637
67.4546
68.8024
72.0908
67.4321
71.3995
68.6575
69.4457
71.3467
77.5583
71.0528
67.2379
68.5529
67.977
69.6107
66.561
67.4179
69.537
68.6052
79.1372
100.822
66.933
69.8603
69.9631
70.5854
73.8038
106.954
68.972
68.6592
79.8665
66.3474
75.6248
69.615
69.4916
72.1857
73.2517
68.0422
68.3918
73.908
70.8273
67.9019
72.8689
67.6622
67.8453
72.0316
74.7759
66.9276
69.6397
75.1379
78.1307
67.6798
76.1171
74.4481
114.386
76.5742
67.3133
93.1354
77.311
67.2212
68.3393
67.0382
74.2936
68.2808
70.1749
72.0576
66.9173
68.0481
69.2944
75.8799
119.54
73.7352
67.9049
70.2955
67.9775
69.1488
69.7575
73.9823
68.695
69.7974
70.5475
67.0455
74.4055
69.2788
66.1627
68.819
72.0494
68.4284
71.2209
69.7727
75.8632
71.8272
67.5341
71.565
70.1211
70.2053
67.1642
78.6998
70.6522
74.4179
69.2067
76.0431
66.8965
67.4516
69.543
67.2898
73.8315
75.2735
68.1955
66.1907
70.3274
78.2917
76.6958
67.8172
72.0218
65.6411
69.058
68.7444
68.7848
70.465
67.4959
71.78
69.9563
72.7236
70.7554
74.8776
73.5457
69.8908
74.0953
71.8025
68.1891
113.47
71.4123
67.8092
79.2604
83.2093
66.699
68.3259
68.9017
80.1862
68.666
68.6536
67.6499
67.8941
65.9153
85.8391
68.6786
76.7864
68.6149
71.2738
73.1569
230.268
67.986
69.6519
69.5098
84.2428
70.3805
68.0044
71.0472
71.7774
91.3374
70.7984
66.7786
69.3104
70.862
71.097
71.5533
68.8967
68.094
72.3145
73.4478
68.9001
70.348
67.9693
68.0476
95.4965
77.0578
74.529
82.6652
68.8248
67.4603
70.4354
71.9927
80.9041
74.4157
133.018
69.7575
66.2601
66.2399
71.6361
68.5893
67.9612
68.4736
94.2804
71.6999
68.8802
71.0718
69.2434
77.7487
103.406
73.3191
143.681
67.8104
66.4206
67.2553
71.9881
65.9392
66.725
68.2871
67.6687
70.5107
67.3161
70.5704
114.727
68.1843
65.7771
73.5608
69.0264
74.7087
69.8577
66.6536
70.5834
65.5933
75.8146
67.0533
68.425
67.7378
66.8868
68.4178
73.5351
68.3484
66.8046
67.645
71.6168
77.5521
66.5438
69.1693
66.7692
67.3575
68.8997
69.5414
80.7304
68.6934
78.692
78.9905
66.7627
65.7058
70.3229
70.851
73.1848
67.0129
70.0999
77.1374
73.8894
75.4803
69.1412
90.981
65.8002
68.9919
71.7165
70.3964
69.4433
65.9689
74.2164
67.7241
72.6717
74.3948
69.5203
69.9013
67.7064
67.4506
69.5764
69.8983
67.6317
69.8919
71.8414
71.6627
65.9204
74.1008
69.5115
70.6904
87.0989
66.47
65.8517
84.4566
69.2135
70.6964
89.9508
67.362
69.1543
68.927
70.971
70.6882
76.5273
70.2533
71.9639
66.7009
66.5509
69.3189
69.556
70.019
68.7261
70.6044
90.4747
68.3453
69.0419
78.6765
71.949
68.3262
69.957
71.3127
67.4117
67.3268
68.2062
67.3968
69.9801
67.8277
67.8642
106.312
67.8032
70.0106
65.6587
68.5816
71.0539
71.4606
74.4711
76.6437
69.0245
68.0119
69.7539
82.3327
66.6392
68.8556
65.6896
66.8405
73.2028
70.3078
69.9009
69.2805
71.4874
77.9166
68.4675
67.3465
72.4125
83.2402
69.3348
72.0865
69.795
70.4987
78.3328
76.1439
71.3714
77.0716
72.7375
73.358
68.1828
69.2739
74.1468
67.3417
68.1526
69.5986
67.8169
70.1663
80.1989
69.4971
68.5197
73.6477
64.9993
71.2523
69.3895
75.2336
69.0124
71.8082
70.5839
70.9946
82.0597
85.5465
67.783
69.2346
67.6095
73.1556
67.1599
69.7464
76.1003
67.7456
67.5374
64.9096
69.3814
74.2049
69.1282
69.2212
68.6643
75.2712
67.7131
66.4497
68.6801
78.0051
70.7305
69.8329
69.2611
75.6993
66.8675
70.2088
67.6934
68.2381
73.8792
66.9822
71.4834
66.16
67.6742
71.8002
65.6487
66.4466
70.84
73.2988
68.4948
69.9576
77.7623
73.1883
69.3199
74.2369
70.7236
72.448
72.8271
70.3756
72.6412
66.1901
67.8421
80.9482
66.7172
78.1092
72.6908
68.8661
70.2714
72.9647
66.989
69.4032
73.2807
73.4359
72.9337
79.7526
69.3424
67.5386
87.887
68.1363
68.4358
67.1123
68.989
68.2425
99.5197
69.5847
72.5284
72.1002
70.3783
68.0764
69.3136
68.9928
69.646
68.567
71.4694
67.2112
70.7978
68.2525
69.3575
75.9361
71.1634
67.266
69.9877
68.4451
71.5605
69.5198
72.7242
70.0406
70.602
66.1946
68.007
71.1577
70.2566
69.0294
68.6229
69.8029
68.3089
72.1638
70.1786
70.0341
68.4546
71.524
65.4093
69.6454
70.4502
69.5107
76.0917
69.5134
69.0555
70.2066
73.1653
65.7959
69.7811
68.4132
68.682
74.467
69.1733
70.2033
70.175
67.9356
74.67
73.931
87.2074
69.5894
72.2434
67.4936
69.3278
67.8481
69.8688
70.802
71.9574
68.6306
69.7346
66.4266
66.2018
73.0013
67.0282
74.2287
74.7683
67.8114
66.1376
74.5095
76.3083
71.8671
96.8062
74.1626
73.341
71.1673
67.8619
71.4504
68.2559
70.5785
70.4954
70.9629
67.8514
66.1266
72.553
68.7073
66.9094
68.8458
68.9754
99.6773
72.2562
72.7925
68.3197
70.1945
69.2615
67.5532
77.5537
73.4082
68.8655
74.1106
68.2403
67.8736
68.6967
81.0651
70.3854
66.3593
67.409
81.2713
73.1602
68.9521
66.7909
81.1641
68.4805
68.008
67.522
68.1516
68.2201
83.0424
68.1372
68.5512
72.1128
97.4611
73.8414
72.0129
69.3446
85.6234
65.3938
74.6335
67.3628
67.5604
71.3184
81.8155
70.7949
70.95
66.2749
73.0015
75.0788
168.695
73.6913
67.4764
70.3115
71.538
66.0732
66.7229
68.7928
66.4911
69.6898
69.7325
72.9962
66.1361
68.1422
99.0319
67.428
70.4238
