73.4439
70.1225
68.8331
69.0504
109.89
87.2078
69.0119
68.446
68.9874
69.0592
67.1515
76.3666
68.0541
75.1185
76.9295
73.6861
159.893
70.3791
76.6801
75.0913
68.3936
72.6518
86.0183
68.1808
72.2282
74.8025
71.0903
68.0667
68.3944
69.5122
176.25
74.2905
68.5128
70.8184
69.2136
79.8433
68.7722
71.598
69.2657
68.7925
71.0476
68.7164
70.1575
82.1745
76.4522
70.0895
74.5903
72.7916
82.8742
70.5968
68.775
68.6313
69.2593
79.4367
68.7522
69.4026
72.8883
72.2259
69.6128
69.3943
67.7766
71.5681
68.8911
66.6368
68.9197
69.7408
73.9565
71.7093
73.6318
75.2857
69.7173
73.5272
127.306
71.2484
70.8207
70.9636
68.973
69.7282
67.4184
69.2091
72.6479
73.63
69.0978
71.4659
70.7264
74.9511
67.3172
73.7057
70.3602
74.9448
71.2807
70.148
68.2916
68.6012
70.4085
68.6165
71.7628
101.4
74.3221
68.1869
81.2148
70.7351
67.0126
76.7033
71.4598
74.6079
66.9966
68.9676
74.9167
73.1591
68.9426
86.7126
66.8939
69.5657
74.2924
72.4374
67.0936
67.8265
73.3142
67.8684
70.2041
67.036
68.707
70.1903
78.2081
68.1374
69.4305
67.969
71.7998
67.2286
72.6464
72.3167
73.934
73.5925
67.152
69.9397
68.9397
91.2224
68.1458
67.5303
68.462
69.5214
69.4126
71.2714
69.605
70.3954
71.3947
73.0763
67.473
72.4627
72.4448
70.4018
69.6557
72.8393
83.7546
67.6514
107.113
70.722
69.9333
71.4668
75.0494
69.5069
89.701
74.4625
72.7107
73.6702
68.9868
67.575
70.6208
71.3076
70.1954
71.0372
71.9098
77.1763
69.3294
75.1205
71.6189
85.4331
66.648
70.3517
70.0318
86.2221
68.9363
69.1252
83.1097
66.2019
133.97
68.2544
72.1695
71.2149
75.3385
69.2065
68.6976
68.7553
68.3431
68.563
80.3611
68.4443
70.5976
71.1582
68.5545
67.7873
71.3997
72.5763
82.3123
70.1341
71.6293
69.455
70.8711
70.1669
72.304
72.8893
69.8973
69.3313
68.9201
69.1523
80.517
69.9618
67.2449
82.7421
69.1335
69.1387
75.6394
72.6103
72.9378
70.0943
76.3699
67.8696
71.4327
76.831
69.2509
68.2381
71.5477
69.4567
66.4373
72.5435
66.2948
67.5587
70.5096
66.4452
67.6021
72.0396
69.8053
69.1684
69.4788
69.5372
70.2866
67.9366
69.9274
81.2415
70.3525
83.7547
68.8941
68.681
78.8625
73.2537
71.4748
74.5251
70.6285
67.9881
75.6329
70.5772
83.0397
73.8976
80.5743
68.2836
68.7639
68.9466
70.0974
73.5003
67.0205
68.8634
67.3007
68.445
72.7802
70.3228
67.2381
71.4101
80.8211
71.2704
81.4319
69.1913
70.8888
73.1137
70.6251
75.1531
71.7954
69.6236
70.7029
69.7794
71.4347
69.9166
89.6502
91.2093
68.1895
72.1852
78.7022
77.6184
73.8442
75.1542
77.6984
70.7762
68.2463
74.2012
71.2341
68.115
70.9698
71.2894
67.66
91.1155
67.9921
71.1899
69.8658
72.9519
71.2682
76.4135
69.5757
75.4966
76.4348
67.1493
81.6019
71.816
69.1542
68.8668
71.0894
77.5109
69.8812
67.3037
67.996
73.5832
69.1169
69.0023
74.2179
71.5629
71.9584
69.0073
71.7043
68.7853
70.1839
70.1063
64.9304
69.5088
72.9083
69.5532
69.2102
74.905
74.2887
69.4921
68.6204
67.6031
69.6408
69.0389
69.6805
70.2175
70.8201
69.8739
69.036
68.358
72.69
69.2422
73.2031
79.1274
65.9596
80.7817
74.0309
69.1792
69.7927
67.7008
82.6703
77.6931
69.3947
69.6438
69.8396
68.1618
71.0079
72.0211
67.8614
71.5244
68.3201
67.3909
78.6394
73.017
67.2858
67.8982
70.9539
83.0218
70.0721
67.0864
75.0133
71.9682
70.1188
70.7968
68.842
65.8458
67.3714
72.1454
68.1246
71.5162
70.0805
71.1611
70.1282
68.9673
68.3999
68.1523
68.7641
74.5779
65.9386
67.9706
73.5854
71.6025
69.0295
69.8943
73.6965
68.584
76.3747
70.8434
65.7692
73.5936
75.4964
74.5479
85.5612
69.3885
93.9815
67.6111
69.4098
69.4657
72.3479
70.4323
73.3668
65.6928
74.9537
69.9418
71.5243
70.0041
71.674
69.7189
71.5204
70.2528
69.3698
67.6651
67.11
67.3153
71.5631
73.9032
68.5324
69.189
68.5178
67.4994
72.502
68.9251
69.2668
69.3724
81.4435
80.9842
68.4491
68.5003
75.5271
69.6456
73.8036
70.4204
68.3043
68.572
68.3597
70.9339
67.6179
74.4261
71.8905
87.1377
68.7062
68.8035
69.4624
71.6058
68.6521
67.5737
68.8458
68.12
71.681
68.2754
68.4077
71.0173
68.5039
71.8668
71.5745
74.5407
73.8986
68.2043
67.8989
73.4667
70.3419
72.7226
67.6176
66.9752
73.2773
75.1981
72.0364
68.3292
68.7039
69.2402
71.765
71.178
68.0165
70.6523
69.7191
79.7112
79.9937
67.7019
70.49
144.015
77.9344
69.8966
72.052
67.7817
68.8214
103.415
69.0062
68.8405
75.3361
68.3062
82.123
111.834
76.7931
74.0656
66.5447
83.0452
69.6964
68.0635
69.6172
69.4099
72.5491
68.0822
81.8506
71.5687
67.2042
69.8852
70.3834
73.8932
68.899
67.3615
67.69
69.5838
69.0681
70.0498
68.0187
71.0332
72.073
70.761
70.2392
68.593
72.4613
78.1562
68.9122
74.1053
85.7706
68.266
72.9282
67.9368
71.3998
74.3545
76.4296
70.6048
105.925
99.1387
68.0603
69.2503
68.5309
70.8769
70.0224
79.9039
70.8881
68.8789
69.4423
71.5218
66.3747
70.9652
79.3015
69.9487
71.232
70.2487
68.0282
69.9714
68.5497
77.6033
102.105
70.085
118.112
68.5909
71.5737
74.9249
69.8239
98.0823
72.285
69.1241
71.0906
72.0403
67.6115
68.5022
68.628
97.6437
70.1982
73.8004
77.8765
68.5566
68.0004
70.2709
70.5293
70.6193
68.9224
67.1364
67.8385
69.7202
66.4839
67.2732
66.7831
69.3325
81.1002
70.0716
67.888
71.8416
69.0175
73.3198
74.1808
69.3395
71.4934
75.5719
72.4999
70.9414
75.4293
93.1132
75.0573
71.4116
69.7796
72.9339
69.0403
72.2889
65.8986
66.0013
70.7335
67.8568
69.094
71.2353
67.8937
72.0397
80.5795
70.7109
69.8901
71.3629
67.5484
80.3746
67.5399
74.3052
69.0394
85.6209
71.3454
68.8216
68.8516
78.2963
70.863
69.2275
67.1617
77.5759
72.0703
68.7184
68.9564
76.7423
73.8242
73.471
67.1739
76.8153
77.2816
73.1423
71.6291
91.7631
70.1155
79.8294
68.3547
68.7444
71.7891
69.3154
68.5227
69.2362
71.4937
71.9455
68.8752
71.2301
67.6891
72.4756
68.4641
69.1019
70.6097
68.1685
68.6407
71.4633
73.0022
69.1832
70.3988
82.5275
76.4231
78.7673
67.0517
86.1603
71.5434
67.9748
69.3515
68.3572
70.5375
71.7605
77.859
69.968
69.6101
70.1469
68.0157
69.3225
66.7925
71.7435
72.3976
70.5113
92.7073
70.2604
67.2059
70.1328
66.4934
67.8688
71.5174
73.3459
69.3991
78.2952
66.169
69.7162
72.5926
67.9594
67.9121
67.4375
68.28
71.6152
71.2818
67.7915
81.7064
70.3104
67.9313
84.8044
69.0155
75.2478
80.6978
67.312
68.096
76.3223
72.7272
75.1316
70.9962
68.1224
73.1281
71.3864
70.9179
69.4108
68.1068
70.5344
68.3518
71.3399
68.5723
69.4834
115.289
73.4958
73.4133
95.9373
69.2478
67.3763
74.9569
73.4309
75.3862
84.2579
68.8688
67.8745
68.084
69.8186
84.0719
67.3223
91.232
71.4975
138.271
72.5704
70.9862
69.2111
68.71
70.1185
75.9267
68.6461
71.7884
75.0497
67.888
69.0933
75.7905
70.0853
70.1844
68.7603
68.2239
98.5102
70.1504
74.3925
70.3095
123.391
72.2816
69.6102
71.1268
70.4217
70.1966
68.1619
118.731
71.1407
69.8219
70.5784
70.0758
68.8071
69.7921
100.54
71.9646
69.1312
72.0152
72.4269
68.1602
77.8881
68.6213
71.4296
67.6662
72.2997
67.1919
67.3024
70.3393
76.3158
72.8072
77.4606
70.8971
69.9439
76.7779
76.3475
70.4803
74.4692
70.3556
67.1264
67.5355
70.8825
69.0142
69.3732
67.5616
68.71
69.7396
71.177
74.3265
69.719
76.2348
69.1905
71.9611
71.2653
71.7521
69.0112
68.4755
69.0455
68.4831
68.5168
70.4679
73.1341
68.2029
68.5491
66.8769
69.7146
67.9922
78.0741
69.446
69.0772
70.0755
71.1578
72.1446
68.5133
77.0169
69.9162
73.3834
71.8054
69.7869
80.8189
72.822
71.6866
68.7518
70.0956
84.4351
71.2178
67.9222
69.1572
69.1056
70.1215
65.9508
75.9572
75.2397
71.4854
68.8438
67.8776
80.5726
68.3035
68.9439
100.895
68.9533
68.5252
73.9573
69.2332
70.8098
73.9626
71.4207
70.1875
69.0211
70.5064
70.573
69.0213
66.3284
72.7699
69.9695
70.1204
67.5878
66.9228
70.9835
67.2968
68.5901
71.1112
67.3081
70.8015
70.822
71.0464
70.8052
73.5861
83.6943
71.301
68.4517
67.5267
68.5517
69.3526
65.9154
73.4205
68.6959
70.095
74.1352
70.4148
70.205
68.8471
72.6533
69.2523
67.3404
67.7213
69.1413
76.7928
71.195
70.2544
69.3226
71.6078
75.6102
68.8777
72.3241
73.6515
68.8549
69.7185
71.6113
68.9443
69.8627
75.0634
68.2215
73.6263
69.4699
72.8129
75.7806
71.9259
75.8949
68.0132
68.4891
68.3367
66.8697
177.756
68.4305
68.5142
84.4634
71.9463
72.0739
71.416
75.9016
69.9544
67.8868
72.6199
70.0678
72.4657
70.0856
67.7205
70.4507
72.0512
69.0656
70.5059
69.9356
70.1975
67.6613
72.7467
100.218
104.122
67.9367
70.4708
71.3353
68.4056
69.5051
69.5501
72.8643
69.4866
70.0096
76.5953
71.2716
67.7624
68.6907
72.8394
96.6879
73.7944
76.6352
69.5377
66.2751
71.0167
69.0174
66.5227
69.876
73.4159
77.4013
77.6618
69.5859
72.2405
71.7318
71.6282
69.7947
66.4878
76.5091
69.4294
70.948
70.8665
68.7121
70.8328
66.4521
72.2297
68.3499
69.0187
81.1393
69.6443
73.125
71.2063
69.4176
70.9896
71.6699
73.3405
68.9392
76.9972
86.852
70.1231
77.9222
70.9766
68.9623
68.9708
72.6799
68.946
81.2405
69.9985
69.3835
175.867
71.287
69.0762
71.9238
66.5382
70.0931
68.0307
77.1644
72.4865
93.4711
70.8044
74.8327
69.2949
71.8959
68.7747
69.1282
71.1645
79.4844
74.0242
69.1065
76.9245
69.7005
69.2264
67.9093
71.4491
72.4006
70.2767
106.21
86.4772
68.7552
70.2289
110.234
70.0034
71.1561
76.9166
67.6379
69.4358
68.595
74.4093
75.0835
67.2228
72.7584
72.154
72.3382
72.6354
71.5412
68.761
71.1477
70.9183
81.4717
70.01
69.4975
70.2947
70.0762
123.242
85.8388
79.6868
66.5907
71.7418
72.4815
67.5704
87.7014
71.8135
69.9957
73.0838
74.048
76.7636
77.4368
72.6291
71.0855
71.4295
67.1286
68.7584
70.7224
72.3755
70.5879
68.4265
71.785
72.451
68.4471
69.8688
