68.843
83.1035
73.4897
70.1199
64.5382
62.7858
62.1383
65.0014
67.0983
64.7649
65.8177
66.3475
63.5067
63.9693
65.0067
63.6899
68.5215
72.4162
63.5522
63.8411
63.6052
64.0973
63.1006
62.2619
65.0833
63.7148
89.5248
66.2441
66.6758
131.082
64.0037
66.911
70.9004
67.1734
63.8649
65.4523
64.0639
64.6279
64.5374
64.494
61.7295
67.5903
68.4049
64.3853
65.1155
66.2886
74.7743
64.193
61.9235
65.6801
62.9323
65.2593
62.8566
77.1691
62.6359
66.3057
69.8857
73.5619
70.8602
67.8298
67.4693
63.8692
67.7888
65.6628
64.3566
69.5511
66.7639
65.3702
65.1462
70.5529
65.8396
63.0537
66.3501
65.769
67.5469
70.1802
70.3014
64.8075
66.1621
64.3405
64.9344
64.0054
75.007
62.5656
64.0785
66.502
64.8126
64.6597
64.3548
63.5963
70.4044
65.1875
66.2675
64.1708
62.7838
62.7223
66.8086
64.7598
62.0489
66.3313
64.393
66.9659
63.8271
104.518
74.9538
62.9185
64.4537
66.9351
63.5054
67.2955
