1691.01
1698.87
1671.72
1670.28
1668.3
1674.77
1671.91
1669.21
1671.45
1678.32
1769.74
146.978
140.701
139.759
139.394
140.623
143.055
159.93
137.977
150.249
151.093
152.283
163.703
149.996
135.194
137.01
141.302
136.523
140.371
150.766
142.21
133.356
133.211
133.074
137.641
135.118
137.408
135.625
134.322
134.01
136.152
136.565
140.977
133.357
133.948
136.799
138.544
132.942
144.77
174.765
150.363
135.948
134.483
137.541
137.369
137.191
132.149
133.335
132.941
135.567
135.966
136.329
165.147
134.708
136.18
146.382
132.16
140.295
136.138
134.393
136.391
137.674
133.222
134.91
133.872
135.278
132.705
143.025
136.381
132.911
136.729
134.09
134.644
135.319
135.923
141.079
135.77
133.219
136.301
135.925
136.184
136.054
134.994
133.592
134.314
136.354
152.683
132.828
135.17
134.73
131.5
138.181
135.153
138.087
136.835
131.323
135.924
132.285
135.247
130.352
136.62
133.424
137.131
140.673
133.063
144.653
140.086
133.018
143.811
132.969
136.947
135.595
134.011
140.266
130.504
137.094
130.791
132.091
132.999
137.525
141.822
132.104
133.246
141.349
136.537
131.451
137.747
133.994
133.536
133.675
132.439
133.019
132.443
150.232
131.315
132.014
132.85
134.064
134.975
137.911
134.679
133
140.411
136.077
132.874
132.269
139.697
133.975
148.042
146.184
140.926
450.884
441.953
467.555
445.067
450.036
450.669
915.72
910.871
910.183
920.17
914.31
916.868
922.925
920.228
931.396
63.7808
63.2179
62.5938
62.9305
60.0273
61.67
64.0577
62.3465
76.1093
60.6917
72.1959
63.1705
62.2151
66.6568
62.4698
60.5005
62.6921
61.0567
60.9882
65.5233
61.8614
67.3739
65.0013
61.5795
59.4444
62.0728
63.9077
59.9012
65.7152
65.2522
60.8834
69.5261
61.482
61.1636
61.824
64.7932
63.4565
62.5432
61.9302
60.7161
165.104
63.2632
59.9799
60.5412
61.0924
65.04
63.2885
62.2073
62.1446
73.1414
65.6029
64.7531
62.6623
62.092
63.1844
67.0193
71.0081
65.2569
60.7656
64.0754
60.7663
68.6462
61.2045
62.6914
58.0587
63.179
62.905
68.308
60.048
61.1886
65.296
62.3373
77.0438
60.131
64.7553
66.7143
62.463
70.2134
88.6117
82.8494
66.5503
60.2843
66.8886
72.6747
62.0334
68.0515
62.293
64.4392
62.4415
64.2869
61.7455
62.3054
59.1449
64.0753
64.4123
71.6427
64.1229
62.5584
71.7574
63.7247
65.4197
64.6839
60.5564
62.5425
60.1855
60.3656
61.6576
61.2816
61.7295
62.478
59.3936
61.9165
70.5487
64.7976
61.7952
62.3314
61.6582
62.4302
62.02
112.753
63.9269
61.9259
64.0307
64.1584
64.1192
61.4211
61.4438
63.1625
60.1158
61.5499
77.4729
85.9322
61.616
73.9655
60.4926
61.6489
59.779
62.2791
65.4917
65.7164
61.8717
62.9058
65.4526
58.5707
60.4171
64.9761
62.1996
63.5379
61.0742
61.9355
60.7151
61.3051
62.0964
76.0623
60.357
62.4279
64.5201
62.9939
61.4714
61.4767
59.3291
59.554
61.0541
63.0843
86.1235
59.1976
65.5543
65.8736
60.743
62.9015
61.8113
64.736
66.4894
64.1804
69.4814
65.3637
65.9409
63.7898
60.6394
62.7489
61.6067
62.3803
61.5113
93.7439
62.0567
63.7573
59.3904
59.3925
61.7238
62.1034
60.4146
64.2873
69.4971
68.3403
60.8187
79.5178
62.2766
60.8033
63.7941
64.1006
64.6616
100.27
66.2425
61.3864
147.776
75.8804
63.0081
62.3793
58.7075
59.4901
69.5136
61.2376
60.9273
62.4978
72.7738
63.9903
63.8877
77.342
271.535
63.0772
62.2367
61.7864
62.8399
65.0103
64.3178
60.9415
60.8031
65.0197
59.1421
63.1428
61.3481
63.2834
67.8073
68.4198
68.4818
65.1931
68.6849
61.6582
61.7292
63.768
71.0715
60.8042
65.6606
64.2521
62.4295
61.8426
102.023
62.2784
64.1796
63.8849
68.3221
62.6385
60.72
63.8673
64.8675
66.0785
61.0066
72.7634
66.1714
62.4911
61.0476
63.5208
65.0597
61.9479
61.2369
61.2862
63.5769
60.2971
64.153
63.3262
64.2464
65.8797
61.3545
62.892
61.1555
66.417
60.3962
69.7468
66.5035
61.8857
61.2857
60.7252
60.3791
62.0081
63.9371
61.1718
67.9883
62.2943
67.3301
61.9591
74.8877
68.6493
62.7846
67.8202
61.8362
63.5742
61.1225
70.4923
62.2097
61.1933
62.4814
61.8528
62.6637
62.0028
63.5498
64.4933
62.3129
63.0692
61.6191
62.6096
64.8101
77.5447
71.4126
59.6759
62.0619
61.9812
62.5724
59.7814
63.2598
64.3094
63.7005
72.7841
67.6657
62.9476
60.9347
62.54
65.4738
59.8993
60.8661
62.5979
69.6983
61.0105
59.008
62.4507
61.8736
62.0237
64.7659
61.4185
61.4266
60.8297
61.8664
67.5322
63.6333
66.2674
63.3162
62.6786
63.5993
61.0162
63.8405
61.2982
60.2102
73.2216
67.6481
63.0529
61.7069
62.2163
62.6784
60.8836
63.2798
64.5502
61.3123
60.7104
60.5243
64.0865
61.4001
63.3099
72.1886
62.0847
62.5689
65.2041
66.1399
94.166
71.0039
62.2394
61.2381
63.4455
63.3315
63.9011
61.7104
59.0819
59.7333
62.257
63.9378
61.5256
69.8578
72.613
79.3615
65.0447
60.6228
63.8572
59.5818
64.4471
64.1031
61.745
64.4051
61.54
61.2587
71.4507
62.0316
116.022
62.7889
60.0637
64.5974
61.6888
79.6231
60.2628
63.2255
59.2763
69.5152
64.1948
75.661
67.214
63.2654
71.4068
75.7638
66.1286
60.5629
61.678
63.1212
62.1835
61.5656
66.1834
64.4087
64.4734
60.3899
64.8886
62.6279
67.4843
60.7782
76.1863
59.5359
62.6843
148.358
64.4511
61.22
60.5121
58.5202
62.1062
62.815
63.0881
78.5965
61.9721
62.3555
62.4736
79.8005
58.4948
60.7794
73.7034
65.0778
70.6671
61.2495
88.8926
66.0639
62.9897
60.9251
63.9048
67.094
64.3057
64.3829
219.794
67.0809
63.121
61.6744
65.0863
71.0242
63.9118
60.5087
64.9917
59.8531
60.5342
61.2413
64.3749
61.3227
62.4722
64.2274
60.4533
62.3892
63.329
62.0558
62.6521
61.725
67.8503
71.4643
63.7754
61.5999
64.8
63.8112
65.2862
66.7605
59.7566
70.0679
63.7379
60.8352
61.3607
62.8208
65.3674
60.6625
61.7011
64.2309
60.1416
71.5126
68.0262
61.2675
62.2928
60.4619
62.7495
61.164
64.9017
65.2757
59.9253
63.0749
71.1016
76.2929
61.4491
68.5485
79.5265
65.1243
60.4736
61.0159
61.993
62.444
60.4631
59.739
64.3988
63.1126
66.1404
64.3849
63.2033
90.2147
61.2459
65.5376
60.5225
89.1654
64.7992
70.6417
70.8181
64.968
64.0232
69.9245
72.2716
63.3936
65.068
61.5906
60.634
72.905
60.1644
65.6408
67.9482
62.5443
66.0787
63.7908
62.2548
62.8495
69.2345
65.5025
63.397
64.6426
70.9515
60.3599
60.8003
66.6696
60.582
64.3527
63.6981
65.4929
74.9982
67.1407
60.4786
63.2317
62.076
63.7019
60.2994
65.7317
65.7898
62.2111
61.454
64.02
63.9962
64.4825
70.6651
67.8532
61.7278
61.2153
67.7406
66.7637
61.7225
59.1628
250.191
61.6643
69.9393
69.6445
63.3594
65.3525
62.1098
68.4617
217.674
61.9364
86.4316
70.6238
69.3512
63.2609
60.3128
61.3394
60.3748
63.2499
67.9897
61.1958
66.1777
70.9662
82.9648
61.4042
65.9945
62.5541
78.247
65.3043
69.8041
80.4756
64.8357
62.2674
60.9792
62.237
61.5051
72.5872
65.6523
64.5287
65.7609
74.4041
65.7797
69.2393
62.7433
61.4665
61.0905
61.5733
66.7515
62.1465
75.3452
64.0541
63.6292
71.4524
62.9346
61.0063
61.238
64.0885
61.2023
72.2643
71.8245
61.1515
65.7193
62.8327
60.8303
62.634
59.7178
59.8761
67.5974
61.5141
65.9608
61.9221
62.2424
65.2583
62.8689
72.9112
63.925
65.5098
64.9568
63.3362
61.2352
69.8236
63.8359
63.5319
63.4951
63.8991
67.8137
63.1257
61.6481
62.4629
65.7625
60.9445
61.7165
63.5837
60.5521
61.0528
61.7479
63.8447
69.1956
62.9605
65.3818
62.9927
67.4667
60.7869
64.8944
61.6673
60.2079
61.7905
97.2941
66.0501
63.7184
62.6492
66.4122
61.0868
68.1041
82.0193
65.9424
60.928
60.5643
62.9848
61.924
61.7444
62.9073
66.802
63.1983
74.2969
64.3662
64.0113
63.5891
62.8009
61.4898
66.5407
61.5128
60.0106
67.2375
62.9046
63.2253
63.5851
64.4454
64.2529
62.4619
63.1626
61.211
60.715
61.7219
75.8335
61.3744
66.5992
70.6673
64.7933
69.5833
65.2218
64.251
63.2949
62.2291
64.3454
60.8629
61.799
78.499
86.2712
66.9984
59.5878
63.1388
82.077
59.6718
64.9599
61.6718
68.2307
61.9379
76.3971
68.0884
62.5332
65.7518
61.5636
68.8658
63.0021
61.7319
64.7903
76.5349
60.5558
63.5111
61.1384
61.4723
64.931
73.8289
64.5005
65.7331
63.2216
61.3088
72.7643
67.1122
60.254
63.1723
59.9206
64.1011
63.0443
60.8413
101.021
62.6712
66.3263
80.6782
61.8822
64.4464
61.1781
63.1028
60.857
63.7267
64.1149
63.8553
66.1536
59.2796
63.6735
61.3673
64.0286
63.7656
64.9664
61.3816
70.5453
61.2088
62.1149
64.7103
59.6784
60.2699
63.9102
63.6146
61.9814
62.8463
66.8798
65.1516
63.0883
71.6079
62.7446
63.2971
60.7057
61.5332
63.9891
81.0864
61.7513
61.1958
68.5108
69.3628
62.5796
65.1577
62.0979
63.3585
64.3708
61.3869
68.0833
64.886
91.7662
63.8549
65.0133
64.5904
62.8217
68.5504
61.8671
62.783
59.9322
62.8853
61.8954
63.6577
63.7254
62.7927
66.1275
64.1214
62.7438
61.6483
63.3103
65.2307
92.1969
61.4324
65.768
61.2958
73.544
61.9436
61.3459
59.7064
60.7074
62.7012
62.8562
68.4108
74.2643
61.0758
65.1975
63.7152
89.3868
60.8
77.4839
60.574
60.4173
63.0962
62.0411
62.5007
66.3996
70.2247
65.7686
61.4699
65.4319
62.3334
61.2921
61.42
60.9218
67.0154
64.1538
65.5554
66.8549
63.5421
61.3096
60.8761
63.6919
62.4476
60.4891
62.6833
61.9424
61.5758
76.2677
62.2654
66.8433
65.6822
64.268
60.8315
64.1119
73.9291
64.8251
92.0271
62.6498
62.0498
61.2965
67.8428
65.0431
65.2768
64.6389
62.6959
66.2855
239.36
65.2342
66.6948
62.2075
60.5421
68.6867
59.8909
64.7915
62.0552
64.8882
62.1517
64.4778
63.4587
63.1904
62.9175
59.7555
61.7089
62.3942
69.7986
67.6115
64.7084
62.4639
59.6769
65.392
66.6541
64.7032
64.0243
67.442
68.1064
64.6852
66.0884
73.5875
60.0465
65.2695
61.5339
61.3337
60.7492
61.1623
64.5216
63.6509
59.8642
66.5092
63.8871
59.3254
61.6894
61.8535
68.9242
62.802
61.1731
63.8507
62.3135
65.1852
63.3959
63.8406
61.8833
60.6225
60.3543
62.1556
62.6841
64.8462
59.5082
88.8543
61.9727
59.7074
61.7277
60.9441
70.446
60.4498
62.0166
64.7823
63.0331
61.3027
67.4986
62.2572
62.4134
62.2846
67.3458
63.3425
63.9925
61.0456
68.7509
63.7381
61.3283
63.3516
68.717
61.6233
59.2157
61.4747
64.6655
67.5634
61.5808
62.7341
61.3211
65.0567
67.3024
61.5961
65.2835
63.6425
64.7413
60.9745
61.2019
61.7227
61.2236
64.5103
62.6288
66.3103
67.6524
64.0894
64.4663
62.9347
105.82
58.9601
66.575
63.3734
66.8046
64.9798
62.3857
69.9136
64.2806
60.7439
68.0609
63.4079
66.5175
66.5576
66.524
67.7091
65.3881
58.4136
62.6332
61.5864
64.3744
62.8452
62.5469
412.042
62.5088
63.9553
60.4956
63.7439
60.837
63.2251
63.3675
63.813
67.8
63.8672
64.9205
67.7613
63.4281
59.8109
63.5885
59.9585
61.421
68.2407
60.6484
66.6939
61.0365
63.0103
64.3216
63.3757
72.3497
65.4716
78.0526
64.9138
70.3244
62.462
63.3369
61.404
75.8625
60.9654
62.267
60.8149
64.8027
63.1986
67.745
62.5843
63.221
69.2784
63.8419
60.7699
63.9949
61.9353
60.9938
62.7031
61.4753
61.5088
61.6776
65.2561
65.8529
64.7767
64.9814
63.8559
61.6929
61.9032
67.0231
65.4037
64.1509
61.9374
66.7067
61.557
64.6601
65.0118
60.7691
62.0247
61.4011
70.7262
61.6891
62.7063
64.7217
66.9477
70.0901
62.6052
60.3103
62.3742
68.8895
65.5878
67.5326
63.3958
63.3649
73.6915
61.2989
61.9908
60.5967
62.4335
63.0366
60.6125
61.1681
71.9619
69.3169
61.2063
62.6736
63.4478
63.3601
104.729
73.4515
60.5423
69.0098
65.3091
73.3845
62.0067
85.7645
73.4731
63.5673
64.6773
64.3223
65.1708
61.8848
68.192
61.8024
59.5873
66.321
75.6864
64.6297
62.1482
62.6511
63.2156
61.4891
75.2625
71.2152
60.4405
62.2371
61.3259
63.6181
69.1936
63.2739
69.7926
65.7354
63.5905
63.221
60.0038
63.5738
70.0566
64.1921
64.9524
63.7826
69.6157
63.1225
105.065
61.971
66.6407
62.9534
61.1982
146.971
64.8019
62.5517
64.0353
61.7278
63.5048
61.1038
75.8088
61.5004
63.7855
63.4989
60.773
80.3238
72.041
79.1997
64.017
61.5933
73.242
64.9018
63.9329
59.056
63.7087
68.2315
64.8633
68.0475
60.1048
70.0891
59.9577
72.1141
64.0212
64.3142
58.5684
64.7303
63.0365
65.2887
60.702
67.7059
60.1619
64.3195
60.4184
62.9007
75.485
65.153
63.476
62.8981
60.3818
69.3895
66.6268
62.2976
62.6458
61.032
61.9075
74.2413
66.9868
61.0802
65.2328
61.8795
92.3114
61.0301
70.3904
69.3151
130.193
64.8773
61.8547
81.6432
65.5655
60.0521
61.5594
76.6385
61.2465
64.7681
72.2419
62.4323
63.1298
62.5862
61.6744
62.6444
62.7074
63.1311
62.1689
68.452
66.7231
62.7503
71.0683
61.165
61.8404
60.528
59.4022
70.2434
64.0344
68.3961
63.5857
63.9132
64.042
63.2296
62.4788
64.6324
66.2846
59.3616
61.7806
61.2957
61.6044
64.5753
60.0497
63.6447
72.6422
64.4794
65.2201
63.571
62.4531
62.3287
72.8102
66.3058
61.0503
61.4162
59.3807
63.5407
60.4571
63.865
76.4269
72.1205
62.0404
64.3018
62.9416
60.8187
62.2214
75.7206
62.1099
62.8544
62.2998
61.5932
62.7421
67.3217
67.9632
61.3625
60.7112
59.2602
62.0814
61.5875
140.65
64.2481
67.2229
62.9447
63.0436
62.7701
60.5209
62.5219
61.4531
66.7123
63.1551
65.8355
63.6873
61.357
62.1004
69.6927
61.9696
61.8396
67.3639
63.4901
63.0351
60.6404
63.9429
64.2528
61.6357
60.6418
62.5026
65.9886
60.0177
60.0632
65.6878
63.8241
69.9531
61.467
62.5234
62.6946
61.6569
79.1438
63.1375
61.1783
63.9278
62.4701
62.6202
65.5651
64.8931
64.4267
63.0352
78.0818
62.7482
61.112
68.675
63.7674
67.1071
65.186
61.6089
86.0674
60.7307
60.8342
68.0731
63.0958
75.6837
63.2019
63.0692
70.592
59.0332
74.8682
63.3751
65.4345
66.9548
70.7439
63.2348
63.0624
62.8074
62.3097
74.3669
60.8465
64.3271
65.4209
63.6826
66.0575
61.9175
63.9916
63.167
72.1702
65.2895
61.739
61.9624
64.8032
67.6851
60.932
64.4792
61.1716
63.5565
65.1244
62.9566
65.6369
63.4056
61.931
63.5481
63.104
63.3102
65.9729
61.9334
59.6211
61.9101
87.0103
59.6986
72.6794
77.7086
67.9425
66.152
69.6496
64.7873
66.6981
67.5168
60.6759
60.0714
87.4867
61.8766
62.9838
63.0878
59.8345
65.4093
65.1758
60.7808
62.9709
62.9204
63.7455
70.0754
62.7226
62.5881
66.0955
71.1067
65.2648
62.7141
103.117
62.4331
64.1956
62.5653
65.4432
70.328
72.3076
63.7358
58.5236
65.7916
61.095
66.5576
72.5748
63.7204
61.5046
65.0436
66.9225
64.0641
63.0043
63.7896
64.6839
62.9497
61.3282
61.0017
62.4723
71.4969
67.5172
64.4158
64.1687
67.7353
67.8562
68.0105
65.6818
71.2359
61.059
66.1774
62.5837
63.5072
62.3734
61.4341
61.1094
102.544
60.0061
64.2727
61.609
64.0525
61.1869
62.3551
63.3337
70.7011
65.7538
62.4188
79.9478
64.0758
61.3887
61.9438
65.6627
69.1047
62.4621
60.1365
64.7006
65.7137
61.6777
63.545
64.0978
67.6409
61.1683
62.4108
61.8273
61.1919
64.0047
61.718
63.7962
64.2534
115.331
64.8597
66.6022
64.1252
61.9437
61.0073
74.3428
72.4665
70.111
65.8184
61.1081
66.6181
62.1159
65.6458
66.7023
60.5917
64.0271
62.8972
71.3419
63.9547
62.115
109.144
62.6947
79.7575
60.9479
96.9054
64.2879
61.1796
62.0437
67.7875
60.8802
65.9525
60.7309
62.7185
59.0816
64.3587
143.548
85.6885
63.0275
63.7446
68.8011
63.0741
65.1991
62.1416
60.2206
67.4106
71.5537
68.3602
58.8843
63.4416
63.3823
69.5455
62.378
64.0703
60.248
64.3674
61.1358
68.6676
69.4923
66.1597
59.3471
61.2435
63.4842
64.6363
147.142
64.2257
61.2197
61.0657
63.3296
64.0714
67.398
60.7483
62.2244
90.5511
63.5939
64.3716
59.7405
63.3323
63.896
69.2106
61.8968
61.1801
78.7425
64.5133
70.5162
62.303
63.0546
68.4355
62.2704
64.7393
63.3018
62.1354
61.9171
70.6157
63.6394
63.6595
67.3395
61.4615
66.5597
68.9025
62.1267
62.0152
61.4869
62.0783
68.0714
60.4815
72.9904
60.3773
63.9645
111.119
69.3835
61.8565
68.2165
60.1019
71.6101
61.4993
68.2365
59.7205
62.2522
65.6808
65.7306
68.1024
66.7127
63.3856
62.7002
61.5823
74.661
66.3413
83.5569
66.9804
64.1313
63.381
775.25
63.1937
72.2223
63.0871
65.446
68.0305
63.2347
64.545
61.0794
65.902
63.4236
71.4123
63.5039
63.5632
64.0674
65.7673
103.01
62.8466
69.9919
60.0569
65.006
62.6077
62.155
63.5369
66.1831
64.017
64.4018
62.5483
65.8633
61.5169
62.2216
63.923
64.6592
67.2146
65.8715
62.022
77.6357
63.8722
65.8586
64.0344
61.9839
63.6059
64.5572
59.4375
73.9809
63.1065
64.8467
61.2234
62.7603
78.0762
63.851
63.065
68.0486
60.9315
62.0109
67.7278
60.9074
64.3252
64.4703
63.331
61.3202
61.3233
62.16
74.9668
60.6312
61.5097
63.4864
62.6068
62.3001
67.5
67.05
62.8498
65.2755
63.4499
62.5086
64.3441
60.6806
64.7746
62.2246
59.7795
65.5765
70.0488
63.8458
59.5436
65.7
63.717
67.8218
63.3419
69.2897
71.8629
65.4253
60.8861
64.0584
61.3619
63.411
69.7636
61.8009
75.7573
80.0391
67.7297
69.8414
63.2157
61.1897
66.179
60.4289
65.0411
62.1259
60.7943
61.9896
63.1068
69.0417
67.8883
66.3987
62.2742
66.2403
61.5465
61.5194
72.2819
64.2282
72.1935
61.6231
62.3513
69.3738
67.9123
60.759
62.9122
63.66
80.4041
62.7675
68.1699
61.0328
61.2523
58.5874
70.1665
80.5533
65.988
65.0764
80.3551
63.476
65.1123
69.5699
67.3548
66.1983
65.5841
60.5344
60.9898
87.3787
61.5909
63.929
64.6462
61.6142
59.8261
62.6966
64.2469
67.5613
62.6289
62.0744
64.8996
63.0066
70.1463
63.4258
60.3516
60.6795
72.4462
76.9311
71.5558
60.2269
116.539
62.4776
60.7828
62.4591
62.1532
61.6224
65.1887
63.9486
62.5957
91.4208
88.2228
64.7318
65.3524
62.2479
62.8488
60.7673
66.3529
64.1037
62.7695
74.2868
60.7729
60.3666
63.5361
63.3158
65.7214
61.5306
64.6438
67.9147
63.3333
62.1479
72.2226
65.282
62.8987
69.2122
61.5612
68.4922
62.9552
63.3285
59.9853
63.0168
64.7808
60.7431
63.564
60.383
64.0451
65.7468
101.93
64.7958
70.6146
63.491
66.6896
65.7748
61.4755
65.3966
61.3048
61.071
61.4592
65.4368
60.4597
62.2312
60.9122
74.2269
59.64
75.5481
63.481
63.7361
65.217
67.7039
62.7186
67.0839
70.35
62.2205
69.9381
72.6782
64.2538
71.8983
60.8713
61.2164
61.4336
61.5582
61.7563
66.1353
61.8904
64.693
66.2117
67.9557
64.8198
66.2746
66.8955
64.9976
63.2561
63.342
65.6035
71.8424
61.6774
62.8416
61.7309
65.1056
64.1289
66.4096
61.504
60.6569
65.3272
62.6615
66.7745
64.6202
72.2911
64.0214
60.1904
61.5819
60.9152
66.8761
64.4133
60.9682
62.0388
66.6103
61.0454
63.9749
64.1621
64.674
67.9603
66.8306
69.6591
62.1693
61.2572
62.5949
60.5851
69.1613
60.2203
64.8805
62.6094
78.1097
64.5717
60.0853
64.7822
63.4426
64.1441
65.3997
63.5337
65.3445
60.5285
61.5481
86.9933
61.1675
60.0738
61.4552
99.0491
60.5774
66.975
65.1868
64.9829
64.2049
64.0362
67.1121
63.4808
62.5167
77.8788
61.9771
64.5781
63.1818
64.3026
74.5432
63.5363
62.84
64.5773
61.9726
63.6157
64.4197
64.9061
64.539
67.8317
62.0755
68.7016
60.0827
60.7272
62.7896
59.7275
64.3677
68.2316
60.347
59.117
67.0809
66.2336
60.7523
66.8941
61.1088
60.5752
62.3889
68.6072
62.4731
62.063
63.7916
65.6749
62.2166
82.7007
60.6131
65.2302
64.2185
63.6154
61.5192
62.2386
64.9132
65.9465
60.4263
98.2496
60.2403
65.957
64.1927
60.215
70.3732
66.843
101.395
69.2829
62.4503
70.45
70.9488
70.9231
63.2154
70.135
69.3026
68.516
70.9934
60.6973
64.4354
71.7209
65.8327
74.1984
64.2034
63.6116
62.0064
62.9828
67.2329
64.3181
69.8398
62.7196
61.0425
62.304
61.9224
64.2876
64.5709
65.9643
66.178
62.482
67.5052
69.6166
65.8955
62.3906
60.8922
65.0234
64.3664
70.7898
62.6955
65.2588
68.368
60.4102
63.0847
75.7071
62.201
71.684
64.5883
68.1399
61.2615
84.2829
60.7119
63.6983
62.9288
63.5018
65.4331
64.1745
62.5957
69.621
60.3632
61.7666
61.9479
63.0912
65.6845
77.3746
63.3106
72.7817
62.699
62.9306
62.4463
65.8624
62.5658
60.0428
63.751
58.2121
65.4991
62.3183
63.2945
65.4829
63.9041
63.1579
69.079
69.014
73.3333
60.3635
61.6321
61.2469
65.2924
61.3412
62.5256
61.5944
60.122
61.6068
61.1852
63.066
73.2659
64.1436
62.1783
60.321
63.6837
63.3459
63.7511
75.6455
60.7035
61.0362
61.7286
62.6255
68.6066
61.9868
60.7762
60.8749
63.5246
64.2388
65.1892
61.687
59.6019
72.71
61.4583
62.5949
59.4263
62.2514
61.3121
71.7204
80.1834
62.4929
61.9319
67.3316
60.0716
60.7204
63.613
62.6606
64.1349
67.3234
68.1127
63.1315
65.6593
59.8575
62.7552
64.4845
62.4241
68.2062
64.8141
60.654
68.8281
71.8475
64.2722
59.7001
62.0711
61.9196
61.4209
63.3851
58.9458
66.3171
59.2622
63.6527
63.2254
61.3628
61.1482
64.5079
63.284
61.6895
64.4444
63.7648
60.5878
62.3026
63.6876
60.6924
62.2091
72.4386
63.0217
125.818
62.7543
68.5106
63.3932
64.1359
63.6409
82.8689
63.4187
65.7541
60.2364
59.88
63.2772
64.2483
65.2805
65.643
64.6533
63.2604
64.7842
61.9021
60.4017
63.7166
63.412
61.2711
66.3237
71.804
68.0438
63.538
63.4516
63.9281
61.7004
67.9787
62.6583
65.4268
60.666
63.2738
63.6751
61.8379
64.5493
65.4207
63.8149
63.4367
62.2644
62.0885
59.5956
69.55
60.7934
62.9552
63.52
59.7009
62.4921
65.4103
63.6236
62.3342
62.048
64.2695
62.1305
69.2204
61.563
60.9579
69.4369
60.4103
60.3877
61.6446
65.3898
65.5333
61.7504
60.1464
61.7236
65.5393
61.7187
74.9528
100.502
61.4433
62.4262
60.6474
61.6706
61.8203
62.3029
66.7747
63.2256
65.1839
61.2327
62.0866
65.8118
62.7121
62.375
60.5822
68.4697
78.7704
68.4263
60.3305
67.0543
62.7998
62.2834
64.7316
66.9616
61.2676
60.0708
63.4423
74.4014
71.6351
64.1023
73.8014
64.5804
182.02
65.1194
70.7568
62.2291
62.1845
64.2888
61.8813
63.3845
65.5383
63.6979
67.052
62.7202
67.7228
101.136
65.8247
66.717
73.1035
61.8213
62.4744
63.2953
63.2583
73.4553
63.1375
63.0041
65.4459
62.1303
79.945
72.0497
62.2319
62.9931
94.0135
60.0937
61.5154
61.6722
63.0121
68.6759
62.4883
62.2407
62.1514
61.985
61.0864
61.5648
69.3375
64.8067
70.1934
76.9956
60.9732
70.3369
63.5133
70.6508
64.4166
61.3061
62.4437
60.5609
64.7686
70.999
65.3451
63.4307
61.0258
63.2841
74.2145
66.3964
70.4551
64.1456
65.2152
69.6404
69.9686
66.1514
63.4116
61.3382
61.5471
64.2501
61.6996
64.7941
65.0769
60.0964
63.8676
68.6369
77.817
61.8371
71.6987
61.2982
66.5511
75.2922
62.2197
68.3372
61.6803
62.1176
62.8508
62.9755
74.9755
63.5729
62.3647
64.6418
61.7073
65.4242
65.168
62.8903
63.3489
63.4597
66.1141
62.9691
66.962
61.5933
65.058
70.249
157.235
70.5865
68.9374
62.6305
61.7343
61.6898
64.7372
62.8585
62.0649
62.3009
61.2512
61.9122
65.7935
62.9327
63.7064
63.7547
61.9947
63.1897
59.9837
63.8102
63.5087
64.1093
62.3995
62.9019
63.9326
63.6436
64.2852
63.7823
63.4888
64.9359
62.441
61.423
62.6956
85.9203
63.8308
74.7377
64.1434
66.2861
59.5312
62.845
62.6693
66.13
62.598
74.5949
68.8612
61.8506
62.3629
63.2979
61.4437
65.4551
65.0161
61.2454
63.676
61.0688
60.5034
65.1249
63.822
59.4087
62.1706
59.7458
66.2633
61.6952
61.2379
62.9623
61.6058
78.0662
61.9405
72.8213
60.7307
60.9724
62.3686
64.4658
65.8126
60.1432
65.884
64.3869
64.5142
64.9393
62.3521
64.2205
64.539
60.9895
65.7766
70.8068
65.1205
61.4132
71.1736
76.6891
64.9257
66.8916
66.3359
65.1936
71.0941
63.6657
71.7905
60.249
64.7794
63.7558
61.3679
63.9111
73.5788
66.7682
63.5988
65.5659
63.0353
65.0502
64.3777
73.3666
61.805
59.8573
61.1354
69.5578
68.0405
70.1546
66.0064
69.9798
68.2702
79.4874
65.7087
61.0301
64.7252
61.9628
69.8146
64.6255
72.946
64.94
62.5069
61.5688
73.8655
63.2495
65.297
66.7344
65.8075
62.6119
64.182
68.749
75.7191
59.746
80.9867
69.8203
63.4062
65.6749
63.0481
62.5991
64.4755
63.7061
64.1181
72.8976
61.278
66.2042
63.3358
83.3522
70.8314
64.3954
69.5455
61.652
59.6888
70.7152
72.2056
61.8265
65.9754
63.9739
61.5966
64.4811
62.3605
68.8313
69.0618
63.7654
62.9856
60.5662
66.3223
62.5703
65.6091
61.7018
62.3037
64.9629
60.7426
62.6043
69.7576
63.6888
62.1631
61.0913
66.076
70.4382
61.8921
67.1928
63.0015
64.1366
64.871
63.1419
61.4567
65.1176
66.7689
63.6374
69.2476
65.5705
63.6043
69.0804
76.5929
63.0944
66.4187
67.0649
68.0746
72.5193
63.8292
277.741
68.8764
67.0388
63.9067
62.8318
64.3905
75.5628
75.6344
62.5227
62.3001
63.4703
64.183
59.9451
66.3086
64.9543
65.8987
70.6135
65.8811
60.9859
64.2328
61.8444
61.1198
68.1425
63.9564
63.2747
67.8778
61.8534
61.7105
60.3031
61.9284
61.9116
66.6416
67.4108
62.0332
63.8547
61.5573
63.141
63.4279
63.8847
63.3981
61.037
65.0327
62.8994
66.7694
69.8294
77.3169
61.7838
67.163
62.0246
63.0677
70.6556
61.3152
61.3742
63.2573
61.3371
65.1178
68.0826
66.743
74.3586
75.8931
64.2279
76.6174
69.4992
63.9985
59.6882
61.6103
61.0995
62.3173
63.7297
69.1144
68.3627
62.6997
62.0373
64.2844
65.0042
66.1872
62.0548
62.749
65.4701
66.4009
62.8466
131.824
68.3687
72.4857
69.7777
60.7034
63.9197
65.3138
63.6812
62.1561
63.6248
61.0833
63.8916
60.0872
62.2811
135.729
62.768
61.8635
58.9658
67.6506
86.6502
65.2698
61.8548
60.5007
109.024
62.1014
63.6563
63.3642
59.6627
63.1356
62.8882
64.1012
62.3771
60.515
67.1041
122.286
69.4147
61.1541
63.8042
68.7387
69.0916
59.7174
81.9198
60.1186
60.3638
72.0608
81.175
84.199
61.8846
62.1193
75.2514
61.941
62.2947
62.101
61.1309
62.2655
116.454
63.0312
63.0337
63.4402
65.0319
62.9095
60.6736
64.5621
75.7564
63.3033
156.821
64.5028
62.7292
70.6933
66.8288
63.5197
61.6747
77.8545
70.3413
62.5489
68.2293
70.0512
63.6259
72.41
61.2223
61.075
62.7991
70.612
63.4
62.5943
62.8588
72.512
69.0773
73.0031
63.4568
67.1444
63.5526
64.3179
71.9522
62.9482
63.2753
66.6194
74.1585
64.6878
66.9773
64.4314
63.6524
62.6133
63.0123
61.5996
67.4163
85.8092
62.1512
61.5502
61.5253
62.3204
61.8294
66.2402
68.5594
66.2636
61.0916
66.3884
65.9847
60.5505
63.6803
65.9503
64.8568
63.3449
63.8486
67.8209
62.0412
62.0804
74.4492
65.997
61.3959
69.4047
63.2897
67.657
76.5532
62.064
58.8801
80.0399
62.9313
66.9889
62.7045
65.8228
82.4829
64.6162
62.5971
62.3835
64.115
61.8207
63.1996
63.9155
64.0671
64.7768
60.371
62.8546
62.668
66.1733
63.6096
62.5948
71.1638
62.4913
63.5322
62.5017
61.558
63.6147
60.402
60.314
65.7915
75.0594
61.5149
71.1616
62.8844
82.1916
61.8477
60.4446
62.7156
70.3956
69.439
63.106
61.204
62.8449
63.9457
67.1296
66.4398
61.562
72.6667
63.1564
63.5596
65.2198
66.4643
64.0048
73.3396
65.784
64.4524
62.7875
62.1917
61.6782
64.0437
61.3383
62.2101
61.2328
64.3856
68.9626
60.6587
62.9626
80.2106
60.8336
64.154
64.0489
71.4869
70.9603
63.7218
61.1844
70.7627
70.4326
69.0298
64.9807
60.283
81.2606
61.9992
69.2501
61.2138
63.3508
65.744
60.3124
63.0838
62.9945
63.8027
62.9264
61.4797
65.8324
74.8183
63.3781
63.6602
61.137
63.5004
60.7789
64.6119
62.58
63.8522
68.5617
62.601
64.0163
61.5768
67.0932
63.1219
64.6106
68.4852
59.9931
72.2766
68.6432
67.9053
63.6595
68.9797
113.535
61.2439
61.2522
68.4502
63.7365
65.4211
63.1704
62.841
64.1068
68.8029
60.8189
64.0435
62.4312
60.3717
63.9669
73.577
64.065
70.6845
62.9874
61.5788
67.4572
63.8195
61.3505
67.3955
62.2048
68.3981
63.9239
60.5849
69.4984
68.7518
83.7252
70.4447
125.754
88.0784
62.6482
67.7199
70.1481
58.9746
62.9856
66.2897
65.1404
63.518
80.9814
66.8601
65.0377
62.2238
64.8058
61.3193
62.2095
62.8356
64.7834
61.4103
62.3879
65.9189
63.4094
59.9812
67.7856
62.9976
67.5198
63.2152
60.0901
64.2333
65.0406
65.3194
86.5601
61.736
61.645
66.7992
65.5758
63.11
64.6843
61.7328
63.3926
92.8002
64.2553
70.3579
62.7209
63.3882
60.6288
64.521
66.5674
65.1832
69.0651
65.5553
63.6994
65.563
63.9193
64.0626
65.1825
66.8962
61.7338
62.1533
61.9103
63.8603
63.4567
64.2898
62.9386
65.7234
61.3383
63.433
68.9118
59.6353
64.1477
61.7823
59.8079
65.6587
63.4413
66.5025
64.5808
70.9247
62.5436
58.662
77.0254
63.1906
78.5204
63.8669
60.7608
60.8045
66.8773
61.2753
77.061
61.9549
63.6535
67.9809
63.7884
60.0792
62.121
65.7411
68.6437
64.2401
64.9628
65.9443
64.5072
63.2228
67.7457
63.0661
62.4612
67.5006
64.1695
62.669
64.7102
61.1937
61.1104
63.5109
61.2202
60.636
60.6344
68.7799
63.4652
64.2586
63.2216
77.7592
63.3334
73.9968
76.4599
65.1274
60.8852
66.6553
63.0887
62.1865
63.11
63.3139
92.6851
60.8621
60.9601
62.1321
63.3756
62.9371
61.6013
68.1046
62.6481
63.7435
63.5711
61.9142
63.0111
65.5491
65.6608
61.8358
83.1085
60.6334
65.6563
61.6636
64.6912
62.9358
64.1047
70.2633
63.3487
60.3377
60.4938
62.9688
64.2251
74.7054
61.1231
65.0007
61.9628
60.4449
64.8583
60.5056
72.3066
61.036
97.3289
75.9085
65.0492
69.0405
62.6962
71.3389
61.6311
66.6328
67.8122
71.3063
65.0067
68.7379
67.2648
62.817
66.5405
61.8454
63.5069
77.6832
61.6543
61.6222
66.8673
60.6384
63.1778
64.6369
64.0458
62.7353
61.749
65.4023
87.7829
62.3734
63.6246
68.597
67.2723
65.5861
63.2347
62.9547
69.7299
65.2256
60.7571
63.1127
60.4052
61.4695
93.0314
63.0449
60.3735
63.3366
62.8249
62.9237
64.0678
68.3307
62.3415
61.1152
62.4189
61.2502
65.096
124.336
64.0754
68.5156
63.447
63.5884
61.1147
64.4891
62.6411
60.7715
67.0832
61.1059
63.7956
67.1834
70.7372
63.2539
60.7017
72.0421
60.9542
61.4674
61.9695
64.9974
65.0328
65.0406
68.8027
60.3955
77.2332
71.7379
63.2846
65.5399
67.4913
61.1316
69.1066
65.791
62.4893
64.4525
63.7293
66.777
62.5637
62.3424
60.9356
62.5217
61.6812
62.8425
70.5578
64.1733
67.8118
62.2173
59.7656
65.2563
61.6094
64.2768
63.9471
64.0106
60.0466
61.0071
63.7176
68.3576
63.725
61.1846
62.3575
72.28
64.078
72.0089
102.552
81.0499
64.0206
66.4657
60.3966
65.9454
62.5274
59.8969
60.6827
68.1675
63.6599
66.075
62.8352
66.5903
60.9228
70.0128
62.6045
59.332
73.5605
61.4805
62.9049
62.5601
66.4956
61.854
65.1904
62.2941
66.0963
63.3479
65.1695
76.8103
61.4937
63.6847
63.7231
61.2871
62.2331
65.8097
64.7168
60.4524
75.1538
65.5166
61.1665
65.077
77.048
68.6629
61.535
60.7314
68.3361
60.2133
64.9635
69.6498
63.5231
65.4944
64.161
64.8439
60.6471
64.5929
60.892
63.4209
71.2434
63.1167
64.5898
61.2718
61.522
82.4737
66.2494
70.0233
62.495
82.4074
64.6908
69.7823
62.3808
62.7887
63.4144
60.697
64.9317
64.4903
63.8963
82.8515
68.3667
61.8175
62.5302
62.3207
65.0379
62.1425
62.0006
65.8858
62.5806
77.5238
63.5302
63.4239
62.6072
69.1634
61.5195
64.2635
63.4379
65.8241
75.4583
73.2271
64.9188
66.9865
64.2698
61.7146
62.802
62.3555
64.087
117.632
63.9994
62.7094
64.5227
61.3505
64.2968
63.0638
63.0378
63.2887
62.5278
63.5759
65.5219
77.9939
62.5066
65.4027
63.2465
61.5699
64.1226
61.0832
65.0872
66.5143
66.7652
60.2916
70.64
64.1877
63.5311
60.738
63.2756
63.258
62.7511
63.0828
64.3856
66.5407
70.9491
61.3038
64.3598
66.1402
68.1863
69.1555
62.6442
63.2579
62.0134
67.5168
69.3337
64.0325
62.9338
64.7722
63.9921
61.1327
63.872
70.8198
69.1946
64.3036
65.4868
66.4419
65.6682
65.7071
61.9979
61.733
67.6098
65.1366
65.6124
70.6994
61.7447
61.6022
62.7914
63.7949
62.0265
66.6911
74.7914
64.137
62.019
64.8966
64.0214
63.2122
64.845
65.4729
67.8225
60.7569
60.8794
62.627
64.1994
64.3392
65.3719
71.4095
60.7646
62.2034
64.3281
64.7516
61.4494
63.5569
68.486
62.3962
65.8255
59.885
64.1424
63.3941
62.4006
62.1799
65.2533
63.7851
66.6779
63.298
61.3584
69.6571
62.9102
63.626
63.799
67.0031
61.5819
65.2707
65.5671
65.8523
66.3018
63.232
63.8691
64.4338
67.0563
70.8024
86.6482
81.0823
68.1316
64.0587
62.7007
63.5735
62.4482
69.897
62.2074
65.8235
64.8097
87.2537
103.852
70.8337
68.6573
69.0312
65.5092
69.063
63.6152
67.9482
63.3911
61.8611
62.3743
67.5915
64.6888
61.5476
60.9498
65.0252
63.1274
58.8932
66.124
61.128
73.4258
62.189
66.1191
71.8646
70.1781
92.263
61.5713
66.9343
64.3385
61.8179
65.196
59.694
67.1244
74.5613
71.1059
62.1481
63.2601
63.5544
66.7163
66.3722
63.3934
69.3884
68.2208
63.7932
66.1688
63.2004
62.8013
68.3836
64.7746
66.0771
61.3481
62.4687
60.6582
63.3803
80.7941
60.9893
61.3975
86.3316
84.3812
65.0492
67.8856
67.7722
62.099
63.9327
69.6667
63.7019
62.1748
64.8752
72.8872
67.0491
64.9241
69.3843
62.2511
63.8234
66.2324
59.4415
70.2145
63.7513
72.844
62.0697
61.8853
63.2867
60.6443
71.785
65.2535
65.7369
64.461
65.2819
137.304
63.6683
68.721
72.6161
60.1968
64.3793
60.976
65.4621
64.1116
67.9265
61.9987
63.3477
65.5679
65.7584
72.4913
68.8607
74.2868
62.6006
83.2096
79.9337
63.0217
65.7755
67.7866
61.1422
62.8774
60.9894
83.5038
67.7907
61.8226
63.3137
66.5676
73.7056
67.8138
70.8164
61.1649
63.403
66.5366
63.5291
68.515
68.1733
71.9601
69.469
61.0253
70.0569
66.587
62.4175
63.8255
69.3327
94.2685
73.6889
63.1715
70.3633
64.3512
62.2715
63.6571
60.3676
65.4287
177.533
64.9976
61.1936
77.1045
61.7952
58.4191
65.9295
77.3236
62.8449
71.2199
63.5052
66.4431
62.2732
64.4045
61.2043
65.4417
72.015
63.5179
63.4974
67.5853
64.4985
68.2903
61.7805
66.4737
63.3572
64.2167
59.9594
65.9361
67.6617
77.2488
63.3324
60.8424
63.6381
60.5808
67.1077
66.9214
66.5553
78.8988
65.0579
68.6138
64.5727
66.8011
70.0445
67.1081
63.9455
65.675
69.9127
76.2542
68.1958
64.7726
78.6637
60.3543
61.0795
64.8223
84.5434
62.7098
62.0229
62.3125
72.3612
66.9263
61.2358
63.4073
63.7125
64.2107
63.4609
65.5943
59.941
72.6398
79.9104
70.1901
62.1212
63.6658
63.4966
61.3441
88.559
65.4592
62.2662
66.0841
62.6769
61.575
64.2177
73.0142
62.8194
64.14
63.5895
63.2601
65.383
61.8842
62.6839
60.9815
62.4982
61.0386
71.167
64.1792
62.3265
86.3759
61.7734
63.4512
65.2002
63.5585
68.2173
65.4795
63.2411
69.8618
65.1907
65.1377
67.9259
65.3036
69.0955
65.3209
61.9655
69.7454
61.5262
64.8952
62.4607
67.7936
65.5002
72.2086
62.8372
74.2797
63.7728
68.7087
62.7995
60.7359
64.7312
63.0462
61.8803
90.05
67.3642
61.857
64.8866
68.4502
64.1458
68.9901
62.8249
71.9947
68.4613
65.574
74.7006
63.1586
66.5476
64.2584
64.6193
83.7814
69.0151
69.6315
62.1603
61.7174
61.5434
61.7115
61.6241
61.8985
69.5921
70.1578
70.6121
62.1879
114.801
62.4853
62.5485
67.6427
62.3794
60.3746
73.5942
67.1733
78.2675
62.508
61.5578
60.6672
66.8893
60.2627
65.2419
62.7773
65.6754
61.6951
63.2666
72.9455
66.8731
64.8733
60.3821
70.0204
61.8097
69.3141
62.1141
64.7173
62.8999
60.6365
65.5295
65.7807
65.1133
61.6577
64.3458
60.6479
70.1169
65.6937
62.1029
81.5177
65.8291
69.9142
62.0408
60.9695
64.5225
67.7556
64.3692
62.5988
62.4817
65.6084
80.0756
62.6966
64.7609
64.7021
65.6462
62.8209
65.8772
62.2717
69.4265
65.8117
68.6865
64.0027
70.5386
61.1158
64.5142
63.4901
61.6992
65.5362
63.3641
63.5792
63.145
69.6344
67.5547
72.4415
65.0617
63.7924
59.7423
62.8918
65.247
84.7038
62.572
63.4448
64.1444
68.1641
59.6018
68.0413
65.1969
59.7561
61.8155
62.5875
64.8925
62.3356
63.1893
62.2286
66.7032
63.1769
91.9012
65.7296
62.7455
61.4129
68.1776
62.4946
63.387
113.899
65.8754
75.6043
67.3579
64.5435
62.7939
60.348
63.6086
62.3123
61.2098
62.3134
77.956
60.721
74.1447
61.9628
63.3594
64.8098
61.5869
61.8093
62.165
76.297
67.5396
63.2701
65.692
63.223
62.9032
61.3703
64.2021
66.752
61.2352
62.6515
68.0241
62.187
71.464
62.326
64.9515
76.6612
60.7251
63.7694
67.3925
67.2648
64.9112
64.6577
61.0584
62.6391
65.9008
62.7187
60.3133
76.3387
69.8819
62.5643
63.798
63.8958
60.5091
63.6627
64.1823
65.1417
65.609
69.4285
61.8598
60.3457
63.7236
63.1925
60.3449
111.292
64.3788
64.2134
83.7313
65.9395
63.9896
62.3535
64.7849
67.0001
72.9139
60.5598
60.5372
69.7612
65.9106
65.0534
64.1471
64.8721
60.703
59.9192
71.8765
65.2466
63.2643
66.2682
64.3009
63.8803
64.6951
65.0368
72.7541
66.1577
61.7589
61.9898
61.6921
65.6947
59.9443
68.5602
64.4188
78.6122
78.3605
63.8973
68.7443
62.1967
65.0193
61.1307
61.3322
68.5099
61.5221
65.6335
65.3742
68.9741
66.0705
72.8585
62.9939
65.1848
62.3779
62.9447
64.2608
64.3786
62.6682
67.7856
62.413
64.4187
192.93
60.9907
79.2844
64.4279
62.3386
72.1923
72.0942
60.3703
61.8997
59.8846
59.9859
65.2117
61.9303
63.4687
62.9734
61.5039
66.7893
77.5423
63.1458
65.0799
64.7747
63.2518
63.2696
62.8498
67.9904
91.7082
68.2878
63.6996
66.2186
67.1377
63.7911
63.5396
63.1431
111.335
70.3021
63.2024
64.3945
60.7558
69.1007
64.222
58.8728
66.1612
63.7836
69.1604
62.7717
62.645
68.7542
65.0221
64.495
63.418
67.9851
60.585
64.9834
66.7312
63.8338
62.9295
60.1796
63.9779
68.3695
62.462
61.5248
65.8327
62.9602
63.9927
62.1359
66.5649
65.4422
63.6839
61.0604
60.3011
63.1923
62.8221
62.5707
63.2858
66.3869
64.2082
60.4658
67.9066
64.7811
66.1239
67.6131
66.0501
67.2811
62.3862
62.4892
67.7072
63.0085
65.0916
62.0732
61.7308
66.113
62.8277
61.1591
66.0125
65.9282
121.214
73.4111
61.6384
65.5353
65.1169
61.9899
66.1735
69.8568
65.5022
63.5785
62.3511
64.927
65.4909
61.4452
62.4481
65.9932
62.9964
62.6847
68.9525
70.5012
76.6217
64.7319
62.4126
73.636
86.7964
61.5869
62.461
67.081
60.3981
62.815
88.3804
73.5745
64.8104
71.7668
61.9462
61.8761
63.252
64.0363
69.3243
63.1059
64.3614
63.6646
62.7271
65.5118
69.8697
64.2098
63.2479
63.4507
65.1298
67.8768
64.3967
74.1833
62.1904
62.2495
63.0705
61.4211
63.9007
60.8571
75.4886
61.6149
59.9978
62.7362
63.2488
69.4145
62.9396
61.4593
61.304
62.706
62.3663
66.4899
69.3438
62.4749
103.098
65.701
62.2349
64.0331
63.5027
66.768
66.2412
66.5341
79.2799
67.5998
61.3892
64.7508
69.6246
62.6204
61.4763
67.8608
63.3547
63.6034
62.891
67.1222
63.1949
67.1405
61.014
74.0855
61.9073
65.5793
63.0289
69.1148
80.2739
59.8055
65.0029
67.2176
60.2879
67.776
103.317
60.7026
61.5333
62.0664
65.7125
60.6041
62.5037
63.887
62.262
79.8869
65.0797
66.2123
62.6979
62.42
65.0235
61.3335
76.3094
61.2039
60.7157
63.9368
65.1173
82.1391
75.2254
76.3325
77.7136
82.4485
144.842
83.4321
76.7066
77.3818
78.7851
75.0482
74.9969
79.0579
80.3621
92.5687
78.9924
76.8553
72.9256
76.4367
74.803
79.7277
76.8255
80.077
76.1801
85.4578
87.1527
112.512
81.0156
75.389
77.9472
78.2143
77.9387
77.3025
92.8137
76.6531
75.3905
75.555
79.4394
74.1071
76.3598
78.142
76.0331
80.2333
92.5968
75.9348
78.8058
90.8829
75.2662
78.0676
80.9766
77.7979
80.7689
78.7016
86.563
83.1995
79.0926
79.5095
75.4979
75.3669
74.9305
149.82
74.5074
79.7462
76.8388
116.106
73.7808
80.006
79.0677
75.0551
78.7262
77.8904
78.7398
75.7362
76.893
75.6523
78.9398
75.8295
79.502
78.0147
75.7025
76.1633
84.6849
77.6335
78.5991
76.8709
77.1384
93.2077
75.6656
77.4305
83.0378
80.4912
76.531
79.5504
92.9765
76.2216
78.5795
78.2295
77.6644
80.9785
82.3152
89.5258
76.4635
77.0011
82.4599
76.506
76.0167
75.987
74.0424
74.599
75.3715
75.0202
76.0052
76.0918
75.0787
77.1077
77.0125
78.8195
78.395
77.7318
77.0911
75.965
79.6926
77.5871
77.3824
75.8659
74.9529
81.8755
85.4136
77.4244
75.0374
78.438
82.596
102.698
76.5168
77.4451
82.5392
77.1102
75.1808
75.815
77.22
82.4844
76.7332
87.8888
75.1558
80.1021
79.892
76.0012
77.8451
111.042
75.7495
77.1351
76.6219
77.7838
85.5103
78.4112
76.3921
77.3791
76.9013
75.5567
75.3521
75.0689
91.9277
77.7381
75.6739
79.0651
80.916
76.5086
92.2031
74.7706
80.1072
79.1654
83.413
84.4046
82.9087
75.4795
73.9665
75.417
84.563
98.2588
77.1288
74.4687
80.2468
74.3329
75.7384
82.0955
87.4552
78.813
80.9131
92.5304
90.398
77.3042
82.1498
80.1487
76.5412
74.77
74.459
78.9768
82.6335
79.7998
76.8641
102.284
82.3007
77.9135
79.9548
79.8303
75.3897
78.8921
77.0923
78.9301
76.8361
81.7681
75.8224
77.3303
80.2495
83.534
78.2234
78.0975
78.6273
76.7729
75.4898
76.491
88.3981
76.4183
107.125
75.9166
74.8166
76.9969
76.725
84.5174
79.415
73.951
75.731
81.5497
76.0864
79.0451
78.9825
91.7705
77.0188
78.1577
78.8687
77.3806
76.7387
93.5133
77.252
82.1141
79.0957
75.3568
76.6971
79.6832
75.8857
78.3448
81.6336
75.5926
79.1815
75.5344
76.5821
76.7236
78.4043
86.4326
75.3224
78.282
74.2048
79.8995
77.5804
76.1014
76.8021
74.851
76.6086
81.0228
79.8812
80.329
80.9888
79.5167
79.4585
75.5763
102.983
93.0103
88.7334
85.742
78.6744
92.0042
75.3779
80.6707
75.9359
75.0997
74.2597
79.4547
77.9957
77.5402
77.6507
110.422
93.23
80.0836
75.9866
80.23
83.3722
81.2923
93.4122
76.1899
86.0657
78.791
78.1667
77.4352
77.3106
75.3349
74.6066
78.7807
74.6871
75.6769
75.3169
76.1183
81.5211
79.035
84.8836
75.3075
80.1324
77.9993
76.8614
77.6791
75.2169
74.5748
79.2045
84.1554
79.1379
76.8586
79.2872
75.5187
77.1788
76.2299
80.1757
77.4858
91.4165
79.1273
76.1407
77.6962
78.0702
75.7966
75.7423
75.8815
90.9737
76.9734
83.4075
81.7048
78.9274
77.0668
76.0371
76.5842
75.6871
77.9768
77.9204
76.8687
75.6739
82.3402
79.8659
79.0511
82.1835
82.5353
82.6814
80.214
84.2536
85.0998
75.0028
82.632
76.5611
76.8988
74.7463
80.581
88.6089
76.7821
77.3256
76.9136
78.8301
75.7132
87.3396
77.8023
78.4813
77.8554
86.3743
80.0483
81.8796
82.0414
90.0378
108.959
78.5542
83.2741
75.8744
80.8002
79.3375
75.6698
78.6067
76.7947
75.8364
74.3931
76.0447
91.1674
81.832
78.6719
84.624
82.3549
76.6198
89.5992
76.7776
79.2957
76.7397
84.7704
79.4921
85.579
81.7307
83.2356
75.576
78.5746
83.0873
78.3784
73.6429
84.062
81.3161
79.1219
79.4214
75.2601
75.421
81.5419
79.2885
83.0472
83.5895
74.9139
77.5263
71.9168
76.3564
84.6191
88.115
74.924
83.9087
76.7874
86.6068
76.9749
77.8535
78.8013
75.5555
89.2339
78.7984
80.7034
79.3231
76.77
76.5485
80.0828
79.0211
76.2401
75.5342
76.5794
81.5452
79.0905
76.7769
77.7506
75.7888
82.3756
77.288
75.3817
77.1199
77.9453
76.8249
77.2232
79.8781
76.6325
77.3269
108.088
99.4894
77.5723
81.3461
74.9701
79.0322
76.5587
77.8028
76.2249
75.0699
77.236
79.2763
87.5935
79.1487
77.4493
76.5095
74.1038
80.9848
76.2668
74.8442
86.3018
73.92
74.7322
101.748
78.7265
80.458
80.6425
83.1674
73.8295
76.8709
81.5532
82.7725
75.1993
80.9089
79.597
76.4444
75.0422
79.0422
78.3764
82.0849
80.9084
75.1119
81.4268
75.7941
79.4925
78.36
79.2652
76.3319
78.7287
82.5705
78.8151
83.7109
85.3246
75.4837
77.8207
78.5527
75.7438
75.5241
75.6212
75.7534
75.7518
75.2553
83.0954
76.2816
102.191
78.5046
75.3833
75.1897
92.4813
74.5375
76.3698
76.0539
76.7543
79.2579
92.7617
75.196
76.7789
82.9068
83.4387
77.9087
77.7685
79.9051
78.8782
78.2809
76.4612
74.4346
76.9207
75.5008
74.7791
137.827
74.4045
76.5621
80.9726
76.2135
75.8209
74.9582
73.8805
78.2658
78.1092
76.7726
86.8733
80.35
80.8954
78.1595
114.004
74.607
77.5473
74.0837
77.093
77.4792
77.9879
78.4767
77.7252
79.632
74.9849
77.6414
75.0962
79.4737
110.397
76.9086
81.8362
73.953
78.4975
76.4239
76.5691
78.6833
76.4152
76.6322
78.9429
80.3849
76.1406
77.9223
79.293
75.898
78.3986
74.3645
79.5758
79.0328
77.4454
80.3577
78.8977
79.2792
75.5485
86.6967
83.4229
84.5538
78.2897
83.2193
76.07
76.6492
76.6373
80.7147
78.5407
78.8802
77.7407
78.5127
77.4032
76.1412
77.1167
77.7968
181.344
77.2316
79.4061
77.6463
77.28
79.4009
79.737
78.0835
77.9881
74.6319
109.057
74.5544
80.5907
75.1048
76.9336
86.7735
77.2684
80.2866
82.965
79.6758
84.3457
124.393
76.6665
82.7941
75.8165
77.0361
75.9505
79.5005
90.1292
80.8992
76.4626
75.822
77.1974
77.1673
79.7706
78.8684
78.3073
75.9387
87.707
76.3829
90.2281
78.8813
75.1356
89.5806
74.7138
76.0063
77.7686
78.6577
78.1091
76.8542
78.3446
83.1963
82.0471
82.3909
77.4831
79.7475
75.8724
74.7545
81.454
81.057
76.9327
87.4184
83.2989
76.6481
79.7937
79.1917
79.6218
74.6042
75.7314
84.8881
76.7826
76.3515
243.058
78.4956
87.3481
78.2909
78.1703
82.395
76.1248
75.2221
76.25
124.207
78.7728
77.1433
106.967
79.8482
79.4965
75.6082
79.4126
77.5014
74.1308
74.2392
78.4912
75.3734
83.858
78.7411
89.3333
80.2081
81.0599
76.2331
81.1714
75.3393
76.9436
82.5344
73.9435
81.0285
77.0248
76.9745
79.8298
82.6896
75.0189
76.4528
75.074
77.0301
76.8527
80.4301
85.2863
76.2231
75.0922
78.4163
74.0706
83.4044
78.8072
83.4375
77.0554
79.8431
80.8453
76.4688
79.5932
77.0845
101.055
77.8459
77.6905
74.7903
78.3925
82.5135
82.7572
80.596
76.1236
76.8566
75.879
91.1381
75.6547
81.1194
75.4882
83.8738
75.0773
80.7505
75.5336
79.8557
76.823
79.9572
82.7724
74.705
80.8196
75.4189
76.7016
78.5907
77.5447
92.2459
75.9091
81.5286
268.356
92.2655
77.9655
74.875
75.6484
79.6854
81.8757
76.4403
84.612
80.6538
79.4807
75.9371
76.9242
77.0701
81.6221
76.5272
78.5764
77.4335
78.7106
78.1046
76.0332
78.0005
80.2292
80.5113
76.0018
78.6625
77.7785
76.2604
76.8687
76.2982
85.1608
76.0773
76.5578
76.2269
83.8205
76.9717
75.3113
76.5708
78.242
77.7724
76.4124
78.4272
74.5402
141.016
81.2317
90.6367
92.9926
85.8566
77.8977
88.957
76.943
78.7347
87.3421
76.1819
76.6831
82.8264
76.9493
75.0739
82.6092
77.0447
79.2904
78.3819
148.313
122.749
78.8716
75.8183
75.7272
74.6559
81.5891
78.1263
77.1422
77.8953
81.9403
74.1871
185.97
78.6359
79.1363
75.8336
76.9897
83.5742
79.1204
83.5692
76.8795
79.8684
81.7945
78.3591
77.4755
78.9887
80.7504
78.1867
76.2447
79.8402
89.7166
77.7802
75.6083
78.0132
79.0727
77.0677
77.1935
77.1498
79.2815
80.9128
76.7595
79.5172
85.9139
76.6436
82.8387
76.69
76.4937
78.3988
74.5375
75.0889
77.0938
77.493
76.0417
74.9568
77.6088
75.1863
78.6516
80.0781
82.3407
88.8091
76.4943
87.2334
77.4981
82.7191
83.2597
75.7081
85.2028
83.5376
78.5873
77.5668
83.4496
78.6116
81.8884
87.5738
96.5159
78.3888
80.6208
85.5043
78.7442
77.8925
77.5532
76.2896
94.5193
75.2042
75.9129
86.1283
76.6125
79.864
78.5884
76.7355
83.4577
96.5127
75.4342
86.4452
77.2711
75.6581
78.8821
79.5352
76.4692
87.5843
78.3089
73.782
82.5337
78.1252
78.5344
76.3318
103.345
78.8575
82.9314
79.4691
74.4709
75.9697
76.8582
76.6731
79.9524
75.5952
76.9365
75.1276
81.4201
74.8512
81.9346
74.5284
79.7347
74.2861
77.7259
75.9387
92.7683
79.0508
74.7149
86.8692
98.1021
79.186
77.6503
75.111
75.7583
74.9159
76.7821
80.6268
77.7408
75.2781
82.1022
78.3407
75.4487
75.7085
78.4464
94.4172
81.8909
75.6099
78.8858
76.8389
77.4771
77.0514
77.8571
77.6295
76.8215
77.3571
79.0714
108.389
79.1254
74.8936
77.6488
75.4626
84.2873
78.4955
90.1806
84.9468
75.1852
78.3498
83.3671
139.92
74.2129
87.3406
78.9027
76.2865
84.9876
77.874
83.2802
77.0256
120.956
76.737
76.2902
85.1388
77.7503
88.2531
78.6364
73.2181
75.3408
87.4445
77.048
78.4857
81.7391
75.9891
81.6103
80.2866
74.3332
87.6875
86.6303
78.4766
75.9121
80.5458
75.3384
74.8826
78.3939
82.755
75.7565
86.5291
83.5579
77.7134
79.6122
75.4059
79.0451
101.52
79.7136
87.5498
77.2175
82.5619
77.8093
118.96
77.223
75.6609
77.5868
77.8444
83.2855
91.1518
76.8603
80.165
76.3414
79.9268
82.5426
75.036
79.5201
77.2137
94.7051
79.3605
108.72
80.9655
77.2069
84.6012
76.8407
80.6171
79.1801
82.3027
77.1018
79.4422
84.1919
79.4105
75.8001
74.3537
80.4329
79.2738
77.8294
76.2848
75.0747
83.6384
76.6318
90.4762
77.1232
75.4593
77.4698
82.8479
79.0199
75.881
88.0596
80.0744
74.4422
117.731
78.0309
83.39
79.323
75.2442
76.2559
77.5628
76.5387
76.5347
75.1488
75.9304
80.129
80.7398
78.6106
79.97
81.9334
76.885
82.7844
73.8122
78.9702
79.2789
74.4983
83.7286
83.8305
79.6072
82.8141
76.9848
89.4536
81.1806
144.108
80.8422
79.8832
79.7087
74.3228
77.0901
80.2235
88.9372
75.6058
84.0877
75.6417
81.4805
85.8387
74.4824
75.2843
76.9153
80.4369
74.454
77.0049
78.143
79.6842
77.245
85.3797
78.2337
75.3061
76.2626
76.0963
77.0887
76.8613
77.2074
77.5616
80.0388
84.0964
88.2129
75.1796
79.5337
82.9025
78.6687
77.3827
76.2963
79.9825
78.4599
100.277
76.3057
81.164
77.5371
95.8611
77.6184
77.4757
81.6193
76.0738
79.5154
79.4808
77.1851
74.9358
77.215
82.2418
76.7709
80.5217
78.5479
77.0253
76.1361
76.9302
76.5159
86.4646
75.897
79.3596
75.8256
78.2567
89.8574
76.7276
75.1539
84.7936
90.5354
75.8743
78.8107
76.4513
77.0984
75.1913
76.9681
76.1161
103.925
76.8327
91.2102
75.1636
79.7915
84.8451
81.9171
77.7741
79.5701
77.2583
83.0274
76.7721
86.3069
75.5893
86.0865
76.324
77.4606
79.4923
78.9084
83.5207
79.2202
74.4387
80.382
75.305
76.9572
77.7421
73.9439
83.0433
77.1865
79.8298
74.4976
82.9959
75.9222
80.2989
79.4358
80.0074
77.308
78.8966
77.4472
81.7755
75.4049
91.1098
79.2009
77.7703
90.9841
79.9349
75.1608
75.5935
76.4013
86.3785
77.0162
78.1247
74.2791
119.95
77.9416
72.9205
79.0547
100.192
76.7582
75.5354
132.381
76.1677
85.5163
76.2314
77.4126
76.1614
84.4517
81.8814
76.4517
81.4219
76.5157
84.1152
75.5224
79.2285
87.7076
77.3972
77.9624
113.439
83.7552
80.2317
75.4987
82.5788
76.8161
76.2145
77.9772
76.6937
79.0906
74.0671
83.2764
77.3683
77.7055
76.4622
78.8807
77.4874
80.6248
77.3466
75.606
89.5428
80.9578
81.5121
101.574
78.2582
81.624
75.128
85.819
80.8525
75.7301
88.7942
75.7507
93.9542
72.7206
76.7969
76.4445
79.1174
76.7976
81.7101
79.7975
79.3369
75.4423
82.4943
75.9002
97.65
76.055
77.2511
76.1664
578.285
79.6526
89.138
87.2597
76.133
77.5792
78.9131
97.1701
106.988
93.7691
77.576
76.728
127.637
75.4572
76.4769
82.9538
79.7383
85.2454
76.3593
80.0833
78.211
78.0162
79.3302
85.5314
78.0287
78.9388
78.0764
78.7436
76.9318
81.7449
99.826
79.8707
75.6884
74.0802
76.4827
77.4076
75.9764
78.8652
73.7048
75.7686
89.3067
77.985
82.5312
96.0305
80.7156
79.1777
78.4726
80.041
76.2548
80.8411
105.779
89.183
77.5503
76.2466
77.4736
84.5021
77.5564
107.325
75.6586
76.8852
79.3629
77.768
75.0332
81.6647
77.2587
77.2879
74.9289
75.6585
81.4233
85.055
90.8159
75.9975
76.1503
77.5394
84.5202
88.5381
75.2095
76.1449
75.7459
75.9234
77.623
78.9857
82.0509
107.868
76.1305
76.1701
76.2266
77.844
77.9265
77.0515
76.3795
76.4536
75.8074
81.091
81.1017
76.771
74.922
75.1374
110.256
75.4679
77.6305
79.0249
76.418
77.0323
76.1007
79.619
100.23
77.5952
79.3836
77.4804
76.5083
103.064
76.4826
76.6445
81.3023
77.7147
76.7302
75.0351
80.1404
77.7399
79.3719
84.0138
78.4323
78.0223
76.1858
102.914
79.1411
79.2151
74.5717
77.2679
76.2616
75.7707
75.3963
79.8483
73.401
79.3495
81.0412
77.4634
77.0378
79.5463
76.2438
75.5872
87.0248
78.902
75.8705
76.3898
74.8661
92.955
75.6982
97.9615
77.4204
75.5594
82.4427
74.6023
74.8315
83.2594
76.6587
76.3853
99.2509
83.3065
78.9619
77.0582
81.1834
79.5385
80.4703
75.8507
75.5971
76.9684
78.3549
81.6219
76.1213
77.2769
102.024
74.5488
75.6748
97.713
74.9696
78.1959
78.9011
76.6123
78.9164
78.6176
76.8847
76.3222
82.5954
81.7311
78.7951
79.5866
75.7925
85.8077
78.1402
86.4633
78.6766
77.2276
78.4708
77.4118
75.6309
81.9887
76.2387
76.7588
77.3319
78.2563
106.269
77.5037
77.4087
76.5828
78.6541
82.1722
75.5402
80.8103
80.1673
80.2761
75.7241
77.7332
78.5782
74.8549
75.8242
77.1999
80.3489
80.4732
78.5958
76.4117
82.4875
76.7855
77.4002
80.9334
77.5129
76.439
77.0149
77.3259
83.9743
85.5318
79.6432
74.2816
77.5564
75.0426
75.8383
84.9492
77.2205
81.2418
76.0724
79.2156
84.9794
81.5301
77.2715
93.7608
87.533
76.6036
77.383
83.6677
77.542
76.9591
81.6606
81.3153
100.617
79.7123
79.541
83.8947
80.2613
76.5583
76.9593
77.6249
92.0055
76.2021
78.4095
75.5088
77.4888
79.7526
78.6475
76.5751
78.3214
82.0301
82.6698
74.8961
84.121
76.8303
75.8129
77.5916
74.8037
74.7357
78.3498
74.0557
79.8195
79.4356
75.2913
80.3256
81.585
81.6863
79.2886
83.5218
89.6699
77.5138
80.3672
79.7849
75.9575
77.0223
77.0466
81.8261
76.7435
75.6584
76.2424
80.7469
78.4872
78.2285
75.424
76.9635
76.5467
92.4226
82.7249
78.2519
78.8187
258.248
94.6232
77.6183
78.4755
74.5108
75.7021
78.4484
77.1933
78.4118
89.8868
74.3573
76.9177
83.8675
75.9531
77.4741
78.2416
77.9922
78.4646
90.0582
80.2257
90.1343
107.057
76.4536
80.7021
77.3877
80.3031
76.6012
91.93
81.7662
81.1151
82.4228
79.0124
87.2752
74.6506
75.8771
81.6726
85.0364
75.7978
84.7697
78.3455
86.0042
76.7635
86.4034
83.0683
77.5932
76.9246
79.4139
76.9546
77.4698
83.3031
76.3935
80.6841
75.4223
76.2159
76.8389
89.3648
78.6165
78.6315
77.1533
74.9905
75.6963
80.0483
75.6433
92.8982
77.5184
87.2174
77.4592
78.3332
77.9913
81.4205
77.5601
79.0838
78.957
80.3566
75.2962
83.2816
76.3551
83.5878
77.6813
77.9214
89.1451
77.5864
84.2634
76.2878
78.2745
74.7197
83.6135
77.8163
75.8747
75.0701
77.1006
80.1266
76.3999
79.4793
76.4659
83.5381
81.828
82.7631
83.9652
78.7712
83.7009
84.0644
78.2103
79.1384
75.3541
74.8114
77.2484
76.7188
75.7922
76.7495
92.5098
77.8583
75.3107
83.5475
129.799
78.5605
77.4159
80.7343
97.4353
76.6475
78.5822
75.1054
123.519
79.0431
78.5172
85.3447
80.2617
79.1534
76.3272
75.8256
79.5465
78.5208
85.3409
77.0102
80.2823
75.5448
75.7914
76.1784
78.1976
75.8071
76.218
85.54
81.9737
75.7247
79.8366
77.5105
76.8998
89.3519
79.9236
75.413
90.0346
74.9811
79.2648
79.8394
80.2286
73.995
77.9976
73.8511
77.9695
76.4995
78.4651
78.2342
78.3833
77.2852
74.8593
85.2945
76.5712
78.6231
78.4128
78.0786
81.6061
91.1177
85.695
75.784
88.8818
77.979
74.9854
84.6767
80.0782
79.6471
75.3118
79.0359
78.2655
80.7446
75.3947
158.115
77.0707
77.73
80.5603
74.9804
75.1104
75.1706
78.069
79.1197
76.2813
77.0729
88.4718
77.2552
77.9955
76.5324
77.5828
77.0346
109.196
80.2015
78.2299
77.2486
79.9501
98.9434
81.6792
74.822
88.565
74.1725
75.2382
77.8246
77.9377
77.4707
77.8225
82.3469
88.8441
93.278
80.0386
77.7717
78.5243
76.3827
78.0402
76.6563
81.2835
78.1256
88.3419
79.4021
83.049
81.3355
76.186
79.6634
77.1246
76.499
75.435
73.21
83.541
77.6926
78.6501
81.4762
76.226
80.1362
91.5826
85.729
75.8822
83.5141
77.169
78.7532
82.3829
81.795
76.8369
80.1602
81.6954
75.6684
78.9457
78.6731
88.8852
85.5018
76.7749
75.0484
77.0702
82.9058
100.955
82.081
86.7457
76.6448
91.3605
82.3419
74.0543
79.6415
86.3684
80.0637
84.8024
73.9293
75.6731
79.2547
77.7745
76.4246
90.4246
87.2061
79.3654
77.034
79.5294
76.7204
75.3751
83.2921
80.2287
78.8387
81.8376
79.6409
74.2771
78.0965
76.6887
79.0664
77.6891
78.5876
78.755
76.6101
110.339
79.962
93.2446
74.7729
91.446
77.5663
95.8292
77.3282
85.2521
78.7024
76.9942
82.433
78.4819
78.0393
80.7436
79.0859
77.7847
88.9222
84.4799
76.8933
78.1054
106.15
78.4996
79.786
78.3473
81.4815
80.6925
78.885
78.6604
84.667
76.2228
80.0174
76.1059
78.3828
77.9186
77.5288
80.7978
78.3821
77.8146
77.779
77.35
83.5487
77.6612
75.6415
76.2529
78.5162
77.1154
78.0087
80.5894
85.4466
102.432
80.366
80.1301
82.9892
76.8522
74.9323
76.2645
75.064
74.3733
81.7809
86.2382
77.5519
76.192
96.0336
78.569
80.5214
75.0394
77.8399
78.7559
77.9137
75.0555
73.549
77.5504
80.0397
77.0231
78.8843
81.7225
104.681
77.1263
81.9823
77.7395
82.2773
89.3884
79.2832
134.705
80.6374
78.2679
76.3149
80.6786
76.5939
75.4757
76.6759
76.0834
75.4682
77.2195
140.189
80.6339
76.8585
82.8043
76.0644
81.4074
76.1899
79.2524
79.3613
78.2051
76.401
76.7777
100.68
84.9997
81.8494
76.7144
77.9538
83.8718
74.7761
76.5909
76.0785
79.8247
77.0992
78.6048
77.8854
79.4216
77.3823
81.8782
76.8217
75.2892
75.6492
79.1846
78.0362
84.6232
75.796
78.3
77.8075
82.1295
77.7192
76.8018
76.5973
76.8317
81.4334
76.9951
77.0025
86.9801
77.4604
78.5113
75.4659
75.6794
80.962
85.1124
78.8278
75.7149
78.9703
76.2877
78.1553
77.4415
84.1714
79.1925
73.9316
74.3042
75.6796
77.1263
76.4177
86.0979
81.5832
79.2111
90.9931
76.3859
77.077
82.9875
79.9977
84.4213
84.8448
77.7243
76.1067
76.638
76.3109
81.3588
88.8004
77.6824
79.5058
114.783
167.487
75.6954
94.8306
76.949
78.7341
78.1906
74.6757
75.9924
77.8801
75.9047
81.1464
76.1136
75.3513
80.1832
83.0967
77.7706
77.3778
76.0594
75.2246
75.9647
79.4774
78.4992
79.4309
89.3043
76.4973
75.7264
77.7059
83.4326
81.4046
76.2627
82.0328
77.665
79.0617
77.397
77.1226
77.9112
78.6476
76.6326
81.9369
122.669
75.1258
82.0416
77.004
78.2555
76.3839
76.6299
76.2402
76.4671
85.392
75.5302
75.8149
82.2061
78.4997
77.2974
88.18
77.4155
77.1796
84.0301
80.6357
75.5956
77.4725
75.5147
77.2613
109.261
77.7314
78.9575
80.6768
80.6667
78.3102
79.272
75.4654
81.9173
77.6456
77.2679
79.3416
77.1479
77.4881
88.0974
76.9943
76.4927
77.8721
87.7862
90.2561
75.8314
80.6312
79.4823
80.8372
83.2487
75.4561
76.9692
100.823
80.2182
191.805
77.1078
88.1812
75.4289
77.7261
94.4922
75.6026
78.4509
77.0359
78.7793
76.3595
81.5903
75.2236
97.816
88.169
79.4689
97.4182
75.9852
78.7361
76.48
78.92
81.2069
77.2577
77.6598
87.8721
78.6335
78.5089
77.0012
75.371
80.3627
76.8493
75.7617
79.1034
78.3703
77.5778
80.1335
90.0188
77.6854
84.0085
76.0372
79.2462
77.2697
77.5235
81.4823
77.8767
83.6792
104.355
77.4994
81.737
76.0632
77.0706
78.4777
77.5925
78.6822
101.471
77.1373
77.8192
75.5341
77.7162
78.9227
87.7326
76.3737
77.581
77.8602
75.636
76.7632
76.5881
79.2961
83.4352
78.7338
75.7141
79.5784
80.5616
79.6259
78.4687
78.8294
77.6887
75.9953
76.4563
77.1487
79.7756
90.201
78.3477
79.5709
79.8898
77.5488
75.9773
73.3108
75.3236
82.2639
77.3739
83.3911
76.2095
81.672
76.0485
76.0492
102.011
81.888
77.7975
77.7849
74.583
107.964
76.7235
78.1983
76.8239
77.2563
75.3057
76.5946
87.4761
87.4207
74.4918
80.0043
78.388
87.7578
79.5138
79.3403
83.8704
91.218
75.0926
76.1291
93.4556
75.4664
83.905
77.7709
77.2056
77.9577
77.4075
77.1331
77.354
80.8972
80.282
77.3265
76.6125
76.9038
79.4001
127.296
76.4983
77.7817
82.9535
74.7196
77.674
102.6
75.8501
79.9772
75.9784
75.0973
79.4953
79.598
77.8611
76.3867
102.501
75.2007
79.112
93.4728
78.4692
73.4802
77.4693
75.381
79.1108
78.2739
75.8533
76.6875
79.2147
76.1077
74.9605
77.2842
85.6067
77.9378
77.2003
76.6567
74.4424
77.2751
81.6642
80.5584
76.6648
78.4833
90.0759
76.1053
78.6735
95.1982
75.7757
86.506
76.9091
78.7442
169.968
391.363
76.4638
78.1837
75.6634
84.5815
78.9538
76.6763
100.923
78.3657
85.5079
81.7638
82.4095
76.8555
100.131
83.211
77.3012
84.8088
77.4954
81.3204
74.946
78.9476
80.0466
96.1239
78.8376
78.3484
79.7699
75.9611
84.8685
76.4069
80.5979
76.3316
119.824
74.1918
78.7811
75.0985
76.2548
76.7599
81.1429
75.8264
75.7921
76.5404
76.9906
77.3356
77.8535
75.7825
77.8547
76.8542
76.9673
81.2336
84.4733
76.6331
75.4308
88.0814
81.7825
75.5966
77.534
80.2451
76.8757
76.433
78.9693
79.888
78.0426
76.7993
75.8067
83.2621
79.1434
75.5729
78.9495
97.1789
88.0755
76.0621
89.5442
78.4126
92.7973
80.6766
76.602
82.4276
87.7444
76.0798
86.1088
77.2478
77.4088
80.7292
76.0407
80.5791
78.6808
77.1024
77.8433
85.901
80.7076
78.8649
77.4945
84.1615
127.962
76.8273
78.6955
75.8912
77.5098
75.8349
82.8874
78.438
76.1805
79.8907
77.5692
81.4335
77.1418
77.9611
84.4955
80.0829
78.9856
77.8959
81.4186
76.5385
77.1274
101.728
88.0003
76.1112
83.3003
79.1695
75.9001
91.2152
81.1338
81.9482
79.7254
83.1749
75.9869
83.6051
76.2777
78.5964
80.8477
77.3422
84.2545
85.8462
78.2693
77.2663
79.2832
85.236
75.7187
89.5431
80.785
74.7108
79.69
85.4161
75.0546
79.8413
77.5626
81.3495
80.0634
79.1949
75.9946
75.6678
77.3515
81.8618
81.2956
79.9287
77.6297
79.965
120.229
79.5343
78.4338
78.4584
76.4559
78.8378
93.4346
80.0268
75.6365
77.307
86.0742
79.071
86.3378
77.024
75.5984
79.3527
92.8023
79.5984
77.5231
78.3764
76.4704
78.9407
78.5413
83.5196
80.0539
92.3447
79.0364
73.9763
79.7169
78.4944
74.0133
76.6416
75.3749
81.7593
76.6031
79.3768
78.319
78.5027
76.117
80.0487
75.3574
77.0546
108.225
78.8316
82.6254
75.9222
74.9334
81.6848
80.7915
79.2435
76.7105
78.156
83.9023
88.3574
75.8632
77.7524
78.8586
76.7238
77.1335
126.842
77.6822
81.2702
89.1582
81.5797
77.6355
76.8592
78.6106
81.9282
78.2821
77.4832
76.2438
80.5606
76.5879
74.9176
80.3607
76.5096
83.2897
84.8337
75.936
77.192
75.8901
78.8708
79.3733
76.8169
77.0791
88.7611
74.1876
78.7596
79.7138
82.8079
81.8865
83.8275
77.7977
80.4508
75.189
74.8317
80.9429
75.6964
76.5205
88.9738
77.6591
89.4091
76.4519
79.8975
75.2075
78.0893
76.1383
77.6203
79.1774
80.277
77.8208
75.5859
100.533
86.0316
78.1048
82.3805
79.0834
77.9734
75.3961
86.9137
78.4631
81.5519
81.152
75.5518
79.5108
84.4314
76.1328
77.5489
80.6825
77.4926
76.6663
77.9167
76.1225
80.9269
91.6906
79.0832
76.2623
76.7991
76.1881
74.8011
77.8771
74.5145
86.8319
76.5401
77.7429
95.6364
78.0552
75.1884
102.068
78.0431
75.9261
81.618
78.2553
76.3739
78.4572
85.2667
77.2806
74.9349
90.0917
74.2505
78.6366
79.2895
78.0145
76.3157
75.6507
75.964
75.3556
77.2902
80.4832
75.5609
74.8876
81.1258
75.7153
75.5834
78.5523
77.6544
77.7926
79.1494
93.045
82.5614
78.8253
85.8661
75.1331
76.7772
76.13
78.3893
88.2643
81.2596
75.2117
80.6826
78.2318
77.4152
75.7549
81.1481
85.041
79.1653
80.5609
78.1743
75.7019
75.9162
78.61
76.5548
81.2377
81.9542
76.7498
86.8376
76.1465
79.3015
96.683
78.0272
78.5366
75.1509
76.188
111.542
79.4549
78.0885
84.908
137.572
84.5153
78.2973
77.4031
78.957
75.5104
77.5888
80.1562
80.5766
78.1196
76.9894
76.4523
93.0562
83.1391
78.6791
83.3498
77.517
77.1626
77.5189
76.1592
78.5312
87.7315
95.1212
75.6637
75.6594
78.7746
81.2667
79.1897
75.4448
81.7921
80.7986
88.1556
76.6178
79.1862
77.5456
79.1262
83.6757
82.6241
78.3621
78.6427
83.2834
75.5043
80.9448
83.6123
77.8646
77.5291
77.7414
77.642
80.3894
77.179
79.1422
83.1019
91.249
76.0414
78.8926
76.7845
77.2899
81.2683
75.2489
77.342
80.2892
78.3898
120.816
86.3359
82.1271
77.2208
83.0246
77.2527
75.4794
82.0464
80.6788
75.7599
86.4922
78.218
75.1784
101.579
81.0661
84.1877
79.4744
93.7687
78.6555
79.4587
88.8075
76.7949
80.1461
80.248
82.1491
79.8019
74.8463
78.1634
76.8482
76.913
76.0209
78.9846
75.0103
84.8274
78.02
80.6728
80.0709
76.9278
77.0139
78.1832
77.6247
74.1578
76.4637
76.732
78.113
76.4705
86.9226
79.8659
78.4421
79.6977
83.2274
77.7195
78.4948
80.6459
78.8548
114.24
84.9363
80.4787
84.6003
78.5485
77.6515
77.1165
78.7715
125.311
79.1004
89.2028
76.8302
79.9663
89.1082
74.1248
78.5177
77.1239
76.7068
75.0013
86.2002
78.8737
76.4749
78.856
76.6046
77.8952
77.436
80.0303
76.2391
76.3063
80.2724
77.1095
80.1476
76.6205
76.4914
81.7972
86.5465
87.014
77.1315
79.5078
83.0712
79.7323
77.2005
75.7859
82.1803
76.4036
79.3073
76.6014
78.2292
74.3471
87.5416
85.1777
74.3023
76.8782
78.551
80.0222
78.8049
79.4458
78.1595
76.2952
75.979
79.6157
77.1591
83.8454
79.7637
78.2644
78.9942
75.9857
81.7694
75.2126
78.8338
75.3143
97.7262
79.0509
75.1929
75.9259
78.4657
80.6895
75.3076
78.5803
84.3082
80.2453
76.5967
77.2259
75.0467
75.6986
84.4654
76.2611
79.972
77.9705
77.0456
77.4281
78.5543
163.52
77.5515
108.183
79.3729
86.7521
80.7863
80.5261
75.4921
91.1831
76.8939
77.8228
75.022
114.045
78.8676
80.8718
76.6259
85.7497
76.9807
76.1781
79.0505
96.9101
76.8154
78.088
81.0783
86.1999
77.6817
81.7911
78.6186
85.092
79.2384
76.8454
86.7767
78.5757
76.3774
80.5548
78.6079
78.0998
81.2829
89.3864
77.4963
83.2715
85.2213
78.7004
87.082
80.5104
78.0506
77.3981
76.8252
77.6048
76.4967
78.4929
82.3627
75.4129
81.1333
76.5612
130.556
75.6926
80.4445
85.6655
89.3938
77.8324
80.623
78.1046
78.5843
80.056
86.1962
78.0879
75.0731
82.7576
80.8983
77.0982
78.2718
77.1933
79.1099
76.7535
76.3686
73.9392
75.8263
79.4954
108.136
81.0673
82.5231
85.6671
85.9009
74.7192
81.6158
74.7237
78.991
77.0284
80.2585
79.746
76.2374
76.9748
81.6228
77.1508
78.2468
78.1358
80.3928
81.2841
78.4401
85.0855
81.8066
81.0916
76.4213
76.326
79.7506
76.1166
81.6682
74.2171
91.1788
79.1826
84.3166
76.5981
83.2231
75.7383
81.1867
77.6407
77.2128
87.2019
78.4324
80.1103
79.2869
77.4185
78.1735
78.9737
76.2956
78.5127
75.5207
80.5697
77.5502
76.2736
78.254
81.9183
80.2399
77.877
76.2797
79.4319
79.4307
77.7112
78.5436
76.8545
81.3995
78.6449
80.8475
85.7115
76.6835
77.5962
76.6216
77.9303
76.4275
75.8644
84.4284
76.1672
78.8894
77.4138
84.2852
77.1992
77.885
105.188
85.7031
79.7113
77.3158
88.2958
78.3821
76.6854
78.5417
75.8562
80.0155
76.9681
79.7631
81.5634
76.5703
75.9942
93.472
75.5186
86.3935
82.3591
76.0516
83.1111
77.4277
77.9838
77.3771
83.0537
76.4306
78.3748
82.2581
77.7997
79.4482
77.196
79.1757
76.6697
78.3544
83.4132
77.8558
84.5707
89.2315
79.1306
78.1344
86.3209
80.1616
75.8994
75.6933
78.8687
75.6741
75.3307
82.8906
82.0094
78.8711
82.4673
79.0786
78.6078
79.5297
79.1369
93.4447
108.245
76.5423
76.1944
77.9008
75.433
77.3287
75.0714
81.5133
78.5059
76.4242
81.2245
78.2212
76.4665
83.3704
75.0236
80.269
82.8725
77.8297
87.7237
79.6007
77.4217
80.3284
84.5214
86.0338
84.535
79.697
74.5889
75.0503
76.2943
78.1293
78.8176
78.527
77.5454
80.1448
78.0357
75.0883
80.5736
76.4798
95.973
75.7312
76.7906
75.7038
80.262
80.7419
78.0647
77.7213
75.834
79.821
77.035
75.6064
77.8869
76.0149
85.9259
85.0603
85.4811
78.3376
76.1818
80.657
88.3812
78.2228
85.1179
75.1149
100.738
80.0297
76.3332
74.9767
79.6023
75.4232
79.4958
76.8771
77.8564
77.0727
79.4482
84.5235
80.769
75.8279
77.7503
83.2228
100.244
92.8503
80.7456
78.6267
77.0748
80.2841
77.9959
76.9586
79.0932
76.8263
76.5283
81.5127
81.8983
84.9547
76.5323
78.1242
75.8392
82.2269
186.951
78.8049
78.6159
76.7195
76.9693
77.6703
78.7076
84.538
81.0357
80.6891
77.4086
77.1621
78.394
81.8041
78.1195
84.5014
81.1001
76.2783
74.493
76.9477
77.2804
80.3317
82.209
79.3416
77.7776
73.8773
78.1695
74.7929
97.7496
76.2124
74.3015
76.8645
78.3343
77.3431
76.2979
75.8801
80.0856
77.9859
76.9138
75.6832
77.7463
89.0092
78.0217
88.4737
79.6925
77.8388
80.5254
80.2763
78.8997
77.335
77.4917
75.7608
78.6583
77.2174
77.6896
74.9888
78.0933
80.7189
79.9742
75.9326
76.7663
77.6182
74.6476
79.1961
76.624
82.1698
78.4529
81.2902
78.4732
79.408
75.6701
100.833
77.2131
78.7225
77.36
75.9313
74.091
91.3982
77.2573
85.5007
81.7232
86.3925
78.0978
76.0063
82.3837
77.0782
81.7387
75.1628
90.5935
76.4786
85.1086
79.177
73.8664
84.6964
78.3217
77.4981
75.6569
90.4578
77.7445
77.5632
77.9826
78.7421
82.5805
82.4089
78.1745
84.1383
77.9547
77.865
77.3433
84.89
78.4951
77.6003
80.1136
76.5662
81.1176
76.8695
76.2298
118.434
79.5955
79.4301
77.9319
82.2675
86.8282
82.3654
76.4648
76.6252
75.7486
85.0735
82.5969
74.9412
76.0714
86.0716
79.5526
79.866
78.4624
80.8714
77.96
77.2149
75.0499
75.1717
85.0725
79.7206
91.2275
80.1658
87.7827
79.5974
77.4896
77.3844
76.5037
77.9811
75.6838
81.3032
76.2184
77.0844
81.3319
77.9694
78.0763
76.761
80.0731
77.35
83.2741
76.1798
78.1253
77.4182
77.2021
77.9432
76.4787
79.4536
87.2376
97.166
81.4767
77.7283
79.9694
80.1197
81.4948
78.8515
77.6491
90.3588
101.531
82.2055
80.6795
82.0794
77.6891
88.1513
75.0861
77.0968
82.4656
75.6571
75.8659
78.187
75.1518
76.022
79.2514
75.7055
78.4563
82.9095
77.0683
84.5438
82.0588
80.5032
87.9687
77.7446
81.1878
89.681
78.945
78.4823
126.054
77.6522
77.1588
77.4969
75.664
81.0854
81.3249
77.5251
85.4629
87.7569
79.0864
82.1663
82.7322
78.2476
82.0539
78.0597
79.8682
81.8099
73.956
76.4187
78.0899
77.804
76.0512
75.3105
75.8511
77.2815
100.364
75.7157
90.4546
85.4694
79.701
83.3556
76.0905
77.8093
76.9877
78.1776
85.5752
76.6963
84.402
77.3857
75.8362
82.9848
76.1695
76.7183
80.1708
78.2316
79.8733
79.1569
79.7315
92.3383
86.0485
78.1778
76.8535
79.2304
79.1512
75.9037
76.6989
77.7125
74.2702
78.2741
76.928
76.0978
104.125
78.7741
76.4374
80.8235
77.7179
76.2597
86.6764
75.5902
76.0776
78.2665
74.8987
78.9713
75.8473
84.717
93.7902
80.19
75.2149
92.8714
76.868
78.2552
75.9194
78.3855
80.872
76.6401
81.1694
77.5403
76.219
77.9169
76.1575
77.8641
79.6178
76.748
84.5163
92.951
78.5734
76.9521
84.1268
75.306
82.4236
75.3258
79.827
74.4963
86.2132
77.5801
78.3804
81.2259
77.424
77.8417
76.3444
82.9948
76.8889
76.2309
77.2728
82.0291
77.8312
79.701
88.0536
80.7719
76.3491
76.7755
75.9524
81.7577
81.6049
76.7353
82.2167
78.4662
75.0017
77.013
84.0204
83.2599
76.9905
77.6596
86.2142
76.2592
76.0165
77.4735
82.1312
86.7641
76.0434
78.2833
78.1005
78.1124
81.2588
75.5581
77.5944
81.6148
76.4971
79.8
80.5985
82.5548
77.9808
93.4759
81.0846
78.03
79.1144
75.6921
80.6179
78.0575
76.3772
77.776
77.3849
77.025
79.6315
76.03
106.885
76.2273
81.6618
78.7541
76.8337
81.4546
79.5255
78.0782
81.8461
80.5255
79.035
77.1726
83.9977
77.6656
75.7038
76.9646
76.4668
80.0683
77.2823
96.7337
96.5906
79.7615
74.4399
88.4726
77.5994
80.8518
80.8027
80.8025
80.1165
79.2474
84.63
76.7894
77.9513
80.4366
77.712
83.5603
85.0391
77.2763
250.377
78.5815
75.306
76.1348
77.1721
458.35
75.3876
77.6392
81.8872
81.8812
75.0594
77.556
76.0627
82.4252
77.1207
74.8314
76.7619
76.416
82.7407
76.4287
76.4514
76.2719
84.5695
82.2652
77.394
81.1502
75.6055
83.7553
79.5829
76.8974
75.735
78.6564
78.0845
75.9707
78.991
76.721
77.6246
78.2305
81.3504
80.1515
84.8227
80.0992
75.8026
77.2266
77.7144
80.9552
75.9066
75.1194
76.5407
86.0694
81.3428
87.0651
77.0418
80.4734
78.0244
76.4641
79.5324
93.8739
76.8967
78.5091
77.6848
77.5304
77.1413
74.8924
75.4366
80.6502
78.7893
77.2879
82.4382
78.4724
76.354
76.8149
77.9214
76.9407
78.3125
78.0941
75.5171
83.1746
90.3023
79.5173
81.8148
79.0601
81.6453
79.8317
79.7343
76.2446
74.6992
77.0504
78.9037
77.2117
82.5733
77.7381
75.0414
78.5007
78.1553
75.5493
109.994
76.722
75.6247
73.7145
75.5543
76.6174
79.387
79.4417
80.9533
78.16
84.3218
79.5108
75.2863
90.7415
83.1485
76.9939
82.2244
86.026
85.4664
77.7937
79.2926
80.9481
86.8396
79.8147
74.1059
82.9529
83.1901
76.1563
75.236
75.9149
139.074
77.7832
77.2379
80.0982
78.0292
89.4367
85.9397
127.663
78.7585
75.8142
107.457
77.1921
78.0384
80.2746
76.1773
77.7959
76.1979
78.8443
76.0878
78.2385
75.3347
77.2309
81.2135
74.8447
82.3987
74.6796
80.6486
83.0216
75.7892
77.4977
82.7237
76.6345
216.924
83.338
78.0737
78.4304
79.7986
76.4125
83.1501
79.4819
79.61
102.639
81.2291
77.0267
74.5319
76.5804
82.5433
78.4825
80.8337
77.5987
82.0519
74.9982
76.2689
88.0519
89.6602
80.4931
77.8686
82.2519
76.897
78.2749
79.074
82.8311
77.7589
77.0386
81.2964
78.271
79.9601
78.3238
75.4899
76.6615
76.9293
74.6514
77.024
82.5835
77.842
81.0959
81.5913
77.4446
77.0863
78.5273
80.9221
86.8856
84.9148
81.7885
77.7479
79.2276
80.7635
81.7365
76.1486
123.841
78.2938
79.9184
78.0272
76.1991
74.9404
79.3878
77.8991
76.2494
81.811
80.9649
83.4718
80.4387
78.1992
76.9
80.0636
81.0448
77.0881
80.4743
79.8586
74.403
79.4415
76.8669
79.9408
75.4324
76.8084
82.6193
78.3723
76.2714
78.2697
83.7022
81.7795
76.0599
92.2847
96.1288
82.9095
84.267
77.5174
116.908
93.6896
81.5003
76.9947
76.7505
79.9124
81.4215
76.5347
74.3704
80.8311
78.983
77.8565
80.9753
74.7638
77.265
85.8087
77.5479
84.5555
79.6944
83.7832
77.2333
77.7994
80.4003
78.1363
79.9451
80.1866
74.9046
581.161
76.5515
84.1559
78.5583
78.18
78.4036
82.9104
79.1441
76.5473
116.533
77.8105
76.7561
77.176
74.9085
86.9993
76.5182
79.3184
78.6997
84.523
76.1863
82.4335
78.6811
77.975
101.123
80.2863
81.4837
76.6223
82.2643
77.6481
90.0447
81.8703
79.0498
81.7268
77.8128
76.4451
78.4626
77.6575
78.7504
74.9284
147.474
124.121
94.1253
78.5178
76.8918
77.3811
80.5562
92.7943
77.9252
80.5452
77.0325
84.3451
80.2161
129.852
77.8267
78.9239
77.4503
75.713
82.8655
78.089
77.0827
92.4994
82.5152
81.6823
78.1325
84.8101
78.2792
83.8397
86.1571
86.6424
79.7784
76.0199
88.4458
389.655
75.7091
89.6147
84.0835
86.5394
81.2844
81.5581
77.0927
92.5755
74.8335
78.9877
78.351
78.2602
79.4084
83.4492
81.4624
91.8486
93.608
74.2629
80.9686
75.8273
75.2925
81.3182
76.5972
77.9498
79.99
74.8941
77.8712
84.1685
79.3019
76.4908
75.0387
77.6948
77.0546
78.0514
77.2434
79.1116
76.9535
79.1098
81.3628
77.0149
78.9894
76.024
76.5039
77.8393
77.6589
77.398
77.5261
82.6732
79.841
80.662
80.018
77.6089
82.4641
79.523
77.8256
82.9657
94.6616
80.5116
75.6031
79.6601
77.6781
78.3342
76.355
74.4459
79.1744
78.3563
76.6176
83.1777
76.782
76.1313
80.8613
87.8059
83.7452
80.0819
86.9114
78.4706
83.5743
78.1983
103.297
81.1663
82.1695
77.6466
78.7684
81.7004
83.4032
87.3049
77.5243
76.0446
81.7703
77.1428
88.4406
81.4848
107.024
77.2781
76.4502
75.7956
85.0056
77.9685
77.3036
80.2675
83.5251
76.2672
77.1353
81.1129
93.9629
75.1736
80.0051
84.6414
77.2857
81.7196
77.3729
77.2218
77.6663
79.3569
79.7122
84.4387
82.7155
77.1184
77.4584
78.2217
86.6423
76.7198
84.0277
78.6012
78.135
78.2215
81.857
77.602
75.9409
83.4706
88.6475
75.7968
77.8058
77.7667
75.4434
78.1357
79.697
81.9632
80.4072
84.8872
78.7647
76.2381
91.7084
83.0141
74.9986
88.4312
76.964
75.5235
77.8939
85.0965
79.4933
80.1441
81.6148
82.5679
81.0814
80.3198
76.6624
75.0859
98.0385
77.7727
83.4945
77.0364
85.3765
79.9845
76.7662
88.4099
75.0288
81.7961
84.4331
76.5672
74.5957
79.8897
79.1987
78.3274
80.3246
79.1147
79.5135
74.9652
75.9377
80.6739
80.3446
76.4125
78.4924
78.7895
78.6673
83.687
75.8538
98.3277
81.3374
78.8791
80.5952
82.3388
80.1159
80.051
83.4697
79.9438
76.9875
77.2107
76.132
76.1266
86.6338
76.6986
82.3184
82.5636
145.252
93.6081
91.2646
111.507
77.2539
90.6278
75.4184
80.276
80.4507
81.1285
76.9712
76.3236
78.9199
76.5108
77.7644
77.353
73.9509
121.366
79.1133
78.9562
78.3155
77.2541
79.1385
77.1455
78.9841
151.091
75.6055
78.234
81.8247
80.5133
75.966
79.6398
94.753
80.3041
86.7729
77.483
78.5225
76.581
76.3664
77.9211
81.4441
78.8767
79.2493
79.2834
79.9602
82.6868
84.079
80.6068
77.9405
78.5041
80.7335
77.7341
80.3744
82.1642
76.4228
77.944
77.9919
76.9884
75.1302
75.9391
83.3868
82.4375
76.3227
77.0447
80.3744
83.9354
77.8746
89.3804
78.4476
80.5593
79.735
80.7405
90.4978
75.8604
89.2088
81.0509
79.2762
78.3731
80.5084
73.0161
86.9652
79.6643
78.4886
77.5885
80.8256
86.5783
76.5327
76.5433
80.0026
79.6373
77.788
81.0304
75.7645
78.323
78.1795
77.8092
79.9004
77.9641
85.1901
267.294
78.3238
77.0569
76.5539
87.4055
92.5975
78.8858
77.1984
78.7262
99.9318
79.0371
81.9356
82.484
78.5703
85.7895
79.4697
77.7718
78.8939
79.2705
78.0698
79.1064
76.3284
77.5048
78.6607
78.1488
78.3426
80.5999
85.636
102.353
76.8828
81.1859
84.4914
79.2421
83.0905
77.6442
80.9513
77.505
85.5146
76.8683
78.0456
80.0636
86.0583
78.5024
83.0738
83.6627
79.6201
77.6496
77.396
94.1344
77.939
78.2098
151.673
78.5018
76.106
84.928
79.5302
78.2552
76.9937
79.352
74.3034
81.2564
77.2423
79.567
81.2109
77.1699
79.9357
74.3235
81.6349
78.8575
82.2803
76.9966
77.397
78.9497
79.8329
81.3543
78.1309
76.2052
76.1322
76.5243
82.8732
83.0041
79.4647
80.3133
79.486
76.3095
76.2441
77.465
77.7224
76.983
92.9312
78.6291
79.9843
77.664
76.2706
84.5895
81.3812
85.1218
80.0475
81.8032
75.8175
78.8212
86.6263
83.7251
110.307
78.7913
77.2319
75.5887
80.0525
77.0725
80.1547
76.8005
78.2502
82.0965
76.0941
78.2654
78.7393
75.435
77.8369
77.468
83.146
97.2422
78.2551
84.5367
79.5982
77.5112
81.0262
79.3103
80.7208
91.3682
80.2597
76.576
83.7316
77.1728
76.948
85.7416
79.4992
77.1528
83.5433
85.5568
79.4705
77.1353
79.1527
83.9267
79.098
88.6266
80.722
129.161
78.442
76.9654
76.6498
79.9867
78.1107
78.4356
79.5191
83.0703
107.398
78.6284
79.128
79.8122
76.3134
76.7733
78.1169
76.0136
77.3019
80.9644
78.8552
81.9886
77.4328
89.2784
83.6484
84.0334
83.7341
76.0238
79.396
77.7179
78.3455
83.9821
76.9517
81.1288
113.998
79.5199
80.6844
76.4267
80.4037
79.5229
76.2902
79.3859
78.5603
81.3898
76.0387
77.4858
82.6384
76.023
77.1851
75.5394
115.599
74.4162
75.4858
82.7237
78.1505
75.936
82.5297
75.8898
78.3053
76.7512
88.8488
102.819
78.805
77.6879
103.807
77.4113
82.1437
104.249
77.6253
78.8454
76.1298
80.643
81.3736
76.3705
77.858
75.1274
81.4731
78.6945
86.2055
75.599
76.3252
79.2604
79.6143
76.522
76.0578
76.8674
105.073
80.1559
79.8402
77.772
78.959
77.2622
76.3554
75.5378
75.7773
77.4617
77.9029
75.831
80.1041
81.9917
77.4314
80.9032
78.3382
75.2407
76.0406
81.4348
77.1472
79.6892
84.3744
77.1632
78.0949
76.5222
75.8231
78.121
101.494
75.9301
78.5084
76.1663
92.7774
76.8641
77.8738
81.8801
78.8273
83.2785
82.9851
79.6557
79.2485
86.6078
75.4751
77.8995
77.7266
80.4875
81.9996
88.6995
77.6727
77.8091
79.799
77.7159
83.4467
81.0454
85.2789
76.1359
85.6522
82.0928
78.7304
81.0022
75.6467
76.3844
78.2105
82.8807
77.462
82.9814
74.9063
78.5692
78.5194
92.1843
97.6232
81.6057
75.2576
80.1871
75.36
80.4947
76.7893
79.9832
81.2196
74.2253
80.581
76.8715
75.6689
76.8062
77.9997
91.6234
76.5145
81.2271
83.6023
76.9353
78.1395
75.0979
81.1324
78.6586
79.811
78.4161
78.9047
76.7943
77.4866
77.2659
78.7957
76.6909
77.015
77.349
91.6111
79
80.5266
80.1393
77.9154
86.0117
76.6346
79.6452
77.0625
76.8415
76.1578
78.2159
79.2375
77.959
75.098
94.6067
215.376
76.464
78.5401
76.8757
79.8154
77.6928
79.4239
79.4337
83.4105
86.2852
78.1964
78.4553
77.6936
76.0555
75.8913
85.2559
76.781
82.9635
78.8245
76.6727
78.7477
85.8254
76.2914
80.1071
78.9831
77.0032
80.5239
84.992
75.0283
79.8924
79.149
78.9774
127.104
76.1167
75.9313
82.4123
76.6738
81.616
81.9936
100.9
80.0629
77.3901
76.2303
79.6434
77.9
79.1224
82.0156
77.399
76.5809
77.8608
79.7338
78.3601
79.7033
88.145
78.3596
74.7794
74.3446
80.8857
89.8704
77.6652
76.7795
74.0302
86.9518
79.554
94.9019
77.4541
82.5223
75.9329
81.3061
77.8721
76.498
94.4903
75.0016
75.7461
82.5103
82.8108
78.4008
86.1652
79.5503
79.2291
75.8293
74.5192
98.6016
78.8199
83.5371
75.9329
76.216
100.909
74.0064
80.3219
85.208
77.7405
75.5637
73.9462
94.4198
76.1189
81.2649
78.2044
86.9193
99.6619
79.3316
75.4929
75.7456
81.5785
78.8189
102.362
80.3451
84.6702
77.7108
75.0948
82.2919
76.8499
77.5905
81.9025
80.9113
79.1989
83.8892
77.677
81.9368
84.2815
89.2784
74.8975
80.1951
79.6614
81.6197
82.1078
77.5228
80.768
79.5279
79.2699
78.2149
78.178
76.0498
78.2607
77.2479
99.9169
75.9358
79.2285
80.8685
77.1736
77.235
85.373
75.9021
77.1867
78.7244
78.1218
75.639
76.3844
76.4508
75.2498
78.6176
78.7581
87.3747
75.1822
81.8534
77.208
107.542
88.2829
78.7676
79.954
108.534
78.337
75.0903
79.993
77.8767
80.8896
76.8972
76.3167
76.5721
79.7284
78.3969
81.4375
80.3517
230.61
78.5107
79.8317
80.0602
73.757
76.3038
79.4161
81.6248
77.1502
80.9714
78.3894
78.6442
84.3905
74.6099
73.6952
76.4737
77.5637
78.4943
74.8268
80.1865
80.8461
82.2511
77.1345
76.2894
78.4453
76.8212
80.6046
76.5305
81.4024
98.8337
80.6107
76.0883
76.8922
78.6744
79.23
75.6511
78.094
80.932
78.1422
76.3524
76.0117
80.5076
77.6125
76.7238
78.7295
77.4689
76.7768
75.8827
76.8568
80.8357
77.3037
78.0412
76.1405
89.1591
75.6508
77.2691
89.8705
77.6071
80.8657
76.4917
76.1442
75.8277
92.0289
82.045
76.3705
73.9864
75.1503
75.8034
93.2149
81.9647
147.622
76.9425
76.0476
78.5799
76.047
77.5463
80.4204
75.2262
108.825
81.6903
77.7281
79.9617
74.1789
79.398
78.1396
78.4544
78.7041
83.2831
73.8545
91.0215
81.3384
78.5477
80.1674
74.6385
77.7507
79.3649
80.0686
79.2977
76.14
78.9905
117.31
77.364
80.0794
80.5399
82.1023
75.9132
76.7858
92.3756
78.1381
78.6814
79.2418
97.8321
76.7062
83.3696
80.9595
78.106
80.6203
83.8128
77.4778
78.8392
81.5504
80.1011
78.6774
73.9369
96.0552
75.8713
82.7262
102.69
77.102
76.7645
76.6643
81.4811
77.9976
86.7041
75.953
80.6328
84.4776
74.9527
75.2874
75.5056
83.7099
80.1701
77.4933
78.2029
81.1474
77.093
79.5595
77.5366
79.1755
76.4503
81.8281
86.6448
79.1445
79.5002
77.13
82.5865
119.81
75.8669
74.171
87.3966
73.9603
85.9949
75.2369
78.9867
258.514
79.6553
75.1895
75.9559
83.6895
79.0628
95.6447
84.533
81.5809
78.5877
79.631
91.0209
74.9348
86.0673
78.8589
77.0011
81.0283
76.7935
76.6624
77.1974
74.2939
78.1211
76.9048
75.9302
74.6169
76.0747
78.7401
80.5095
76.3617
81.0504
77.0326
82.2519
80.685
81.0579
90.0875
82.3202
80.3181
89.155
80.3619
80.6675
88.2111
79.6476
80.7871
81.6886
81.0648
82.1891
82.465
80.8292
86.3331
84.8623
82.6567
83.3025
79.7997
78.6532
85.2239
81.8913
82.0479
82.6268
83.5318
91.7184
88.7988
83.3304
83.7708
81.1254
84.0916
90.3407
82.189
62.4003
63.5931
63.3507
67.7554
62.5403
65.9832
63.6513
61.648
61.3297
64.8095
60.5189
62.05
63.1205
68.4187
63.1723
62.7147
69.4822
63.7228
65.6263
62.8597
62.299
68.3471
61.4742
63.2907
65.6334
64.9891
68.8645
64.5235
63.0535
64.5691
61.9356
61.6508
66.0013
62.7006
61.8478
71.4065
61.9886
65.4434
62.9607
71.4257
65.8658
63.2814
69.8473
62.9897
70.114
62.5987
69.9783
63.8258
68.1923
64.4936
64.0083
67.49
81.7149
65.6371
65.436
65.9101
63.4343
61.9493
66.522
61.4415
63.3283
67.853
60.966
65.9831
62.618
61.7244
67.2748
63.6569
62.6665
62.7873
62.5445
61.8697
62.1432
64.5264
63.9305
62.9581
62.34
66.3289
72.1179
71.2494
64.2721
66.5053
64.7336
63.7209
61.167
65.0671
60.5615
62.8127
60.1624
62.1837
62.9416
63.084
64.8111
66.6416
75.5975
65.2307
63.8848
64.7227
64.2845
64.377
72.6303
62.3124
61.4871
73.7951
60.7514
63.5155
65.2529
61.147
68.0576
72.0571
62.6708
60.0031
62.1924
62.4416
66.1345
69.2236
61.0963
61.003
61.7876
62.9664
66.6825
63.6843
61.1391
61.5322
74.6773
84.198
63.6348
66.004
64.0838
75.8696
61.3688
66.0893
61.8335
67.6842
64.601
61.0726
84.4781
62.5236
73.3108
61.2126
61.7373
61.8355
65.8164
63.2172
62.441
58.7986
60.5333
65.6926
62.5825
65.7841
72.9892
66.9716
65.6989
61.6336
64.2267
71.6554
134.366
63.8304
61.2608
62.3782
68.717
65.6959
65.1317
63.909
62.5572
64.7053
61.5172
63.1237
68.9309
149.573
72.496
62.9268
61.9251
65.4881
61.5345
86.0833
63.1492
63.4934
62.0406
92.1304
61.3618
61.825
62.5826
62.2301
63.7219
63.2833
73.8833
79.5569
63.8596
62.9198
63.7604
62.858
96.7275
61.5306
64.9876
61.4728
62.74
91.2026
65.0964
61.3107
62.111
74.2467
60.9544
66.7896
61.0087
62.5496
67.2592
61.6313
64.7623
61.5866
69.9366
62.6009
64.0095
69.7178
74.038
65.9434
61.2959
64.0826
65.5438
64.1733
67.048
63.0939
62.6927
66.5257
64.2673
58.6032
64.8876
65.2629
61.135
62.3044
72.9835
69.8054
60.3466
78.406
62.0625
64.4246
61.8168
61.8197
61.5727
63.3409
65.4059
61.5775
60.186
67.2691
68.0732
64.5835
67.1318
62.0902
61.979
61.0004
62.1246
63.0063
71.8532
69.9787
62.4802
62.4757
68.5961
60.1929
63.7432
70.0914
66.8096
63.8385
64.2014
64.5642
65.4025
65.0712
76.9817
62.6541
61.9729
59.8972
75.9147
71.7523
63.1521
60.8696
64.142
83.2059
62.1512
63.5884
61.8549
62.3199
61.8175
67.8928
61.2783
63.8153
67.9805
63.4874
63.2336
61.0994
59.4432
61.9727
61.6508
63.0099
69.0432
60.8093
63.6028
65.1441
59.6198
63.0438
65.9422
61.3763
62.7492
177.456
62.3876
67.3265
61.3539
65.2222
61.8462
61.655
60.539
61.9943
66.5769
74.2324
89.3328
60.3689
61.3611
65.7657
62.2104
65.5115
61.7641
60.547
63.5687
60.5116
62.533
61.6567
104.694
64.7591
63.6504
60.9649
63.6348
66.6617
61.4631
63.2243
64.7405
66.8187
72.6866
64.0451
86.947
61.8181
65.3135
79.7617
63.8654
71.8521
60.3183
61.1584
64.6743
64.5021
63.7186
70.1674
59.5625
61.6943
61.2504
72.2494
63.5127
61.013
62.6543
63.028
68.4329
64.4071
63.1207
61.4975
64.7591
63.304
69.2692
66.7684
73.4184
62.4197
66.7551
61.8575
61.2021
73.2253
61.2779
85.5724
63.9205
65.2951
61.6209
65.8924
61.085
62.6747
63.4248
76.8599
59.7758
82.2836
67.4789
62.5383
65.7067
65.5441
60.3361
61.1499
61.272
61.1069
61.6066
61.9651
63.7574
61.7636
62.254
61.8696
64.7959
63.8069
63.1673
63.4673
61.4402
64.0943
62.3188
62.1275
60.5938
69.9442
62.4853
69.9849
71.782
62.4906
71.913
60.6027
61.8223
70.9708
65.3854
65.5628
62.1058
65.1033
63.3209
64.3826
68.1529
90.4208
63.0929
63.4728
60.5385
62.6808
64.32
68.1333
61.8213
61.3625
61.6305
63.4999
63.6111
60.5957
60.7403
60.5612
71.4717
60.9522
61.5313
63.516
65.4998
63.2055
67.5584
64.7269
70.0184
59.6976
64.602
64.3803
59.461
68.8448
62.6539
63.4639
62.6445
63.4778
63.4925
65.2456
67.0776
64.235
64.495
61.7196
63.9314
66.3336
60.9859
91.3545
62.9687
69.2445
61.0526
66.1001
60.893
61.3589
63.879
65.8358
61.2719
67.8307
61.596
62.986
69.4084
67.873
62.9022
63.6931
62.0953
59.6956
63.3846
63.5307
60.7901
60.5961
62.5508
64.7939
61.8489
61.3454
60.9073
87.3578
62.2535
62.7872
84.5492
90.7504
65.7621
64.782
60.2764
63.784
63.8091
61.8196
63.341
67.0681
62.5065
60.3413
66.0312
61.9325
63.4731
63.2129
60.4879
63.8938
65.6041
60.2704
65.4098
61.1119
59.227
75.8516
63.2549
60.5506
63.3261
61.8819
70.6059
61.0762
62.0357
60.6962
62.697
61.0274
61.5645
62.3711
63.0873
66.7178
59.7717
59.8962
74.3476
65.6194
65.3484
61.6313
61.3952
66.6976
61.0965
85.6944
60.1169
60.3741
61.5491
64.3459
65.866
69.3394
64.4008
63.5082
63.5891
61.9198
69.8587
63.4017
64.2053
62.1858
61.114
62.928
65.5868
69.9107
63.0157
61.9642
61.9758
63.5341
70.8538
65.0944
58.9638
61.3557
62.2719
103.161
63.8263
95.3647
60.2421
62.8746
65.8477
62.7716
73.2052
61.1685
61.8049
70.0786
65.558
60.5295
68.6266
60.9561
64.2034
83.2804
66.9563
65.062
61.4385
62.7714
61.026
61.4749
63.8911
77.7588
62.9732
62.6737
61.3312
60.671
59.2413
58.9757
67.3137
79.6864
67.8779
71.0331
61.3928
60.5452
59.8309
61.1962
62.9796
69.3989
60.1951
63.254
61.8118
64.8517
63.9708
63.0421
74.5424
59.877
62.3787
64.8801
61.937
64.0306
63.882
65.7446
67.6991
64.4092
62.3759
395.892
62.0613
68.8688
61.8606
60.7674
67.3458
61.6942
65.1564
64.3843
76.8443
64.4817
70.5024
64.3717
63.8996
61.9943
69.3761
61.9381
63.1468
63.9183
66.8719
171.466
62.5476
65.456
62.3391
61.9018
62.9606
65.6411
64.6028
61.1226
61.0359
63.4312
60.6556
70.1701
78.2558
73.0897
65.2145
69.7954
71.8987
60.4287
66.9715
65.0344
58.7666
77.9349
60.9569
66.1364
60.4289
63.6241
63.1339
62.5102
88.5324
62.8353
71.7659
61.1519
60.5453
65.2163
82.2404
61.2136
62.466
61.995
60.1414
63.5475
62.8862
59.8274
64.5596
61.5185
62.4746
71.4375
60.6624
64.3814
64.6615
65.8984
72.0887
88.3002
68.4033
64.0594
61.8214
61.3559
62.9714
66.2728
72.0556
71.335
60.575
62.5552
60.5258
64.2505
68.525
112.896
63.1801
67.4061
68.5048
61.3273
60.3549
63.3108
59.5754
64.3201
62.7013
60.7296
62.9653
61.0197
66.6924
61.1238
63.6704
71.1616
70.0733
62.5004
62.4775
63.8046
61.1118
59.5382
66.631
63.9319
62.3234
61.9052
63.7404
68.0508
66.8396
65.5295
62.7017
60.4623
66.3173
63.033
63.1998
60.7548
60.7134
63.6701
61.178
66.1307
63.5772
64.7319
76.8043
67.0219
62.3761
61.4923
62.665
60.8714
65.797
91.8291
62.7376
61.5925
62.6323
62.3172
66.0138
65.4859
65.6793
63.316
62.1248
64.1184
65.5393
59.4979
62.2046
63.5696
60.8527
61.8816
62.679
61.0014
60.9574
59.6693
86.827
63.9162
67.7091
64.3956
61.1227
67.8677
63.5495
60.3923
64.0059
65.2836
65.3695
61.8472
65.5687
61.9876
60.1883
62.5487
62.0566
68.9217
63.6015
70.269
63.6481
63.3275
73.2383
63.0867
61.8189
61.2407
68.4817
71.506
61.2066
62.9406
66.4274
63.0948
60.1233
61.2603
65.0992
64.6783
70.2195
63.4117
65.6971
67.7304
60.6207
60.0143
60.8345
67.9407
69.3313
68.4097
61.4489
64.8025
62.7278
62.2614
61.1848
61.5317
68.7132
60.6407
63.3462
61.4142
65.7295
63.0184
63.8098
63.0495
65.2021
66.1044
62.5004
62.5403
69.4602
64.8472
60.0404
63.7228
65.0057
62.7173
64.7507
76.4642
66.0948
62.1704
77.0757
62.3753
62.4422
59.7618
62.7098
64.7751
62.5934
64.0632
62.4062
63.2268
60.1622
61.9543
63.1581
61.0368
62.8452
65.7905
62.462
75.261
66.4985
73.0926
64.4522
60.6146
73.8609
63.9769
78.0665
68.0501
62.2665
62.5371
61.6842
74.5692
60.8673
67.5598
66.0786
62.3501
67.378
62.2598
76.3956
62.1714
65.5395
64.6313
61.609
65.1464
59.8578
60.3815
64.0747
61.49
60.0526
59.785
60.3576
62.8033
81.3263
60.3252
66.8792
63.4409
63.6346
63.2319
62.6456
60.7708
84.866
69.4606
64.236
66.3075
70.5653
63.6248
63.3389
61.326
62.7823
61.6208
72.0556
64.4536
80.6543
63.498
59.4579
65.913
63.1414
61.1952
59.9861
80.0224
64.9327
62.2189
103.638
60.6263
61.8109
64.7497
59.5132
61.1911
63.9014
79.2219
64.2568
65.623
61.8629
66.6114
63.4608
60.0262
64.6806
60.8487
67.362
65.2688
60.6914
60.0225
82.0049
61.7384
61.7491
60.6044
80.7475
70.3248
61.7806
59.8351
62.3653
66.719
61.9249
65.7025
61.9747
64.6894
62.5761
67.2101
61.8937
60.3174
60.543
69.0688
61.0446
67.8038
66.1431
61.6489
61.6206
65.203
63.4825
62.645
70.2329
60.2671
59.0532
58.8896
61.1285
64.9979
70.315
64.8459
69.727
61.0332
62.2358
64.3789
62.3434
60.5558
62.8205
62.0814
60.5562
63.2796
80.0949
63.277
63.9973
67.3079
63.7966
61.6126
63.6186
85.8579
64.7624
62.8821
64.8222
64.4991
68.0517
63.3912
62.5458
61.6121
68.8514
68.0811
67.5791
61.9222
70.9225
68.1365
63.8042
64.3873
62.3043
93.2401
68.4943
77.2772
62.1804
64.7847
60.1704
61.7593
61.939
61.1526
62.2401
64.7995
67.6718
61.9704
67.3243
72.612
67.7282
63.3911
68.1307
60.5489
63.2861
62.1316
60.5691
60.3243
61.4917
68.5912
70.9905
63.2509
63.1212
111.718
68.6517
60.9039
85.3489
63.9139
65.0909
59.5534
66.8381
62.4334
75.0048
62.5123
62.2308
66.0542
60.7173
62.2447
62.347
62.3307
64.0691
61.835
64.0287
61.019
114.95
62.1358
64.1839
79.5687
61.1714
70.0183
65.7857
67.1075
63.5403
65.4354
80.2957
60.7654
62.3316
68.7083
63.3832
64.4283
63.3818
63.1511
61.062
67.3707
63.4088
62.3036
70.7081
61.0647
68.848
60.3769
62.4105
66.7695
81.2997
65.5428
61.449
62.2832
75.0971
63.4525
63.4655
71.0935
62.3852
62.5952
65.2985
62.051
58.7776
62.583
68.1227
61.8053
60.8181
64.344
61.3068
64.2274
63.5463
62.0634
63.9745
78.9195
63.2999
61.0142
65.0987
78.2723
64.1371
65.8825
82.1895
60.0586
62.3614
61.5743
63.5637
67.1368
60.911
62.4159
60.8103
62.3632
64.1394
62.7489
60.8408
72.4858
73.1395
60.5965
60.0725
67.5977
61.8274
67.7479
63.4845
85.7479
151.206
62.3202
60.4667
60.6782
99.7384
60.3056
61.8944
69.7846
62.8856
64.0406
61.3217
66.139
60.0057
62.6304
74.8616
75.9128
87.1393
71.7523
61.131
67.2845
67.3882
60.1664
66.9844
71.7517
64.7587
61.5171
62.4057
63.74
61.6383
61.1139
60.449
64.5116
67.617
61.9905
62.0246
68.6766
61.7562
61.9213
61.8039
67.4697
62.9866
60.3712
62.3362
70.1132
70.9468
64.9434
62.2428
62.1676
62.6901
87.3271
60.8111
63.0047
62.6106
63.958
61.2882
60.6349
58.3704
68.757
61.4742
62.5213
62.4174
64.699
64.4014
201.141
62.1532
73.3014
61.7609
63.9579
61.4324
68.0961
66.1863
63.6966
66.458
72.2245
62.6769
63.1124
68.1732
59.059
63.8304
65.0522
77.0825
63.0459
59.3875
63.5302
62.8416
59.92
63.5754
62.4093
66.9872
61.5081
71.2139
65.3946
66.7137
63.1288
61.2892
66.9985
59.2027
63.9215
70.5037
65.5948
118.695
62.7028
63.6438
62.7767
59.6708
60.3587
62.919
69.8579
69.286
67.9532
60.5705
74.9283
67.3566
61.3059
64.417
63.9992
61.1227
69.6329
64.7026
61.2955
72.8775
69.8738
61.5528
69.0715
85.3281
61.9519
61.1528
81.1078
62.04
61.7689
62.5366
63.317
62.5432
270.941
59.4738
60.089
59.5375
60.8662
69.8139
69.4666
60.6554
64.7266
62.1347
68.4039
61.2116
64.0723
66.3771
61.6428
65.4157
68.0781
62.5911
63.508
65.2997
61.5173
64.8735
78.2628
64.3325
68.3312
61.744
64.1391
61.8478
60.8088
63.071
65.9834
65.9866
65.708
59.6293
64.2398
64.1093
61.6824
60.6797
86.1412
63.6917
64.641
63.5503
61.1168
62.4641
59.4083
64.8047
59.8809
70.0613
60.9914
67.1663
63.3432
80.0702
65.4572
65.6266
68.0141
61.9259
68.2753
62.6556
59.1057
61.9605
60.2578
62.1321
65.249
79.2987
62.3974
69.7268
64.6642
62.5676
61.3504
59.7829
65.1064
65.4665
65.4443
62.1821
62.3503
64.506
70.3479
71.2741
63.9372
63.2717
62.2362
65.4017
60.6807
65.7317
64.8306
61.6734
100.313
66.9558
61.5544
63.9007
64.1444
63.217
61.476
69.3604
61.5299
73.6494
66.1724
202.288
66.0982
64.0147
60.9807
61.5216
61.8941
85.9294
64.8756
61.5618
60.1725
62.4324
61.8748
62.9713
61.4297
59.775
67.7835
61.7035
60.8988
63.2728
63.0019
62.0734
62.9414
61.4342
59.5696
76.1145
65.3543
61.6456
62.4588
66.3367
70.2662
81.3225
61.2743
62.4334
62.1954
65.5132
66.5092
67.4735
69.1534
63.9163
61.0644
63.1253
59.9058
66.9758
62.842
64.5103
64.673
61.5165
84.4668
64.1472
60.4861
71.3321
60.987
61.0958
65.6396
68.7186
112.364
63.2439
63.8647
62.9891
61.6169
60.9514
62.0382
63.5517
61.0483
64.7291
67.7639
63.7876
60.0866
60.9328
66.717
60.9888
64.798
63.7286
70.6885
64.9385
64.3497
61.8438
63.9724
61.5587
63.5283
60.2516
73.2432
60.0286
62.4654
65.3385
69.9949
70.9773
60.2737
62.1501
62.1694
66.9168
62.286
68.8865
61.4431
59.9806
63.8295
67.2083
60.6954
62.8912
64.6262
65.4697
59.5018
62.8855
61.7621
60.9625
61.8347
76.96
61.0559
65.9558
58.8482
61.0516
65.481
63.558
78.621
62.4139
64.9189
66.7967
63.7105
62.4793
60.6632
67.0909
68.3511
61.668
62.0145
71.329
84.2905
61.8019
67.2798
64.9037
60.4915
62.2165
83.0011
60.0798
58.5921
76.6139
63.2365
67.2831
66.3354
62.1989
69.721
85.4804
62.9452
63.3453
67.8407
71.1485
67.8535
59.8843
73.7896
108.749
60.417
78.171
61.7697
62.7566
61.4596
64.4692
66.5445
64.6704
61.7266
63.1082
64.1746
60.1919
77.8528
60.6839
61.2546
59.2552
67.8606
66.2554
74.1622
62.0762
62.9939
64.2965
68.5636
62.1771
59.8682
69.7343
62.7493
65.9423
62.8987
59.8959
60.3481
62.8204
62.4106
72.6346
60.4455
83.0667
66.6208
61.8578
58.814
59.1942
60.1734
59.8515
68.1696
71.5531
62.342
61.7024
61.4442
73.916
61.4842
65.8978
69.4396
64.4438
61.573
63.3463
59.8661
85.4028
66.9201
59.1053
63.6354
71.6091
67.369
75.9893
80.5289
63.5159
61.6444
67.7866
61.1204
73.6396
72.9761
66.5354
77.4348
62.9648
64.9639
60.8224
67.7677
66.558
61.2012
73.4575
62.8172
61.6195
72.4107
65.5031
61.1936
61.1371
62.7219
63.2013
62.2704
62.8122
62.4433
61.2239
61.7328
63.3771
69.076
65.4715
63.224
68.2494
67.838
72.5282
67.7272
61.3101
62.1747
195.16
63.2163
62.9138
68.7042
62.2243
64.8659
70.5598
62.5347
78.1507
61.8079
61.1382
61.2276
63.4182
66.7012
63.2826
86.7864
61.5718
66.413
60.9021
62.665
74.6188
70.7381
64.1987
63.1616
65.765
69.1289
61.669
65.261
62.5026
66.746
63.3467
61.9942
63.3556
63.2114
65.0886
63.6172
64.8974
72.2549
63.9502
66.6845
61.8801
60.3237
60.7891
60.117
63.3767
59.0203
63.3929
67.4579
64.6905
61.0256
64.7062
63.674
60.5035
61.1775
63.3829
64.5543
62.5519
63.4265
59.2176
78.8311
64.9025
63.0059
72.2644
64.5781
66.9461
65.8215
62.4378
64.1535
60.5289
64.6027
141.965
62.604
64.1416
60.9455
61.2325
64.6486
64.0487
63.6002
63.4273
102.074
65.4578
64.4916
66.8975
62.7573
339.378
105.481
61.933
61.9046
61.418
64.6858
64.6732
62.0306
71.3837
67.6981
64.9983
63.5928
63.6934
76.239
65.1706
106.677
62.9888
61.9988
63.4802
63.0357
60.0413
65.1684
62.4656
63.2093
62.1171
62.3657
62.4245
62.0138
58.9159
63.7685
61.1886
61.197
62.9412
59.5761
61.1674
71.8247
60.6293
60.1657
66.9633
63.2973
76.5777
65.4268
67.2906
71.6036
63.8039
64.7113
61.1623
95.436
65.5713
62.3462
59.5902
64.72
62.0323
61.1602
63.8817
68.7781
70.773
63.0353
65.3531
61.0928
117.256
63.605
63.9366
74.8741
64.1755
61.9454
62.9036
63.2
60.9607
77.0094
69.1586
65.7505
63.532
65.7712
64.2114
61.0206
65.5233
61.6972
61.0099
61.0057
63.8458
61.2824
66.9016
62.6708
62.6485
61.4941
60.786
62.4612
62.3977
75.8473
61.126
63.5041
65.6387
67.7982
59.9839
60.804
60.9604
65.3055
66.0283
61.3737
66.0769
68.4719
87.2649
67.1843
64.6132
61.5664
63.2881
72.2503
62.6352
64.4085
60.1272
75.4015
65.222
67.3607
76.3357
75.5859
68.5484
70.8117
62.1443
66.2883
61.1245
62.8476
66.6816
74.1657
64.8161
60.9861
69.3081
61.6695
62.2161
60.3739
61.8851
62.4226
62.0364
72.1401
65.882
62.056
60.982
62.3615
61.4506
59.8616
59.6991
67.8599
63.0626
66.8891
62.9338
61.622
63.3549
62.0828
63.615
59.8503
60.7936
63.1848
60.4838
60.8659
67.1034
61.6538
63.2837
63.111
61.6581
63.0304
65.7038
63.6894
63.0101
61.3078
62.2534
63.8312
60.8525
64.6169
68.0269
61.2783
70.0092
62.0345
60.4311
62.0213
60.3066
61.3781
66.4629
74.9573
64.5557
61.1786
60.3631
65.2677
63.497
62.3991
60.9785
69.8553
65.3037
60.5029
62.9512
65.4012
59.3079
60.8163
65.2216
61.0734
64.1686
70.4339
65.3267
