80.0445
75.6372
75.6271
74.2592
74.7224
76.6845
72.2082
74.6393
74.1696
74.1424
75.8291
74.1171
74.5938
75.6744
100.069
96.0326
87.6469
143.522
88.6479
72.8236
74.014
74.9941
79.9961
75.2251
72.1702
74.34
75.166
76.5308
78.571
73.9296
74.5835
76.3859
81.9961
74.1184
76.5725
75.3257
78.2647
78.6523
74.3455
76.7966
75.0747
76.8615
74.8637
77.1723
75.1818
73.7918
78.1542
74.3196
76.0491
74.8446
76.2727
75.6657
106.237
85.8634
72.9057
81.1114
74.3267
79.451
74.3539
75.3833
73.4519
78.5174
75.5067
73.448
73.8389
79.3192
71.6779
77.4184
74.669
73.2053
76.3219
77.3844
74.1558
85.2709
94.3017
80.9269
73.6931
80.9898
75.3346
80.5769
74.1958
79.7675
82.408
73.2105
76.9803
75.4683
73.4045
75.3237
71.6209
76.4272
73.4641
75.4672
77.0331
74.4979
83.5958
74.7043
75.9053
74.4298
74.4621
76.4366
106.119
75.995
75.3152
76.7454
75.4614
77.8081
76.9948
79.3697
76.4535
74.373
74.1829
78.0103
75.673
74.7474
74.4053
73.1359
79.088
72.7432
77.2051
76.3311
73.3611
76.293
76.9038
75.0331
78.5249
75.5452
73.8452
73.0727
74.1591
73.7427
76.1423
80.3612
76.7517
74.5477
77.3289
82.0397
80.4623
75.4105
76.1052
84.405
73.8152
77.754
76.9459
121.318
73.4204
99.7255
75.9921
78.6487
75.615
74.835
74.5343
75.3327
74.9343
74.7115
76.3183
73.8084
91.6523
76.2169
77.9217
74.9486
82.5966
78.6835
76.8715
77.0719
88.1516
75.2313
77.4861
75.2617
72.5671
74.4869
85.6395
74.7419
74.5837
92.9626
75.4575
82.0911
78.2722
87.4803
74.2487
76.7444
77.1685
80.0606
75.6295
75.2147
73.6595
75.1655
74.9125
74.9306
76.2238
198.278
73.4552
79.0016
74.6339
76.8292
89.8819
72.8787
79.9281
76.7363
75.6899
77.199
79.2005
75.1188
70.7272
104.957
74.3521
74.7468
77.6017
78.6559
79.7049
83.0576
75.66
79.7999
73.9696
76.7066
73.8022
77.643
74.0951
73.7244
74.5458
75.8816
77.9272
111.687
75.7084
78.9874
75.5622
74.5976
76.8098
75.0702
73.6931
72.9188
78.9918
78.6164
77.9433
73.3602
80.6957
82.0366
81.408
73.6904
76.4303
83.2357
74.3416
75.6766
73.8073
92.4119
74.2003
76.0309
74.2224
75.5517
72.6488
75.7557
73.7295
77.258
75.1349
72.7961
77.966
74.976
75.9076
94.9809
76.0722
76.9225
77.6583
75.8174
76.9466
76.104
89.3383
74.7092
75.6693
73.8449
74.2296
77.9829
77.864
75.4773
73.2884
78.206
73.398
75.3997
75.2203
77.0876
75.421
75.4257
79.0232
76.2885
73.5594
74.4746
75.581
76.4928
76.6081
73.5118
76.0244
72.716
75.5396
76.4339
73.0148
73.9219
72.2626
77.6312
77.984
80.9689
74.434
75.0939
196.071
75.2012
79.1559
76.3404
75.1579
191.103
81.7893
74.5264
81.9436
73.1104
75.7811
73.9789
76.5144
73.9028
74.8459
74.9498
75.5748
78.0052
76.3022
74.5661
75.029
71.9521
74.05
74.5616
77.2712
84.9989
73.6424
83.3341
73.6736
73.8947
95.7298
77.0495
79.233
74.9779
78.8092
76.7706
75.5108
74.685
73.1271
79.9078
74.9347
79.41
76.8896
85.3998
75.4211
73.5846
92.1062
79.3514
84.3781
76.5602
74.5343
75.0736
81.3601
73.3166
75.7148
73.6744
75.3692
87.4033
76.4511
73.1931
71.1447
76.4071
75.0615
78.5368
73.7401
78.2748
77.1359
166.616
74.3761
77.8149
75.6832
75.6963
100.516
72.8919
78.4928
81.3416
74.9028
74.6203
79.3531
107.015
74.6245
73.078
75.6815
77.2608
72.5007
75.689
75.0597
73.4859
164.813
77.054
75.3285
74.6425
73.4942
73.8449
77.1899
78.172
86.3243
78.5538
80.0275
81.612
77.1619
86.8264
73.7787
76.8722
75.5645
72.1433
76.2712
74.1448
75.4194
72.4265
73.2912
77.4233
74.2249
92.1126
73.7354
82.9408
73.593
80.1711
74.911
75.7778
73.1054
76.9891
83.8969
74.9872
78.4713
78.7682
77.2284
71.6981
76.1937
72.4134
75.8362
74.0984
73.0698
88.3124
74.459
76.3353
76.0263
74.5108
72.3916
75.9971
74.7778
76.4686
81.1074
74.1227
72.6657
86.0758
111.579
76.9681
74.7884
74.0114
78.9307
78.2517
84.8076
76.4342
98.6235
74.7359
75.5195
76.9096
73.1478
73.0177
102.305
72.8492
77.4597
72.9237
78.1535
115.015
75.1049
75.0958
74.3241
73.654
75.9354
77.6728
74.2068
76.6421
74.7365
79.8703
78.3013
72.1545
71.6806
74.679
99.2782
77.89
72.5118
78.7897
72.7552
77.7919
76.758
77.7482
81.9909
75.234
81.7586
75.6052
85.1278
76.4406
77.4146
78.9313
78.8377
75.2983
73.8679
81.9183
76.9497
74.008
77.2096
75.0681
74.6929
76.0958
74.4137
72.9764
83.2678
82.0473
72.8964
75.9642
73.6689
74.6795
75.8893
78.0808
76.845
79.7183
84.2753
84.9645
82.0672
71.9378
71.1768
74.023
75.8828
74.3835
75.9264
79.1272
75.7494
73.5744
74.4622
75.4016
73.5555
73.8258
78.8897
74.1504
80.0557
75.1676
77.129
75.431
73.5901
73.1959
76.1538
75.9873
77.6027
73.0993
75.6076
76.9965
76.1049
75.5841
79.443
75.7569
75.0817
89.6109
106.571
73.6937
73.7794
78.2619
75.0084
80.7772
73.0486
72.8496
73.0106
86.4419
74.7011
80.8591
73.3199
74.2147
73.0254
94.752
73.1356
75.1912
79.733
86.3462
98.7085
72.761
79.2527
99.4436
74.8175
75.4141
72.5133
77.9785
74.7568
73.2224
76.0827
76.1936
81.7726
76.9372
76.7977
77.717
75.4123
73.7878
75.2118
75.3309
76.2187
75.6982
74.6578
78.062
82.9696
76.4048
72.8808
97.2842
78.9188
76.9147
77.8418
73.9738
75.7801
79.2458
72.1925
74.9589
73.7701
77.1597
81.8267
75.0259
76.3342
74.1751
73.5942
80.2291
72.2613
76.9414
73.1307
74.4117
79.0766
77.7326
84.26
77.1894
85.1891
73.4522
77.1332
78.8656
74.1631
78.9437
73.8185
74.6179
73.654
77.3455
73.4958
80.5606
78.5846
78.5768
75.0573
75.7911
75.2749
77.0961
77.4222
78.8766
80.0111
83.7938
76.3878
73.5536
75.8011
78.4403
75.164
72.5987
73.9388
79.3782
98.0464
76.6185
73.8778
74.3143
76.9088
79.4061
75.6375
79.8901
114.477
75.0225
73.7895
83.9088
75.6612
77.6939
73.2153
79.0131
82.0815
74.3333
72.1732
76.9723
78.7733
74.0901
74.2458
74.7853
73.7703
87.7106
84.7989
74.875
75.3252
78.2206
96.1897
76.4579
82.4587
73.5972
73.9006
77.1393
74.2489
74.8511
74.741
74.5724
86.3216
86.6677
77.4343
72.0673
74.9356
85.5779
71.8045
80.4839
75.1049
82.4384
77.9246
76.613
81.3501
76.8549
74.0733
74.118
81.71
162.031
76.1896
83.8944
72.8257
82.5661
76.2453
73.2294
100.8
368.413
73.2272
73.9489
75.2437
74.3384
74.8245
72.5742
77.0233
75.0419
81.1015
74.6235
74.9566
74.4632
78.168
74.6981
81.6557
74.0343
76.2472
74.6537
89.4913
78.0393
76.547
75.5881
76.6183
83.0686
77.4645
77.6479
72.844
75.0075
74.8665
73.7742
72.8092
74.4084
76.0223
76.023
78.7505
84.3159
74.5627
95.6258
72.0543
76.8055
75.557
73.5847
73.9437
74.5202
72.6211
75.9446
76.8455
76.4829
76.7319
77.7501
85.9043
77.8105
72.1203
74.6976
80.9815
74.6656
74.071
80.1332
75.3758
75.7582
73.3227
76.5201
72.7709
72.7409
72.2264
99.9391
75.1786
85.886
72.4852
75.2585
75.4316
82.1042
76.9095
77.9649
74.7621
77.8114
78.0591
94.9984
90.5534
72.3958
76.7004
75.2362
71.4638
74.3447
75.7147
79.4604
81.494
75.4711
75.8514
84.2011
73.1539
73.1182
72.8477
72.7634
101.765
74.1871
81.7518
75.8122
76.0016
78.2558
90.2263
75.3961
74.5558
73.6475
74.1471
75.8864
83.1298
77.3066
73.6656
86.4345
76.0899
73.6385
84.5557
75.9721
76.7612
76.6774
76.141
81.2454
74.7288
72.9021
77.0054
78.6586
75.5621
74.2174
76.0568
73.7521
79.3711
78.2058
74.3671
83.3102
72.5571
71.3361
76.6696
74.3697
84.8106
73.2675
78.868
74.299
76.4535
74.5834
76.3548
72.8903
83.4679
76.1946
80.2667
75.3626
79.7407
96.3781
76.0159
73.7456
82.2809
74.9335
90.7995
74.6806
77.9965
78.1457
76.3644
76.4979
78.2162
73.6997
74.3588
74.2915
72.4115
79.384
79.4808
73.0932
82.5731
74.4823
74.7505
76.362
73.8794
86.3488
74.7224
73.977
75.1573
73.832
74.4246
86.0118
87.9856
75.674
76.5397
72.6335
72.7114
73.5463
72.9561
79.63
78.277
74.9778
87.1104
74.3961
72.5789
82.616
71.4168
76.0448
76.2026
76.773
78.4274
74.381
72.8191
80.4507
77.1337
77.7528
73.2537
77.5791
73.7687
74.7869
81.4451
73.9601
77.0731
75.5235
146.34
75.3963
74.15
71.7492
79.0394
73.3093
73.4296
73.3577
79.5726
142.867
76.7776
76.2833
79.8595
79.0611
80.5598
74.9604
77.5796
78.8062
79.7142
76.9226
83.1335
74.4395
75.5353
74.2342
76.2145
77.9163
77.272
77.2844
73.9137
91.4227
74.8965
79.211
74.3195
73.4012
74.2787
74.2483
76.0988
75.2645
75.6617
76.7274
78.8176
96.8422
85.675
77.4881
75.0734
75.2469
75.5749
79.5574
77.8722
74.3857
74.3238
72.2924
74.0865
76.8403
73.6866
75.1331
75.524
81.6763
76.7882
74.6386
75.5435
80.4926
79.4581
76.8241
81.3826
72.4819
75.3102
81.0835
74.7906
77.4908
78.9866
78.8343
76.0769
79.7624
82.2763
78.6151
73.8666
73.9529
76.8829
78.0878
77.4526
73.1242
86.6825
75.9566
77.4071
83.1188
74.3343
71.2834
98.286
74.4673
72.5828
85.3347
86.4072
73.6318
79.7417
70.9566
78.1736
74.552
72.0859
84.9507
76.0691
75.7278
75.1234
74.1235
74.864
73.7874
75.3747
107.382
85.1333
77.3775
80.5515
74.0498
74.9423
72.6185
75.0297
73.4758
71.7051
73.7757
76.4056
74.648
79.2219
74.476
80.3514
83.4523
73.9535
85.1781
76.3873
76.9477
