92.0552
95.6671
92.0308
94.1575
90.837
97.3403
93.862
92.0337
92.6785
91.996
98.8825
93.0924
91.8313
93.1582
92.1543
94.8805
95.4545
92.6751
93.3327
91.6634
93.1521
97.1737
125.674
95.3338
95.6827
92.7721
93.6306
96.2633
92.6498
95.6021
91.2129
96.1956
94.0534
91.5036
91.0364
93.1554
88.4647
94.8228
90.3937
93.5361
90.737
91.216
94.4126
97.1963
103.352
92.402
112.654
93.8459
103.819
99.2976
90.7759
101.263
90.7302
92.7384
93.9554
90.7143
94.5685
91.5099
94.5245
91.6153
94.4861
95.8634
92.1977
102.322
97.9965
123.282
92.4559
91.8495
1483.69
92.7967
97.077
93.0418
92.2622
91.7988
93.019
92.2133
95.1516
96.3553
93.1033
117.265
158.341
94.65
94.075
103.42
96.9127
98.8974
92.8919
113.313
91.8222
93.4556
109.274
93.8386
91.5623
101.086
94.6761
92.0307
97.3615
94.4923
152.272
97.9957
92.4817
344.014
92.7506
90.6058
91.4652
94.0244
103.206
95.429
95.0917
92.7854
96.4111
95.092
91.0847
92.8669
91.6615
103.037
94.4007
96.0662
91.7368
94.0538
92.0452
96.439
91.7097
93.9691
94.3709
92.008
90.4646
97.8841
91.76
92.1995
101.39
97.6977
95.1241
91.4264
90.5483
92.3627
97.0196
92.055
138.546
95.2727
91.2489
94.0659
94.0718
94.1348
96.4493
97.0426
151.091
93.0196
99.0516
97.9494
94.8054
95.8816
90.8478
98.8724
96.9714
93.3999
102.461
92.8785
103.381
93.7536
150.52
96.5383
96.2788
94.0518
92.7004
96.2665
90.6602
98.4966
90.4138
90.3506
94.8051
97.0694
93.2988
90.2018
95.857
96.0091
116.939
96.511
91.5794
94.2597
101.521
92.6345
97.1747
90.9631
93.8994
90.5385
93.9059
90.5311
105.817
92.0056
103.985
93.6259
94.9484
91.0488
97.4196
91.6951
93.366
91.3075
94.3137
101.964
90.5036
96.1752
94.4165
92.9456
91.2212
93.2847
90.6142
91.709
96.6548
91.821
91.5284
97.4166
90.819
99.4785
100.736
89.0411
101.569
91.4048
101.574
95.5397
92.2133
92.1106
90.6772
90.3072
103.27
90.2502
92.5962
91.9064
115.723
93.3712
93.0883
92.7689
91.2347
103.795
92.9458
92.5781
118.832
95.1481
89.8372
92.5103
90.7034
94.8873
97.5169
94.4855
91.0395
92.5236
102.893
92.1621
99.1356
97.7342
91.7999
92.0026
93.3124
94.2292
92.5692
91.836
92.3153
92.9915
96.332
91.288
104.018
93.1369
95.126
101.725
92.8959
93.4141
92.0151
91.7707
94.4884
92.7819
92.7259
94.922
96.1308
96.2559
99.5865
92.5819
92.5092
94.2397
95.6497
89.5653
93.0183
96.0914
91.3951
94.2978
101.821
90.3937
90.9628
123.874
94.5303
90.7148
90.4438
94.7201
91.6437
95.0943
93.4178
97.6753
95.1681
92.0597
97.8957
91.424
97.0817
91.034
95.8509
94.6785
97.2663
91.0781
93.8667
92.888
104.743
92.0524
92.8871
97.1141
96.3177
92.2965
97.029
93.7508
90.7523
90.7856
92.4664
93.4691
99.5245
93.0305
94.7067
105.824
93.3986
93.4349
94.5641
95.6795
92.9566
93.4217
95.0385
92.4749
91.5651
92.2854
96.0242
92.1138
93.7333
90.4681
92.3621
94.0429
89.9385
95.4599
91.6547
92.1825
106.229
94.1268
96.1722
92.3352
100.11
89.9666
96.7119
89.3293
96.5235
92.1429
92.6953
95.9471
95.8929
108.243
91.6603
98.5713
92.3851
93.9135
92.7232
94.6597
93.0265
94.4355
91.1079
95.7989
94.7387
105.868
126.781
92.7863
96.1437
96.2801
99.385
92.7557
95.8864
95.0113
99.583
96.3365
91.3166
91.9113
95.6747
91.1054
93.7422
94.002
92.7375
108.438
91.2608
95.3692
95.57
94.4627
89.9641
96.679
106.961
92.5613
97.5438
106.754
93.476
140.086
93.4106
93.9128
91.2535
93.6944
92.2128
93.8525
97.8866
187.953
118.509
92.9703
97.9331
96.0616
93.3837
92.7235
94.5458
92.338
96.1824
92.1425
95.0501
91.5295
90.9418
94.2242
93.6835
103.963
96.0091
92.6422
93.8328
93.9955
90.3817
102.878
91.9966
96.0502
92.1761
92.9566
106.737
91.3925
95.2198
90.9907
109.141
91.6248
93.178
90.3035
95.1696
92.6923
90.7311
93.6974
93.3358
92.9309
91.7216
95.8921
94.4519
93.1168
94.9179
91.8206
97.0749
92.226
97.1407
95.2756
94.7123
91.4838
92.3285
91.7542
91.7004
94.2121
91.2192
93.2881
97.4028
90.571
94.9846
93.9087
91.7527
131.752
90.8921
107.784
92.7065
102.33
91.208
92.4175
92.228
94.036
93.0322
92.1302
92.6285
95.7983
93.0059
100.969
98.5004
94.3564
95.2632
90.2427
90.9192
96.499
101.025
95.6752
91.1992
92.5297
94.0184
92.0815
93.5511
94.8503
90.9598
96.0104
97.9252
90.6951
90.5664
89.7979
95.4343
93.9396
100.732
91.8125
90.6798
96.2412
98.709
95.4719
94.3156
94.1845
125.275
94.8726
90.4907
91.229
90.8714
91.7249
92.5972
95.3819
91.3728
92.2016
93.9911
93.2263
94.3252
90.4484
98.2612
92.2021
89.6152
96.8231
92.0748
92.5264
124.785
90.9279
93.7454
114.394
93.9515
92.0014
113.305
95.2178
91.4045
96.9157
98.9601
92.043
92.9329
92.703
96.3575
93.6436
94.8547
94.1677
91.1569
93.0468
94.1074
93.3586
94.0334
93.6529
91.6486
118.503
241.431
94.6272
90.9193
92.2477
92.1845
92.246
100.034
93.6911
93.8884
92.1971
96.8828
90.774
97.3545
92.2764
234.62
95.4115
91.6828
92.7962
101.43
99.8099
106.359
95.7095
93.6816
97.9193
93.6202
91.1053
93.5154
94.5542
91.8674
96.2853
91.8531
94.8525
91.0067
94.2041
89.9642
99.58
93.8505
92.0168
92.1915
94.4483
91.8514
95.124
93.0988
99.6577
97.4035
93.0334
94.3756
94.0573
92.237
96.3946
93.1892
90.8079
94.0103
92.1045
102.781
107.406
91.8239
91.7065
94.9985
95.9641
92.3397
95.0775
99.3007
106.672
92.9741
92.7085
93.3342
94.0109
99.8079
94.0529
97.498
94.886
93.1265
92.7232
94.6106
96.3833
117.414
102.188
97.0641
92.9729
100.648
97.2484
96.8692
95.6527
95.0191
92.4894
99.7773
92.5852
94.6139
91.0082
95.3219
101.528
104.325
93.2214
93.4148
94.0792
92.2649
91.9182
91.3324
96.0815
102.992
94.027
91.8371
92.8009
92.2612
98.3209
91.9311
96.2124
92.8375
92.4955
94.0129
93.5222
95.0531
91.8571
91.0095
94.6308
95.5222
92.7821
99.9861
92.7106
91.8582
91.9237
90.6925
92.1647
92.8132
99.8696
94.6287
103.449
98.0463
94.2062
93.6094
93.638
92.8601
98.2242
102.336
90.2138
92.4467
93.2096
92.0931
99.4869
89.8127
91.0459
91.0273
97.8982
90.1255
92.966
93.0503
95.7149
96.5668
94.6943
98.1176
91.325
97.0243
95.8764
97.9463
96.8662
93.8376
92.1865
94.0968
91.1549
92.8764
104.815
90.954
92.3309
95.608
90.4558
91.9814
95.4281
95.4852
94.68
93.6845
96.9248
91.6509
92.6818
92.5531
91.6784
91.589
91.557
96.7051
104.725
95.2328
91.5385
98.6547
98.3046
89.6867
92.2935
97.4004
94.7365
90.7503
92.2669
92.5821
93.6431
93.3261
91.6678
95.3912
92.6534
126.156
90.7809
95.6079
92.6008
91.3341
108.371
93.4146
101.237
96.3541
90.1789
95.2077
91.3902
94.9893
94.8218
96.6303
180.157
97.8511
93.485
92.4325
104.342
94.2551
94.3394
96.0323
92.3993
91.5205
93.3792
93.9263
98.9784
92.0162
92.6364
91.8903
94.1555
97.4702
93.1107
100.239
102.223
97.0612
94.4479
92.8331
91.601
100.772
102.042
92.7242
90.473
91.3652
95.1744
89.5776
94.1278
97.3715
102.637
100.712
96.5514
91.3483
93.6316
92.0518
96.3205
94.8226
90.1836
91.8633
103.166
96.5323
94.4479
101.785
98.9128
91.3365
93.0795
92.1333
90.4254
96.6936
130
99.0795
98.9972
92.7231
90.6125
115.362
90.1525
93.9465
103.216
92.9349
110.451
91.3061
91.7133
92.0704
104.522
135.295
95.2089
91.9374
98.6282
99.8104
89.754
96.3335
90.0242
91.4568
95.2895
93.2785
89.8934
92.5325
92.6061
92.5992
92.0429
97.0282
94.2924
90.927
93.5142
98.858
90.6947
101.736
89.3192
94.8099
94.3615
93.3145
97.3912
92.2378
91.0434
93.6603
95.0376
95.2862
91.3142
94.5472
95.2907
96.0236
99.0804
93.7325
93.7366
91.043
93.6864
98.171
107.151
93.9406
107.777
92.5271
91.0751
98.485
98.4617
98.3167
105.69
101.228
100.687
92.8464
92.1802
92.5279
92.7868
92.5797
93.1414
90.2513
94.1548
91.8571
90.4247
95.0433
96.1384
91.839
98.4832
93.0207
91.4115
96.3266
95.4797
100.312
123.449
91.8776
112.342
94.4297
116.547
94.8461
93.0306
97.8071
92.7908
95.3009
93.374
93.7592
94.6826
92.5317
94.1744
95.6524
89.6713
100.745
98.3356
94.0114
94.4485
89.705
91.1724
100.479
95.5572
93.4145
91.482
91.3129
90.8978
95.2782
88.1287
89.9227
93.8125
92.0075
91.1608
90.9299
98.8103
90.3071
101.428
94.3825
100.083
91.0057
92.6863
92.733
97.1505
95.8962
93.5396
153.523
99.7424
93.7322
181.286
99.6897
92.4194
94.624
92.2968
92.8069
107.528
93.7904
94.4666
93.6948
94.8932
96.3542
92.1515
105.531
90.2282
92.0943
94.2817
92.8826
92.5516
91.2793
94.6506
95.7258
92.7854
93.8237
91.2515
92.0696
91.4876
94.154
91.8734
95.5094
101.565
94.0485
95.7858
90.9975
97.9768
96.3451
