13.0967
14.3606
14.5993
14.7815
14.7857
14.8653
14.9179
15.417
15.4536
15.6795
15.7198
15.8462
16.2565
16.4591
16.4727
16.5896
16.6295
16.7116
16.7148
16.8829
17.005
17.0252
17.0581
17.1195
17.1502
17.1806
17.2353
17.2936
17.3475
17.383
17.4172
17.4566
17.4822
17.5271
17.5324
17.6069
17.6629
17.7105
17.757
17.8125
17.8507
17.9796
18.0496
18.0664
18.1367
18.1765
18.2678
18.2996
18.3215
18.3604
18.4039
18.4313
18.4454
18.657
18.681
18.7652
18.8792
18.985
18.9948
19.0687
19.1353
19.312
19.5941
19.61
19.6719
19.8578
20.0498
20.0567
20.2516
20.3998
20.6998
20.8063
20.8621
20.9093
20.9191
20.9987
21.3671
21.442
21.4995
21.8531
21.8827
21.896
22.0548
22.3229
22.3267
22.3316
22.643
22.7021
22.708
22.914
22.9666
23.3446
23.6615
24.3511
25.1184
27.832
28.9176
31.8205
32.1627
33.4007
36.3844
39.4312
39.6412
