79.6877
80.4064
80.8173
81.1066
81.3062
81.6148
81.7292
81.7743
81.8865
82.003
82.0825
82.1005
82.37
82.4237
82.5278
82.6012
82.6818
82.6941
82.7235
82.7975
82.8299
82.9141
82.9929
83.0105
83.0253
83.0295
83.0956
83.108
83.1147
83.1197
83.155
83.1869
83.2461
83.2969
83.3514
83.3997
83.4078
83.4189
83.4795
83.5547
83.6108
83.6323
83.6866
83.6886
83.7044
83.7068
83.7324
83.7392
83.8401
83.8651
83.9342
83.9804
83.9969
84.0634
84.0775
84.1561
84.1672
84.2136
84.2863
84.2977
84.4492
84.4587
84.4613
84.6464
84.6483
84.781
84.8421
84.9039
84.9805
85.0507
85.0653
85.0685
85.0691
85.1539
85.159
85.2321
85.2961
85.3093
85.3447
85.3486
85.4124
85.4208
85.5669
85.9643
85.9896
86.0189
86.1305
86.2159
86.2179
86.3933
86.6067
86.687
86.734
86.8677
86.9639
87.0309
87.1115
87.3121
87.6616
87.7061
87.8866
87.8937
88.4262
88.5249
88.8692
88.9202
89.0421
89.457
89.6724
90.2961
90.6552
90.7565
90.8636
91.1262
91.2986
92.4719
92.9928
93.932
94.2078
94.3081
94.6156
95.0162
96.2673
96.8427
96.9341
100.186
106.099
106.384
