96.9256
97.5927
97.7673
97.7704
97.7868
97.8063
98.1499
98.2667
98.273
98.2853
98.3182
98.3299
98.4151
98.4469
98.4904
98.5188
98.5343
98.5617
98.5963
98.7204
98.733
98.7343
98.7747
98.7913
98.7937
98.8199
98.8327
98.9661
99.0226
99.0616
99.0838
99.0964
99.1062
99.1082
99.1139
99.1188
99.1862
99.1884
99.1985
99.2142
99.2189
99.2398
99.2439
99.2619
99.3273
99.3895
99.5318
99.5821
99.6159
99.6428
99.6703
99.7086
99.7289
99.747
99.7618
99.9379
99.9658
100.001
100.082
100.093
100.188
100.197
100.249
100.269
100.29
100.354
100.371
100.454
100.492
100.497
100.501
100.543
100.545
100.593
100.654
100.693
100.694
100.729
100.748
100.8
100.972
100.977
101.056
101.124
101.158
101.187
101.285
101.377
101.423
101.432
101.477
101.478
101.55
101.564
101.621
101.689
101.736
101.799
101.946
101.948
101.981
102.019
102.026
102.043
102.178
102.283
102.303
102.303
102.346
102.378
102.38
102.47
102.579
102.623
102.659
102.713
102.786
102.908
102.986
103.105
103.249
103.401
103.51
103.601
103.645
103.731
103.864
103.92
104.134
104.197
104.352
104.398
104.542
104.689
104.711
104.793
104.851
104.941
105.086
105.087
105.211
105.397
105.446
105.456
105.669
106.074
106.124
106.157
106.17
106.242
106.253
106.37
106.742
106.954
107.012
107.171
107.498
107.57
107.763
107.878
107.988
109.045
109.3
109.465
109.52
109.572
110.152
110.553
110.973
111.27
111.436
111.59
111.676
111.684
112.627
112.905
112.929
113.048
113.53
113.567
113.637
113.913
114.774
115.512
115.929
115.972
116.041
116.795
117.44
123.749
