87.5264
87.6878
87.8074
88.0267
88.3078
88.3162
88.3408
88.379
88.3987
88.4099
88.4706
88.5399
88.6149
88.6712
88.742
88.7845
88.8254
88.9329
88.9934
89.0061
89.0623
89.1032
89.1509
89.191
89.2117
89.2211
89.2725
89.2791
89.2904
89.2923
89.2953
89.3158
89.335
89.3857
89.391
89.4111
89.4201
89.4203
89.4509
89.4579
89.4593
89.4664
89.4692
89.5042
89.5287
89.5648
89.5908
89.6169
89.6295
89.6478
89.6488
89.6685
89.6844
89.6969
89.7343
89.7354
89.7374
89.7401
89.7465
89.7972
89.8234
89.8267
89.832
89.8364
89.8411
89.8505
89.8579
89.886
89.8981
89.9106
89.9281
89.9622
89.9849
89.9879
89.991
90.0233
90.0363
90.0371
90.039
90.0441
90.0464
90.0479
90.0626
90.0748
90.0782
90.0999
90.1048
90.1177
90.155
90.1606
90.2283
90.242
90.2531
90.2614
90.286
90.2907
90.3361
90.3414
90.3465
90.3479
90.3747
90.3807
90.4015
90.4074
90.4601
90.468
90.47
90.4749
90.4784
90.5056
90.5118
90.5163
90.5219
90.5226
90.5298
90.5299
90.5311
90.5313
90.5918
90.5974
90.6092
90.6101
90.6124
90.6358
90.6383
90.6488
90.652
90.6911
90.6918
90.7092
90.7219
90.7928
90.8182
90.822
90.8345
90.8398
90.844
90.846
90.8569
90.8579
90.8689
90.8728
90.9082
90.9244
90.9248
90.9433
90.9581
90.9593
90.9769
90.9827
90.983
90.9919
91.0342
91.0382
91.0448
91.0458
91.0705
91.0709
91.0711
91.0796
91.083
91.0916
91.1083
91.1127
91.1193
91.1216
91.1258
91.137
91.1537
91.1605
91.1875
91.1928
91.2117
91.2255
91.2431
91.2996
91.3059
91.318
91.3269
91.3424
91.3515
91.3692
91.3712
91.4038
91.4193
91.4212
91.4217
91.4739
91.4772
91.4922
91.5016
91.5034
91.5047
91.5072
91.5216
91.5253
91.5307
91.5514
91.5694
91.5749
91.5817
91.5911
91.6182
91.6193
91.6218
91.6219
91.6289
91.6343
91.6466
91.6563
91.6573
91.6724
91.6725
91.6802
91.6984
91.6999
91.7066
91.7165
91.7367
91.7398
91.7411
91.7494
91.7627
91.7708
91.7964
91.7992
91.8024
91.8026
91.8102
91.8251
91.8488
91.8607
91.8725
91.8734
91.8742
91.876
91.8906
91.9048
91.9213
91.9234
91.9271
91.943
91.9452
91.9492
91.9649
91.982
91.9873
91.9965
92.0159
92.0432
92.052
92.0687
92.0792
92.0887
92.1006
92.1126
92.1152
92.1293
92.1671
92.1677
92.2039
92.2214
92.2667
92.3159
92.3167
92.331
92.3602
92.3831
92.3974
92.4038
92.4095
92.4123
92.4134
92.4556
92.473
92.4818
92.4999
92.5257
92.5341
92.5551
92.5732
92.6402
92.6441
92.6693
92.679
92.7077
92.7207
92.7374
92.7425
92.753
92.7607
92.7672
92.7771
92.8145
92.8316
92.835
92.8468
92.8538
92.8817
92.9007
92.9468
92.9577
92.9709
92.9834
93.0044
93.0085
93.0125
93.0255
93.0979
93.1015
93.144
93.156
93.1806
93.2081
93.2432
93.2458
93.2749
93.2795
93.3522
93.3579
93.3623
93.3717
93.3756
93.3888
93.3999
93.4038
93.4394
93.4402
93.4473
93.4521
93.4526
93.4529
93.4977
93.5484
93.6018
93.6091
93.6201
93.6213
93.6341
93.6431
93.644
93.6606
93.6653
93.6696
93.7429
93.7533
93.7904
93.8408
93.8862
93.8996
93.9182
93.9219
93.9314
93.9407
93.9495
93.9496
93.9564
93.963
93.9725
93.977
93.9905
94.0172
94.0188
94.019
94.0213
94.0214
94.0696
94.0705
94.0882
94.1598
94.1759
94.2373
94.2725
94.2828
94.2845
94.2848
94.3081
94.3282
94.3603
94.3782
94.4096
94.4327
94.4354
94.5459
94.549
94.5728
94.6185
94.638
94.6444
94.6708
94.7236
94.7404
94.763
94.7753
94.8084
94.8704
94.88
95.0695
95.0836
95.1229
95.1641
95.2043
95.2073
95.2738
95.2799
95.2811
95.2941
95.3051
95.3339
95.3395
95.3519
95.3599
95.4439
95.4662
95.5151
95.5227
95.705
95.7764
95.7804
95.8021
95.8289
95.8357
95.852
95.9237
96.0005
96.0503
96.0648
96.0866
96.0921
96.1116
96.1253
96.2286
96.266
96.3559
96.3798
96.4349
96.6008
96.6404
96.7118
96.8639
96.908
96.912
97.0123
97.0279
97.0645
97.0727
97.1014
97.1287
97.146
97.1612
97.2258
97.2417
97.3057
97.3138
97.3862
97.4212
97.4715
97.4866
97.521
97.5945
97.6455
97.6865
97.8305
97.8751
97.935
97.9725
98.2048
98.2141
98.3492
98.4509
98.4535
98.4717
98.5432
98.6141
98.6943
98.7627
98.8871
99.065
99.0934
99.1154
99.3256
99.3325
99.3847
99.3995
99.4247
99.4464
99.4896
99.7405
99.8363
99.9408
100.008
100.018
100.082
100.096
100.199
100.234
100.272
100.32
100.405
100.603
100.943
101.065
101.069
101.19
101.346
101.532
101.888
102.086
102.11
102.239
102.376
102.477
102.517
102.743
102.78
103.254
103.312
103.847
103.848
104.312
104.36
104.641
104.921
104.936
104.95
105.148
105.251
106.429
106.782
107.1
108.162
108.248
108.605
109.127
109.224
109.447
109.502
109.547
109.965
110.316
110.519
111.057
113.202
115.317
116.78
116.995
201.597
210.067
