87.0735
88.0317
88.7282
88.8112
88.8679
88.8991
88.9161
88.9581
88.9814
89.1214
89.1809
89.181
89.2509
89.3906
89.4109
89.493
89.5046
89.5091
89.583
89.6714
89.689
89.699
89.7695
89.9407
90.0137
90.0496
90.0942
90.1073
90.2343
90.3278
90.3888
90.4297
90.4727
90.5051
90.5362
90.5459
90.5797
90.5995
90.6041
90.6374
90.7648
90.8421
90.8607
90.9012
90.9375
90.9597
91.1787
91.1919
91.1977
91.2208
91.4611
91.4625
91.5789
91.5969
91.7505
91.7596
91.7858
91.8258
91.8464
91.927
91.9653
92.0007
92.0149
92.2754
92.3847
92.4857
92.4996
92.9016
93.11
93.1393
93.2496
93.256
93.403
93.5144
93.917
93.9909
94.0986
94.1075
94.1594
94.5687
94.6433
94.7825
95.2167
95.2537
95.4125
95.8296
95.9498
95.9974
95.9985
96.0393
96.0476
96.0595
96.0952
96.2951
96.3631
96.385
96.8978
97.0467
97.2362
97.2428
97.5372
97.8463
97.8768
97.9353
98.1042
98.4416
98.4435
98.7676
98.7935
98.8236
99.1398
99.1603
99.5607
99.6119
99.7998
100.459
100.677
100.934
101.697
101.818
101.845
103.39
104.539
106.147
106.268
106.335
107.2
108.134
108.471
112.726
