78.2428
78.6736
78.7837
78.8465
78.8537
78.8721
78.9394
79.0081
79.0383
79.2735
79.2875
79.4057
79.4253
79.4447
79.4752
79.5162
79.5399
79.6047
79.657
79.7677
79.8151
79.8773
79.9147
79.9494
79.9964
80.0341
80.0512
80.1199
80.1434
80.1715
80.1781
80.2716
80.326
80.3312
80.3955
80.3988
80.4113
80.4559
80.4788
80.5808
80.629
80.6307
80.6604
80.6657
80.6684
80.6789
80.6912
80.7181
80.7742
80.8023
80.8034
80.8037
80.8075
80.8104
80.8262
80.8546
80.9024
80.9029
80.94
80.9762
80.9788
80.9886
80.9945
81.0113
81.0625
81.0791
81.0828
81.1403
81.1648
81.1693
81.2076
81.2405
81.2461
81.2917
81.2951
81.3204
81.3214
81.3234
81.3416
81.346
81.3715
81.3958
81.411
81.4127
81.4435
81.466
81.5237
81.5252
81.5317
81.536
81.5861
81.6157
81.661
81.6837
81.6882
81.7165
81.7264
81.7587
81.7804
81.8445
81.9001
81.9353
81.9363
82.0123
82.0373
82.0394
82.0669
82.0841
82.1183
82.1263
82.1456
82.1649
82.1662
82.2002
82.2065
82.2926
82.2981
82.3019
82.3051
82.3219
82.3223
82.3438
82.3566
82.3825
82.4288
82.5164
82.5226
82.6479
82.7025
82.8239
82.8316
82.8431
82.8684
82.88
82.9928
83.0645
83.0785
83.1114
83.1387
83.1889
83.2125
83.2271
83.262
83.2641
83.2643
83.2854
83.3035
83.3194
83.3456
83.3595
83.3889
83.4249
83.4742
83.4993
83.5254
83.5395
83.6279
83.664
83.6902
83.7162
83.73
83.7626
83.7745
83.8897
83.9371
83.9474
83.9511
84.032
84.0733
84.1152
84.123
84.1454
84.2271
84.2386
84.3891
84.5158
84.5478
84.5664
84.623
84.7481
84.7556
84.7834
84.7873
84.8008
84.8027
84.8141
84.9315
84.9347
84.9624
85.0389
85.0462
85.153
85.1829
85.2072
85.3272
85.3525
85.3751
85.4092
85.4608
85.4713
85.4852
85.5818
85.7344
85.8341
85.9573
85.9838
85.9898
86.1744
86.2655
86.2772
86.3296
86.3634
86.4307
86.4976
86.5455
86.6282
86.7434
87.0848
87.0868
87.2511
87.5244
87.5263
87.8111
87.8152
88.6195
88.7069
88.8452
88.887
88.9351
88.9422
89.1163
89.3915
89.4312
89.4697
90.1791
90.1878
90.5957
90.7342
91.9562
92.9185
93.5266
94.0464
94.3376
94.4641
94.9108
96.4126
97.06
98.2327
98.333
98.4626
99.6211
100.297
100.732
100.888
101.559
101.745
102.794
103.12
104.699
106.121
