80.6329
81.4263
81.5889
81.6709
81.6987
81.7408
81.742
82.0712
82.4276
82.4943
82.525
82.5317
82.636
82.6807
82.8845
82.8899
82.9155
82.9318
82.9384
82.9638
83.0166
83.0254
83.1385
83.1831
83.2887
83.3154
83.4124
83.4485
83.5174
83.6132
83.6325
83.651
83.6826
83.6993
83.7113
83.7399
83.7871
83.8711
83.8877
83.9294
83.9437
83.9808
84.0288
84.1495
84.1579
84.17
84.1963
84.1993
84.2241
84.259
84.2759
84.2786
84.3007
84.3199
84.3407
84.3427
84.3693
84.4564
84.494
84.6131
84.6683
84.7118
84.7447
84.812
84.8372
84.8533
84.8695
84.8779
84.886
84.901
85.0255
85.0346
85.1431
85.1814
85.1863
85.2925
85.3029
85.3354
85.3494
85.5263
85.5285
85.5362
85.5483
85.6072
85.653
85.6598
85.6839
85.6949
85.7024
85.7311
85.7755
85.7875
85.8236
85.8621
85.9379
85.9724
86.0227
86.0426
86.0834
86.1043
86.2034
86.2285
86.2709
86.2838
86.3229
86.7962
86.8655
86.8818
87.0304
87.0676
87.1063
87.1195
87.3547
87.4231
87.6334
87.7252
87.7814
87.8628
87.9526
87.9948
88.2639
88.3997
88.4056
88.5318
88.6659
88.7978
89.123
89.3224
89.3675
89.799
89.8503
90.1768
90.1877
90.6101
90.8756
91.6086
91.638
91.9925
92.268
92.3151
92.699
93.5389
93.8013
94.2649
94.3708
94.3881
94.8199
96.0428
96.4922
97.1665
98.6249
100.606
101.584
104.446
107.071
1336.74
1340.61
1342.26
