78.5589
78.9035
79.0867
79.1313
79.1813
79.2305
79.2322
79.2654
79.2886
79.2926
79.2934
79.3017
79.3255
79.3372
79.3474
79.3637
79.4011
79.4079
79.4285
79.4288
79.4491
79.5016
79.5057
79.5268
79.5608
79.5685
79.5746
79.5752
79.5763
79.6278
79.6316
79.6529
79.6982
79.7005
79.7538
79.7817
79.7932
79.8073
79.8326
79.8426
79.8433
79.8445
79.8448
79.8467
79.8487
79.8699
79.8729
79.8743
79.8794
79.886
79.8866
79.8986
79.9086
79.9122
79.9303
79.9486
79.9645
79.9879
79.9923
79.9967
80.006
80.0173
80.0188
80.0252
80.0449
80.0523
80.058
80.0602
80.0915
80.0978
80.1039
80.1049
80.1226
80.127
80.1354
80.1363
80.1421
80.1443
80.1491
80.1537
80.1538
80.1621
80.1624
80.1666
80.1668
80.1706
80.1723
80.179
80.1805
80.1954
80.1993
80.2052
80.2134
80.2191
80.2345
80.2368
80.2394
80.2427
80.2451
80.2521
80.2526
80.2538
80.2655
80.2791
80.2838
80.2923
80.2949
80.2952
80.2988
80.3001
80.3018
80.3059
80.3099
80.3223
80.3245
80.3292
80.3346
80.3369
80.3427
80.3464
80.3481
80.3496
80.3526
80.361
80.3652
80.3774
80.3779
80.3805
80.3815
80.3857
80.3881
80.3885
80.3889
80.3934
80.3964
80.4162
80.4198
80.4207
80.4269
80.4319
80.4405
80.444
80.4515
80.4528
80.4565
80.4646
80.467
80.4729
80.4732
80.4752
80.4814
80.4832
80.4858
80.4863
80.4864
80.4874
80.4888
80.49
80.4945
80.4983
80.4995
80.5058
80.5094
80.5123
80.5131
80.5212
80.5233
80.5276
80.5283
80.5296
80.5306
80.5324
80.54
80.544
80.5446
80.5447
80.5468
80.5472
80.5506
80.5605
80.5614
80.5659
80.5664
80.5682
80.5729
80.5755
80.5769
80.5809
80.5823
80.584
80.5893
80.5896
80.5956
80.6024
80.6053
80.6064
80.6094
80.61
80.6168
80.617
80.6238
80.6257
80.6304
80.6309
80.634
80.6384
80.6439
80.6459
80.6474
80.6496
80.6508
80.6511
80.6525
80.6578
80.6594
80.6618
80.6682
80.6711
80.6719
80.6719
80.6726
80.6785
80.6807
80.6822
80.6836
80.6864
80.6892
80.691
80.6931
80.6939
80.698
80.7006
80.7008
80.7013
80.7031
80.7053
80.7062
80.7085
80.7092
80.712
80.7129
80.7165
80.7226
80.723
80.7251
80.7253
80.726
80.7267
80.727
80.735
80.7351
80.7351
80.7355
80.7388
80.7395
80.7404
80.7406
80.7425
80.745
80.7458
80.7482
80.7503
80.7539
80.7547
80.7554
80.756
80.7561
80.7601
80.7629
80.7655
80.7699
80.7794
80.7796
80.7821
80.7822
80.7848
80.7848
80.7891
80.791
80.7944
80.7951
80.7976
80.7979
80.799
80.7998
80.8031
80.8061
80.8066
80.81
80.8118
80.8122
80.8127
80.8146
80.8147
80.8201
80.8201
80.8205
80.8207
80.8243
80.8296
80.8356
80.8368
80.8375
80.8413
80.8424
80.8435
80.8452
80.8452
80.8459
80.8463
80.8503
80.8518
80.8534
80.8548
80.8553
80.858
80.8581
80.8595
80.8631
80.8651
80.8672
80.8736
80.874
80.8784
80.8804
80.8812
80.882
80.8868
80.889
80.8894
80.8923
80.8935
80.8963
80.8966
80.8972
80.8998
80.9001
80.9001
80.902
80.9106
80.9159
80.9159
80.9191
80.9236
80.9246
80.9253
80.9259
80.9263
80.9295
80.9309
80.9338
80.9357
80.9366
80.9375
80.9376
80.9394
80.941
80.9431
80.944
80.9482
80.9502
80.9524
80.9571
80.9619
80.9627
80.963
80.9633
80.9636
80.9642
80.9672
80.974
80.9747
80.9755
80.9759
80.9784
80.9818
80.9831
80.9847
80.9857
80.9858
80.9877
80.9879
80.9895
80.9946
80.9975
80.9995
81.0002
81.0011
81.0034
81.0061
81.0088
81.0092
81.012
81.0165
81.0186
81.0199
81.0215
81.0229
81.0234
81.0245
81.025
81.0254
81.0275
81.0277
81.028
81.0286
81.0286
81.031
81.0319
81.0326
81.0355
81.0366
81.0381
81.039
81.0438
81.0463
81.0496
81.0534
81.0551
81.0562
81.0593
81.0596
81.0606
81.0631
81.0643
81.0659
81.0664
81.0704
81.0704
81.0713
81.0719
81.0734
81.0737
81.0746
81.0754
81.0781
81.0798
81.0798
81.0828
81.0837
81.0844
81.0862
81.0868
81.0949
81.0959
81.0983
81.0987
81.1019
81.1053
81.1056
81.1057
81.1082
81.1088
81.1089
81.1104
81.1112
81.1128
81.1131
81.1165
81.1169
81.1182
81.1229
81.1241
81.1242
81.1255
81.1272
81.128
81.1319
81.132
81.1336
81.1347
81.1367
81.1373
81.139
81.1396
81.1396
81.1398
81.1447
81.1472
81.1476
81.1508
81.154
81.1568
81.1571
81.1628
81.1645
81.1648
81.1649
81.1675
81.1677
81.1682
81.1686
81.1692
81.1713
81.1721
81.1761
81.1766
81.1766
81.1767
81.1768
81.177
81.1771
81.1791
81.18
81.1838
81.184
81.1845
81.1875
81.1876
81.1893
81.1944
81.2009
81.2022
81.2028
81.2037
81.2088
81.2105
81.211
81.213
81.2133
81.2144
81.2153
81.2158
81.2159
81.2166
81.2173
81.2177
81.2193
81.2195
81.2206
81.2225
81.225
81.2275
81.2297
81.2301
81.2308
81.2336
81.2352
81.2352
81.2366
81.237
81.238
81.2381
81.2388
81.2421
81.2429
81.2434
81.2451
81.2493
81.2511
81.2515
81.2517
81.2522
81.2546
81.2547
81.2549
81.2568
81.2599
81.2615
81.2617
81.2618
81.2632
81.2641
81.2654
81.2665
81.2667
81.2677
81.2686
81.2689
81.2694
81.2696
81.2704
81.2737
81.2753
81.2757
81.2787
81.28
81.2825
81.2847
81.2852
81.2858
81.288
81.2898
81.2915
81.2918
81.295
81.2958
81.2967
81.297
81.2989
81.2997
81.2997
81.2999
81.3014
81.3036
81.3051
81.3086
81.3098
81.3114
81.3129
81.3164
81.3167
81.3169
81.318
81.319
81.3193
81.3213
81.3216
81.3228
81.3244
81.3264
81.3321
81.3325
81.3335
81.3339
81.334
81.3395
81.341
81.346
81.3488
81.349
81.3497
81.3529
81.3546
81.3547
81.3547
81.3578
81.358
81.359
81.36
81.3607
81.3615
81.3621
81.3635
81.3639
81.364
81.3645
81.3651
81.3667
81.3674
81.3683
81.3687
81.3698
81.3698
81.3699
81.37
81.3713
81.3754
81.3769
81.3793
81.3798
81.3803
81.3804
81.3811
81.3817
81.3825
81.3839
81.3841
81.3844
81.3858
81.3862
81.3863
81.3868
81.3879
81.3897
81.3907
81.3913
81.3922
81.3934
81.3941
81.3944
81.3944
81.3961
81.3965
81.3976
81.3992
81.3992
81.4006
81.4016
81.4038
81.4043
81.4055
81.4063
81.4068
81.4102
81.4108
81.4134
81.4136
81.4137
81.4154
81.4186
81.4193
81.4193
81.4202
81.4203
81.4214
81.4234
81.4234
81.4254
81.4283
81.4285
81.4288
81.4298
81.4315
81.4319
81.4331
81.4333
81.4377
81.4377
81.4394
81.4398
81.4434
81.4455
81.4463
81.4483
81.45
81.451
81.4542
81.4575
81.4587
81.4596
81.4598
81.4616
81.4617
81.4618
81.462
81.4627
81.4647
81.4654
81.4655
81.4691
81.4696
81.472
81.4731
81.4733
81.4734
81.4745
81.4758
81.4769
81.4782
81.4785
81.4807
81.4823
81.4863
81.4874
81.489
81.4904
81.4917
81.4917
81.4917
81.4924
81.4931
81.4937
81.4948
81.4949
81.4954
81.4958
81.4963
81.4974
81.4978
81.4982
81.4989
81.4989
81.5014
81.5032
81.5035
81.5044
81.5047
81.5049
81.506
81.5073
81.5075
81.5081
81.5092
81.5106
81.5112
81.515
81.5152
81.5159
81.5173
81.5186
81.5187
81.5208
81.5209
81.5211
81.5224
81.5247
81.526
81.5265
81.5265
81.5266
81.527
81.5272
81.5276
81.5277
81.5279
81.5289
81.5293
81.5301
81.5326
81.5331
81.5334
81.5338
81.5346
81.5347
81.5358
81.5374
81.5381
81.5383
81.5386
81.5437
81.544
81.5456
81.547
81.5471
81.5473
81.5475
81.5477
81.5512
81.552
81.5526
81.5531
81.5535
81.5555
81.5567
81.5603
81.5624
81.5629
81.5634
81.5642
81.5649
81.5653
81.5683
81.5688
81.5703
81.5714
81.572
81.5725
81.5729
81.5735
81.5737
81.5754
81.5767
81.5779
81.5781
81.5783
81.5784
81.5795
81.5796
81.5804
81.5858
81.589
81.5936
81.5946
81.5965
81.5965
81.5979
81.5988
81.6018
81.6059
81.6068
81.607
81.6085
81.6089
81.6119
81.6125
81.6134
81.6165
81.6183
81.6204
81.621
81.6234
81.6237
81.6239
81.6254
81.6257
81.6261
81.6262
81.6276
81.6297
81.63
81.6312
81.6335
81.6337
81.6356
81.637
81.6372
81.6373
81.6376
81.6377
81.6382
81.6391
81.6397
81.6423
81.6478
81.6484
81.6493
81.6526
81.6553
81.6554
81.6558
81.6568
81.6581
81.6601
81.6604
81.6625
81.6628
81.6632
81.6646
81.6649
81.665
81.6651
81.6669
81.668
81.6695
81.6726
81.6744
81.6751
81.6764
81.6774
81.6787
81.6796
81.6801
81.6802
81.6818
81.6836
81.6838
81.6859
81.6882
81.6882
81.6887
81.6891
81.6903
81.6913
81.6915
81.6917
81.6927
81.6932
81.6932
81.6941
81.698
81.6981
81.6989
81.6998
81.7
81.7003
81.7027
81.7038
81.704
81.7047
81.7052
81.7058
81.7073
81.7078
81.7084
81.7092
81.7115
81.714
81.7148
81.7154
81.7163
81.7189
81.7195
81.7198
81.7198
81.721
81.7211
81.7221
81.7229
81.7235
81.724
81.7256
81.727
81.7275
81.7285
81.7285
81.7291
81.7303
81.7305
81.7305
81.7313
81.7344
81.7347
81.735
81.7366
81.737
81.738
81.7404
81.7411
81.7411
81.7411
81.7418
81.743
81.7431
81.7461
81.7463
81.7469
81.7473
81.7475
81.7478
81.7488
81.7495
81.75
81.7521
81.7541
81.7562
81.7564
81.758
81.7581
81.7585
81.7588
81.7589
81.7598
81.7616
81.7621
81.7635
81.7653
81.7654
81.7661
81.767
81.7671
81.7675
81.7677
81.7681
81.7681
81.7687
81.7702
81.7722
81.7728
81.7728
81.7732
81.7741
81.776
81.7765
81.7766
81.7767
81.7769
81.7777
81.7788
81.7837
81.7842
81.7861
81.7864
81.7866
81.7874
81.7896
81.7906
81.7916
81.792
81.7931
81.7937
81.7975
81.798
81.7984
81.7987
81.7989
81.7992
81.7998
81.8011
81.8028
81.8053
81.8058
81.8058
81.8058
81.8066
81.8087
81.8109
81.811
81.8129
81.8166
81.8183
81.82
81.821
81.8214
81.8221
81.823
81.8235
81.8244
81.825
81.8255
81.8282
81.8284
81.8286
81.829
81.8302
81.8303
81.8332
81.8354
81.8356
81.8358
81.8358
81.8365
81.8367
81.8373
81.8377
81.8379
81.8382
81.8391
81.8401
81.8423
81.8443
81.8451
81.846
81.8483
81.8491
81.8505
81.8506
81.8509
81.8514
81.8517
81.8529
81.8531
81.854
81.8552
81.8562
81.8566
81.8568
81.8574
81.8579
81.8584
81.86
81.8606
81.8611
81.8619
81.8634
81.8635
81.8638
81.8639
81.8667
81.8676
81.8691
81.8707
81.8708
81.8721
81.873
81.8759
81.8759
81.876
81.8773
81.8778
81.878
81.8783
81.8803
81.8821
81.8823
81.8826
81.883
81.8842
81.8842
81.8852
81.8855
81.8855
81.8878
81.889
81.8894
81.8897
81.8916
81.8921
81.8933
81.8936
81.8936
81.8946
81.8963
81.898
81.898
81.8994
81.8998
81.9001
81.9006
81.9048
81.9048
81.9055
81.9063
81.9065
81.9068
81.9071
81.9072
81.9088
81.9103
81.9105
81.9124
81.913
81.9134
81.9143
81.9147
81.9149
81.9155
81.9162
81.9162
81.9172
81.9175
81.9186
81.9193
81.9197
81.922
81.9232
81.9232
81.9235
81.9235
81.924
81.9243
81.9252
81.9273
81.9273
81.9283
81.9299
81.93
81.9306
81.9307
81.9316
81.9319
81.932
81.9343
81.9343
81.9363
81.9365
81.9383
81.9388
81.9397
81.9398
81.9399
81.94
81.9401
81.9401
81.9402
81.9403
81.9407
81.9427
81.9432
81.9442
81.9453
81.9456
81.9468
81.9483
81.9496
81.9499
81.9499
81.9522
81.9532
81.9533
81.9538
81.9552
81.9556
81.9562
81.9565
81.9565
81.9572
81.9573
81.9581
81.9593
81.9599
81.962
81.9629
81.9644
81.9644
81.9646
81.9647
81.9651
81.9652
81.9655
81.9658
81.9659
81.9681
81.969
81.969
81.9696
81.97
81.9701
81.9705
81.9713
81.9723
81.9729
81.9741
81.977
81.9782
81.9787
81.9791
81.9794
81.9798
81.9816
81.9853
81.9855
81.9856
81.9858
81.9864
81.987
81.9871
81.9873
81.9885
81.9903
81.9919
81.9927
81.9968
81.9969
81.9978
81.9992
81.9997
82.0016
82.0022
82.0039
82.0044
82.0053
82.0064
82.0071
82.009
82.0092
82.0094
82.0094
82.0095
82.01
82.0111
82.0114
82.0121
82.0122
82.0128
82.0133
82.0134
82.0136
82.0151
82.0178
82.0193
82.02
82.0228
82.0232
82.0242
82.0247
82.0247
82.0253
82.0263
82.0274
82.0285
82.0286
82.0303
82.031
82.0317
82.0323
82.0326
82.0334
82.034
82.0344
82.0346
82.0346
82.037
82.0376
82.038
82.0392
82.041
82.0428
82.0434
82.0436
82.0439
82.0448
82.0455
82.046
82.0464
82.0485
82.0505
82.0511
82.0519
82.0523
82.053
82.053
82.0531
82.0534
82.0535
82.0547
82.0547
82.0549
82.0561
82.0564
82.0571
82.0572
82.0573
82.0575
82.0575
82.0576
82.0587
82.0591
82.0603
82.0604
82.0605
82.0606
82.0616
82.063
82.064
82.0642
82.0644
82.0647
82.0649
82.0651
82.0658
82.066
82.0682
82.0686
82.0696
82.0723
82.0728
82.0746
82.0764
82.0774
82.0777
82.0782
82.0787
82.079
82.0791
82.0791
82.0801
82.0818
82.0823
82.0848
82.0849
82.0854
82.0862
82.0873
82.0877
82.0893
82.0895
82.0905
82.0929
82.0939
82.095
82.0952
82.0953
82.0953
82.0975
82.0979
82.0988
82.1006
82.1011
82.1012
82.1017
82.103
82.1035
82.1059
82.1066
82.1067
82.1069
82.107
82.108
82.1085
82.1089
82.109
82.1091
82.1102
82.1102
82.1104
82.1108
82.112
82.1124
82.1126
82.1142
82.1154
82.1158
82.1173
82.1181
82.1185
82.1193
82.1194
82.12
82.1213
82.1213
82.1219
82.1221
82.1233
82.1234
82.1244
82.1249
82.1267
82.1272
82.1274
82.1277
82.1284
82.1288
82.1297
82.13
82.1304
82.1307
82.1329
82.1337
82.1338
82.1338
82.1338
82.1368
82.138
82.1383
82.1387
82.1394
82.1396
82.1396
82.1397
82.1398
82.1399
82.1421
82.1434
82.1436
82.1443
82.1463
82.1477
82.1486
82.1493
82.15
82.1514
82.1517
82.1526
82.1531
82.1531
82.1537
82.1545
82.1546
82.1549
82.1551
82.1557
82.1572
82.1574
82.1574
82.1576
82.1577
82.1591
82.1606
82.1607
82.161
82.1615
82.1616
82.162
82.1628
82.1637
82.1639
82.1643
82.1648
82.165
82.1656
82.1661
82.1677
82.1678
82.1686
82.17
82.1701
82.1704
82.1705
82.1709
82.171
82.1713
82.1719
82.1721
82.1724
82.1724
82.1733
82.1746
82.1747
82.1752
82.1776
82.178
82.1787
82.1788
82.182
82.1827
82.183
82.1831
82.1847
82.1876
82.1878
82.1892
82.1896
82.1901
82.1902
82.1908
82.1909
82.1914
82.1923
82.1953
82.1964
82.1966
82.199
82.2004
82.2026
82.2027
82.2037
82.2039
82.2039
82.2051
82.2052
82.206
82.2064
82.2085
82.2085
82.2092
82.2099
82.2103
82.2105
82.2107
82.2117
82.2118
82.2122
82.2126
82.2127
82.2139
82.2139
82.2142
82.2161
82.219
82.2195
82.2203
82.2213
82.222
82.2231
82.2232
82.2241
82.2249
82.2252
82.226
82.2271
82.228
82.2281
82.2282
82.2292
82.2306
82.2328
82.2344
82.2345
82.2357
82.236
82.2361
82.237
82.2374
82.2388
82.2408
82.241
82.2424
82.2454
82.2462
82.2464
82.2494
82.2532
82.2534
82.2538
82.2552
82.2557
82.2559
82.2566
82.2575
82.2588
82.2596
82.2611
82.2614
82.262
82.2632
82.2647
82.2647
82.2659
82.2665
82.2673
82.2685
82.2698
82.2701
82.2703
82.2705
82.2707
82.271
82.2715
82.2716
82.2729
82.2738
82.2739
82.275
82.276
82.2763
82.2777
82.278
82.2786
82.2798
82.2798
82.2798
82.2801
82.2827
82.2836
82.2838
82.284
82.285
82.2861
82.2861
82.2871
82.2884
82.2896
82.292
82.2921
82.293
82.2934
82.2935
82.295
82.2952
82.2955
82.2957
82.296
82.2968
82.2968
82.2986
82.2994
82.2996
82.3
82.3007
82.302
82.3022
82.3023
82.3027
82.3029
82.3046
82.3047
82.3049
82.3051
82.3052
82.3056
82.3057
82.3058
82.306
82.3083
82.309
82.3096
82.3107
82.3109
82.3124
82.3144
82.3153
82.3164
82.3164
82.3171
82.3177
82.3184
82.319
82.3199
82.3209
82.3214
82.3221
82.3225
82.3226
82.3245
82.3248
82.3249
82.3264
82.3277
82.3282
82.3298
82.3299
82.3301
82.3305
82.3306
82.3314
82.3315
82.3353
82.3369
82.3369
82.3376
82.3395
82.3395
82.3401
82.3416
82.3421
82.3428
82.3438
82.3439
82.3444
82.3445
82.3454
82.3455
82.3457
82.3463
82.3477
82.3509
82.3523
82.3529
82.3532
82.3547
82.3557
82.3559
82.3565
82.3566
82.3579
82.3582
82.3591
82.3598
82.3606
82.3609
82.3629
82.3633
82.3643
82.3648
82.3668
82.367
82.3673
82.3715
82.3718
82.3721
82.3724
82.3731
82.3734
82.3743
82.3751
82.3751
82.3755
82.3757
82.3766
82.3779
82.3795
82.3802
82.3803
82.3811
82.3812
82.3815
82.3818
82.3832
82.3835
82.3868
82.387
82.387
82.3872
82.3896
82.3897
82.3902
82.3903
82.3916
82.3917
82.392
82.3923
82.3942
82.3944
82.3962
82.3971
82.3975
82.3977
82.3982
82.3994
82.3998
82.4008
82.4012
82.4014
82.4017
82.4023
82.4029
82.4034
82.4036
82.4038
82.4048
82.4053
82.4056
82.4071
82.4074
82.4086
82.4088
82.4093
82.4097
82.4098
82.4122
82.4123
82.413
82.4135
82.414
82.4147
82.4151
82.4153
82.4153
82.4165
82.4169
82.4169
82.4182
82.4201
82.421
82.4215
82.423
82.4238
82.4238
82.424
82.4245
82.4248
82.4256
82.4287
82.4293
82.4296
82.4301
82.4302
82.4323
82.434
82.4352
82.4353
82.4373
82.4376
82.438
82.4384
82.4393
82.4393
82.4396
82.4399
82.4404
82.4411
82.4417
82.442
82.4421
82.4421
82.4428
82.443
82.4452
82.4483
82.4504
82.4505
82.4509
82.4514
82.4518
82.4525
82.4532
82.4535
82.4536
82.4548
82.4551
82.456
82.4563
82.4568
82.4572
82.4575
82.4575
82.4585
82.4599
82.4617
82.4619
82.4621
82.4626
82.4632
82.4649
82.465
82.4689
82.4704
82.4713
82.4726
82.4727
82.4731
82.4732
82.474
82.4769
82.4773
82.4782
82.4783
82.4789
82.4798
82.4803
82.4808
82.4809
82.4811
82.4821
82.4832
82.4838
82.4853
82.4854
82.4857
82.4864
82.487
82.4879
82.4882
82.4889
82.4903
82.4907
82.4907
82.4913
82.4956
82.4969
82.497
82.4984
82.4988
82.4991
82.4996
82.5003
82.501
82.501
82.5014
82.5017
82.5026
82.5042
82.5048
82.5053
82.5059
82.506
82.5066
82.5071
82.5072
82.5081
82.5084
82.5084
82.5088
82.5103
82.5107
82.5109
82.511
82.5123
82.5133
82.5149
82.5155
82.5162
82.5164
82.5171
82.5173
82.5195
82.5195
82.5208
82.5213
82.5217
82.522
82.5221
82.5223
82.5232
82.5237
82.524
82.5248
82.5265
82.527
82.5278
82.5279
82.5285
82.5297
82.5299
82.5314
82.5315
82.5321
82.5323
82.5323
82.5337
82.5345
82.5349
82.5362
82.5368
82.5371
82.5372
82.5376
82.5386
82.5392
82.5408
82.5423
82.5428
82.5448
82.5468
82.5474
82.5495
82.5505
82.5507
82.5526
82.553
82.5531
82.5535
82.5548
82.5555
82.5557
82.5567
82.5591
82.5591
82.5592
82.5594
82.5604
82.5608
82.5622
82.5633
82.5634
82.5639
82.5646
82.5661
82.5665
82.5671
82.5684
82.5693
82.5693
82.5697
82.5703
82.5706
82.5718
82.5719
82.5722
82.5724
82.5735
82.5739
82.5746
82.5748
82.5754
82.5768
82.5775
82.5777
82.5779
82.5782
82.5784
82.5801
82.5815
82.5815
82.5827
82.5827
82.5833
82.5837
82.5842
82.5846
82.5847
82.585
82.5854
82.5859
82.5863
82.5863
82.5866
82.5879
82.5888
82.589
82.5903
82.5915
82.5916
82.5921
82.5925
82.5935
82.5951
82.5954
82.5956
82.5977
82.5978
82.6
82.6004
82.6008
82.6009
82.6012
82.6015
82.6032
82.6065
82.6065
82.6071
82.6086
82.6095
82.6108
82.6113
82.6117
82.6118
82.6126
82.6128
82.6145
82.6153
82.6158
82.6162
82.6165
82.617
82.6183
82.6208
82.6211
82.6226
82.6232
82.6239
82.625
82.6255
82.6258
82.6264
82.6266
82.6267
82.6272
82.6298
82.63
82.6306
82.631
82.631
82.6318
82.6318
82.6345
82.6352
82.6355
82.6355
82.6365
82.6371
82.6373
82.6381
82.6409
82.6413
82.6414
82.6427
82.6439
82.6444
82.6447
82.6457
82.6467
82.6474
82.6483
82.6489
82.651
82.6512
82.6523
82.6528
82.6532
82.6534
82.6536
82.6551
82.6557
82.6572
82.6586
82.6595
82.6608
82.661
82.6616
82.6618
82.6622
82.6625
82.6636
82.6638
82.6643
82.6647
82.6657
82.6659
82.6661
82.6663
82.6664
82.6667
82.6672
82.669
82.6693
82.6693
82.6696
82.6702
82.6705
82.6707
82.6712
82.6717
82.672
82.673
82.673
82.6734
82.6757
82.6769
82.6776
82.6777
82.6781
82.6781
82.6785
82.6786
82.6789
82.6791
82.6796
82.6796
82.6799
82.6806
82.6808
82.6809
82.6812
82.6818
82.6819
82.6826
82.6839
82.6857
82.6863
82.6878
82.6888
82.6906
82.6919
82.6919
82.6943
82.6951
82.6955
82.6959
82.6959
82.6973
82.6978
82.6984
82.6984
82.7002
82.7011
82.7017
82.702
82.7021
82.7024
82.7029
82.7032
82.7034
82.7053
82.7065
82.7076
82.7084
82.7093
82.7097
82.7098
82.7103
82.7105
82.7123
82.7127
82.7134
82.7161
82.7169
82.7172
82.7188
82.7188
82.7188
82.7189
82.7194
82.7198
82.7218
82.7224
82.723
82.724
82.7244
82.7261
82.7262
82.7265
82.7269
82.7274
82.7286
82.7293
82.7299
82.7304
82.7306
82.7311
82.7314
82.7324
82.733
82.7333
82.734
82.7348
82.7359
82.7362
82.7366
82.7368
82.7378
82.7378
82.7415
82.7415
82.7418
82.7439
82.7443
82.7445
82.7448
82.7453
82.7468
82.7473
82.7474
82.7481
82.7482
82.7485
82.7487
82.749
82.7493
82.7501
82.7502
82.7502
82.7517
82.7517
82.7518
82.7572
82.7582
82.7592
82.7595
82.7599
82.7602
82.7606
82.7617
82.7629
82.7635
82.7636
82.7639
82.7643
82.7643
82.7648
82.765
82.7658
82.7664
82.7665
82.7689
82.7697
82.7717
82.7726
82.7731
82.7737
82.7745
82.7769
82.7784
82.7813
82.7816
82.7824
82.7827
82.7837
82.7847
82.7851
82.7857
82.7871
82.7871
82.7876
82.7883
82.789
82.7897
82.7904
82.7912
82.7929
82.793
82.7937
82.7949
82.7954
82.7973
82.7975
82.7979
82.7992
82.7995
82.7996
82.7997
82.7999
82.8009
82.801
82.801
82.8012
82.8024
82.8027
82.8028
82.8035
82.8041
82.8042
82.8057
82.8076
82.8082
82.81
82.8102
82.811
82.8112
82.8114
82.8137
82.8142
82.8142
82.8144
82.8147
82.8149
82.8171
82.8173
82.8174
82.8178
82.8182
82.8194
82.8199
82.8201
82.8204
82.8221
82.8241
82.8241
82.8242
82.8258
82.8259
82.8278
82.8284
82.8288
82.8289
82.8291
82.8295
82.8297
82.8301
82.8308
82.8322
82.8326
82.8329
82.834
82.834
82.8343
82.8345
82.8363
82.8366
82.8374
82.8382
82.8384
82.8414
82.8415
82.8436
82.8447
82.8448
82.845
82.8473
82.848
82.8491
82.8492
82.8492
82.8495
82.8499
82.8511
82.8512
82.8518
82.8519
82.8525
82.8531
82.8545
82.8552
82.8561
82.8567
82.8567
82.8572
82.8572
82.8573
82.8574
82.8577
82.8591
82.8601
82.8601
82.8619
82.862
82.8635
82.8654
82.8667
82.8677
82.8677
82.8713
82.8716
82.8718
82.872
82.8739
82.8751
82.8752
82.8753
82.8755
82.8767
82.8769
82.877
82.8787
82.8788
82.8796
82.8808
82.8809
82.8812
82.8834
82.8843
82.8854
82.886
82.8864
82.8872
82.8892
82.8916
82.8928
82.8938
82.894
82.8952
82.8955
82.8965
82.8989
82.8994
82.8994
82.8996
82.9
82.9003
82.9006
82.9008
82.9011
82.9011
82.9013
82.9018
82.902
82.9053
82.9055
82.9064
82.9067
82.9072
82.9075
82.9085
82.909
82.91
82.9111
82.9121
82.9127
82.913
82.9132
82.9138
82.9139
82.9146
82.9149
82.915
82.9151
82.9169
82.9174
82.9188
82.9189
82.9211
82.9214
82.9218
82.9221
82.9225
82.9229
82.923
82.924
82.9245
82.9278
82.9285
82.9298
82.9305
82.9306
82.9308
82.9326
82.9327
82.933
82.9348
82.9349
82.9352
82.9357
82.9362
82.9363
82.9366
82.9369
82.9369
82.9394
82.9405
82.9411
82.9412
82.9413
82.9413
82.9415
82.942
82.9429
82.943
82.9437
82.9445
82.9465
82.9474
82.9478
82.9484
82.9486
82.9489
82.9495
82.9502
82.9511
82.9538
82.9546
82.9549
82.9555
82.956
82.9569
82.9575
82.9593
82.9602
82.9604
82.9604
82.9607
82.9622
82.9626
82.9631
82.9649
82.9659
82.966
82.9669
82.9672
82.9674
82.9674
82.9677
82.968
82.9684
82.97
82.9703
82.9714
82.9719
82.972
82.9731
82.9734
82.9748
82.9754
82.9764
82.9766
82.9775
82.9779
82.979
82.9793
82.9814
82.9823
82.9831
82.9832
82.9838
82.984
82.9847
82.9852
82.9858
82.9859
82.987
82.9871
82.9879
82.9881
82.9882
82.9888
82.9891
82.9916
82.9917
82.9917
82.9918
82.9928
82.9933
82.9934
82.9947
82.9962
82.9966
82.9979
82.9981
82.9987
82.9988
82.9989
82.9993
83.0009
83.001
83.0018
83.0022
83.0037
83.0037
83.0047
83.0059
83.0062
83.007
83.0074
83.0086
83.0087
83.0091
83.0096
83.0101
83.0109
83.012
83.0122
83.013
83.0135
83.0137
83.0149
83.0163
83.0169
83.0174
83.0177
83.019
83.0194
83.0198
83.0219
83.022
83.023
83.0232
83.0236
83.0247
83.0254
83.0259
83.0268
83.0271
83.0287
83.0289
83.0289
83.0293
83.0302
83.0304
83.0319
83.0343
83.0354
83.0355
83.0365
83.0367
83.0368
83.037
83.0385
83.0395
83.0401
83.0417
83.0422
83.0428
83.0436
83.0448
83.0451
83.0457
83.0459
83.0468
83.0469
83.0477
83.048
83.0481
83.0485
83.0486
83.0488
83.049
83.0504
83.051
83.0524
83.0528
83.0533
83.0533
83.0545
83.0552
83.0558
83.0562
83.0569
83.0577
83.0577
83.0579
83.0583
83.0589
83.0589
83.0601
83.0608
83.0609
83.0613
83.0619
83.063
83.0633
83.0636
83.0639
83.0644
83.0653
83.0658
83.0675
83.0675
83.0676
83.0686
83.0694
83.0699
83.0705
83.0723
83.0731
83.0742
83.0751
83.0763
83.0764
83.0775
83.0781
83.0787
83.0787
83.0833
83.0841
83.0845
83.0848
83.0852
83.0871
83.0876
83.0903
83.0913
83.0921
83.0925
83.0927
83.0933
83.0942
83.0943
83.0947
83.0973
83.0975
83.0978
83.098
83.0981
83.0989
83.101
83.1017
83.1021
83.1025
83.1034
83.1043
83.1051
83.1065
83.1067
83.1079
83.1079
83.1083
83.1085
83.1089
83.1092
83.11
83.1101
83.1107
83.1108
83.111
83.1112
83.1114
83.1119
83.1127
83.1134
83.1139
83.114
83.1144
83.1147
83.1162
83.1173
83.1179
83.1181
83.1183
83.1193
83.1199
83.1222
83.1241
83.1242
83.1247
83.1248
83.126
83.1267
83.1282
83.129
83.1311
83.1311
83.1312
83.1316
83.132
83.1323
83.1324
83.133
83.1331
83.1331
83.1353
83.1358
83.136
83.137
83.1373
83.1374
83.1375
83.1377
83.1381
83.1382
83.141
83.1419
83.1421
83.1423
83.1434
83.1453
83.146
83.146
83.1464
83.1469
83.147
83.1474
83.1489
83.149
83.1492
83.1493
83.1507
83.1512
83.1517
83.1522
83.1523
83.1526
83.1528
83.1537
83.1541
83.1549
83.1561
83.1567
83.1582
83.1587
83.1595
83.1603
83.1607
83.1609
83.1616
83.1628
83.1631
83.1642
83.165
83.1674
83.1688
83.1693
83.1693
83.1695
83.1697
83.1702
83.1708
83.1731
83.1733
83.1739
83.1746
83.1749
83.1754
83.1769
83.1773
83.1779
83.178
83.1795
83.1804
83.1807
83.1827
83.1827
83.1831
83.1832
83.1838
83.1846
83.1873
83.1879
83.1894
83.1896
83.1896
83.1909
83.1911
83.1919
83.1921
83.1923
83.1925
83.1933
83.1944
83.1951
83.1982
83.1984
83.1985
83.1997
83.2024
83.2032
83.2041
83.2051
83.2067
83.2068
83.2071
83.2076
83.208
83.2086
83.2089
83.2103
83.2107
83.2113
83.2121
83.2123
83.2124
83.2127
83.2129
83.213
83.2133
83.2134
83.2139
83.2144
83.215
83.2157
83.2182
83.2197
83.221
83.2222
83.2223
83.223
83.2238
83.2246
83.2247
83.225
83.2254
83.2258
83.2264
83.2266
83.2278
83.229
83.2315
83.232
83.2324
83.2334
83.2335
83.2341
83.2355
83.236
83.236
83.2361
83.2364
83.2365
83.2372
83.2372
83.2381
83.2381
83.2382
83.2387
83.2392
83.2401
83.2404
83.2406
83.2406
83.2406
83.2415
83.2417
83.2419
83.2422
83.2433
83.2445
83.2445
83.2455
83.2456
83.2459
83.2461
83.2464
83.2491
83.251
83.2522
83.2524
83.2533
83.2534
83.2562
83.2564
83.2574
83.2584
83.2591
83.2617
83.2628
83.263
83.2653
83.2654
83.2665
83.2665
83.2669
83.2675
83.2682
83.2685
83.2693
83.2696
83.2705
83.2707
83.2716
83.2723
83.2732
83.2749
83.2751
83.2753
83.2755
83.2758
83.276
83.2767
83.2795
83.2798
83.2808
83.2819
83.2837
83.2839
83.2844
83.2848
83.2849
83.2862
83.2863
83.2871
83.2879
83.2886
83.2892
83.2921
83.2922
83.2927
83.2927
83.2927
83.2933
83.2943
83.2953
83.2954
83.2962
83.2969
83.2995
83.3003
83.3006
83.302
83.3022
83.3024
83.3033
83.3039
83.3048
83.3048
83.306
83.3064
83.3065
83.3067
83.3069
83.3072
83.3082
83.3086
83.3088
83.3094
83.3099
83.31
83.3117
83.3128
83.314
83.3143
83.3145
83.3153
83.3157
83.3177
83.318
83.3189
83.319
83.3209
83.3214
83.3214
83.322
83.322
83.3221
83.3225
83.323
83.3231
83.3234
83.3245
83.3246
83.325
83.3253
83.3256
83.326
83.3261
83.3266
83.3269
83.327
83.3275
83.3279
83.3281
83.3291
83.3298
83.3302
83.3302
83.3304
83.3316
83.332
83.3322
83.3326
83.3333
83.3335
83.3339
83.3344
83.3373
83.3376
83.3392
83.3406
83.3424
83.3434
83.3441
83.3452
83.3458
83.3464
83.3497
83.3497
83.3501
83.3507
83.3522
83.3542
83.3553
83.3555
83.3555
83.3558
83.3559
83.3564
83.3564
83.3575
83.3577
83.3584
83.3585
83.3587
83.3588
83.3591
83.3596
83.3605
83.3606
83.3645
83.366
83.3685
83.3694
83.37
83.3706
83.3711
83.3721
83.3728
83.3729
83.3731
83.3734
83.3739
83.3744
83.3757
83.3757
83.3817
83.3828
83.383
83.3834
83.3837
83.3841
83.3859
83.386
83.3862
83.3864
83.3865
83.3874
83.3886
83.3906
83.3912
83.3925
83.3929
83.3958
83.3964
83.3968
83.3972
83.3987
83.3992
83.3995
83.3997
83.4
83.4004
83.4008
83.4011
83.4023
83.4023
83.4035
83.4048
83.4053
83.4054
83.4058
83.4061
83.4064
83.4072
83.4076
83.4077
83.4095
83.4098
83.4111
83.4124
83.4141
83.4156
83.4161
83.4168
83.4168
83.4169
83.4173
83.4177
83.4188
83.4188
83.419
83.4191
83.4204
83.4206
83.422
83.4228
83.423
83.4234
83.424
83.4241
83.4241
83.4276
83.4286
83.4287
83.4301
83.4308
83.4308
83.4309
83.432
83.432
83.4332
83.4338
83.434
83.4349
83.4351
83.4354
83.4366
83.4371
83.4375
83.4377
83.4381
83.4389
83.4397
83.4422
83.4426
83.4427
83.444
83.4468
83.4481
83.4481
83.4485
83.4488
83.449
83.4493
83.4494
83.4497
83.4505
83.4518
83.4524
83.4537
83.4547
83.4565
83.4577
83.4579
83.4581
83.4594
83.4596
83.4599
83.4609
83.4621
83.4631
83.4639
83.4645
83.4649
83.4659
83.4671
83.4672
83.4688
83.4692
83.4694
83.4699
83.47
83.4715
83.4716
83.4718
83.4721
83.4734
83.4736
83.4738
83.474
83.474
83.4756
83.476
83.4765
83.4789
83.4792
83.4797
83.4815
83.4818
83.4822
83.4823
83.4838
83.4848
83.4852
83.4854
83.4866
83.4866
83.4888
83.4905
83.4907
83.4908
83.491
83.4913
83.4914
83.4918
83.492
83.492
83.4924
83.4934
83.4942
83.4943
83.4955
83.4964
83.4987
83.4995
83.4995
83.4996
83.4998
83.5007
83.502
83.5024
83.503
83.504
83.5044
83.5061
83.5061
83.5064
83.5077
83.5077
83.508
83.5081
83.5082
83.5086
83.5089
83.5093
83.5102
83.5103
83.5106
83.5107
83.511
83.5116
83.5117
83.5137
83.5153
83.5164
83.5164
83.5165
83.5177
83.5179
83.5183
83.5195
83.522
83.5227
83.5236
83.5244
83.5251
83.5263
83.5264
83.5265
83.5275
83.5275
83.5279
83.5309
83.5312
83.5318
83.5333
83.5339
83.5339
83.5343
83.5344
83.5353
83.5368
83.5378
83.5378
83.5397
83.5426
83.5431
83.5436
83.5451
83.5451
83.5458
83.5464
83.5467
83.5471
83.5477
83.5479
83.5489
83.5502
83.5503
83.5506
83.5506
83.5508
83.5513
83.5527
83.5528
83.553
83.5534
83.5544
83.555
83.5563
83.5565
83.5567
83.5568
83.5571
83.5574
83.5589
83.5597
83.5602
83.5605
83.5608
83.5608
83.5612
83.562
83.562
83.5626
83.5635
83.5636
83.5637
83.5641
83.5642
83.5644
83.5649
83.5664
83.5666
83.5667
83.57
83.5714
83.5721
83.5729
83.5731
83.5731
83.5731
83.5733
83.5734
83.5737
83.5738
83.5746
83.5749
83.5753
83.576
83.5762
83.5782
83.5784
83.5795
83.5802
83.5808
83.5813
83.5821
83.5827
83.5834
83.5841
83.5851
83.5859
83.5866
83.5869
83.5872
83.5875
83.5877
83.588
83.5899
83.5905
83.5911
83.5915
83.5925
83.5927
83.5933
83.5946
83.5949
83.5951
83.5956
83.596
83.5974
83.5982
83.5987
83.5988
83.5998
83.6006
83.6008
83.6009
83.6013
83.6016
83.6018
83.6019
83.6021
83.6025
83.6038
83.6039
83.6042
83.6057
83.6063
83.6077
83.6077
83.6088
83.6115
83.6132
83.6136
83.6141
83.6141
83.6148
83.6148
83.6158
83.6162
83.6165
83.6176
83.6199
83.6209
83.6211
83.6213
83.6238
83.6242
83.6243
83.6254
83.6257
83.6268
83.6275
83.6277
83.6284
83.6295
83.632
83.632
83.6333
83.6337
83.6348
83.6366
83.638
83.6382
83.6387
83.6397
83.6409
83.6414
83.6433
83.6433
83.6436
83.6449
83.6452
83.6453
83.6454
83.6461
83.6476
83.6482
83.6485
83.6486
83.6508
83.6516
83.6518
83.6519
83.6524
83.653
83.654
83.6551
83.6568
83.6582
83.6604
83.6606
83.6606
83.6645
83.6648
83.6653
83.6673
83.6676
83.6679
83.6687
83.6687
83.67
83.6701
83.6717
83.6719
83.672
83.673
83.6741
83.6742
83.6754
83.6754
83.676
83.6764
83.6766
83.6776
83.6778
83.6785
83.6785
83.6795
83.6802
83.6807
83.6813
83.6815
83.6827
83.6831
83.6833
83.6843
83.6855
83.6859
83.6866
83.6869
83.6872
83.6887
83.6891
83.6894
83.6898
83.6917
83.6919
83.692
83.6925
83.6931
83.6932
83.6953
83.6954
83.696
83.6961
83.6998
83.7006
83.7015
83.7016
83.7018
83.7033
83.7035
83.7037
83.7044
83.7047
83.7051
83.7053
83.7056
83.7058
83.706
83.7063
83.7063
83.7066
83.7075
83.7079
83.7082
83.7087
83.71
83.7109
83.7115
83.7127
83.7133
83.7135
83.7142
83.7142
83.7143
83.7146
83.7147
83.7151
83.7154
83.7158
83.7159
83.7164
83.7176
83.7182
83.7191
83.7193
83.7193
83.7194
83.7198
83.7214
83.7215
83.7218
83.7223
83.7223
83.7242
83.7243
83.7245
83.7247
83.7254
83.7256
83.727
83.7271
83.7284
83.7299
83.7299
83.7341
83.736
83.7365
83.7374
83.7376
83.7384
83.7386
83.7391
83.7401
83.7408
83.7444
83.7454
83.7461
83.7468
83.7469
83.7475
83.7477
83.7477
83.75
83.7501
83.7504
83.7518
83.7529
83.7531
83.7535
83.7536
83.7577
83.7581
83.7584
83.7589
83.7596
83.7619
83.7633
83.7635
83.7638
83.7647
83.7649
83.7656
83.7676
83.7678
83.7679
83.7692
83.7697
83.7709
83.771
83.7711
83.7716
83.7719
83.7727
83.7731
83.7743
83.7744
83.7744
83.7747
83.7764
83.7775
83.7776
83.7784
83.7791
83.7794
83.7795
83.7808
83.7814
83.7814
83.7819
83.783
83.7835
83.7841
83.7848
83.7859
83.786
83.786
83.7893
83.7904
83.7909
83.7911
83.792
83.7926
83.7932
83.7934
83.7934
83.7941
83.7957
83.7962
83.7964
83.7967
83.7993
83.7997
83.8009
83.803
83.8031
83.8035
83.8035
83.804
83.8041
83.8063
83.8064
83.8065
83.807
83.8097
83.8098
83.81
83.8112
83.8113
83.8114
83.8116
83.8117
83.8123
83.8134
83.8139
83.8143
83.8151
83.8152
83.8159
83.8163
83.8186
83.8189
83.8194
83.8194
83.8199
83.8202
83.8218
83.822
83.8221
83.8239
83.8242
83.8249
83.8251
83.8254
83.8267
83.8268
83.8268
83.8276
83.8298
83.8303
83.8305
83.8314
83.8327
83.8328
83.8328
83.8347
83.8352
83.8353
83.838
83.8393
83.8394
83.8402
83.8409
83.8413
83.8416
83.8425
83.8444
83.8472
83.8472
83.849
83.8491
83.8495
83.8501
83.8502
83.8507
83.853
83.8536
83.8551
83.8556
83.8565
83.8569
83.8574
83.8574
83.8591
83.8592
83.8598
83.8621
83.8631
83.8639
83.8641
83.865
83.8656
83.8659
83.8665
83.867
83.8675
83.8684
83.8687
83.8699
83.87
83.8701
83.8707
83.8709
83.871
83.8719
83.872
83.8722
83.8729
83.8736
83.8738
83.8763
83.8763
83.8773
83.8785
83.8788
83.8789
83.8793
83.8797
83.8801
83.8801
83.8803
83.8809
83.8822
83.8829
83.8834
83.8846
83.8849
83.8855
83.8866
83.888
83.8887
83.89
83.8909
83.8909
83.8915
83.8915
83.8921
83.8931
83.8935
83.8936
83.8949
83.8965
83.8967
83.8988
83.8992
83.8997
83.8999
83.8999
83.9013
83.9017
83.902
83.9027
83.9042
83.9046
83.9053
83.9054
83.908
83.9095
83.9098
83.9115
83.913
83.9133
83.9143
83.9149
83.9155
83.9172
83.9172
83.919
83.9197
83.9202
83.9203
83.9226
83.924
83.9241
83.9244
83.9261
83.9273
83.9273
83.9275
83.928
83.9283
83.9286
83.9293
83.9301
83.9324
83.9336
83.9337
83.9337
83.9365
83.9365
83.9376
83.9384
83.939
83.9399
83.9403
83.9412
83.9415
83.9422
83.9426
83.943
83.9443
83.9446
83.9455
83.95
83.9501
83.9518
83.9522
83.9523
83.9525
83.9527
83.9534
83.9538
83.9539
83.954
83.9546
83.9548
83.9558
83.9569
83.9571
83.9577
83.9598
83.9609
83.9611
83.9614
83.9615
83.9619
83.9627
83.9634
83.9635
83.9635
83.9641
83.9647
83.9648
83.9653
83.9662
83.9668
83.9675
83.9689
83.9707
83.9707
83.9729
83.9735
83.9741
83.9742
83.9749
83.9754
83.9758
83.9768
83.9778
83.9779
83.9788
83.979
83.9795
83.98
83.9801
83.9803
83.9803
83.9807
83.9811
83.9819
83.983
83.9834
83.9839
83.9845
83.9851
83.9864
83.9866
83.9871
83.9872
83.9882
83.9884
83.989
83.9914
83.9921
83.993
83.9932
83.9935
83.9939
83.9953
83.997
83.9995
84.0013
84.0014
84.0024
84.0034
84.0039
84.0041
84.0048
84.0057
84.0066
84.007
84.0079
84.0081
84.009
84.0092
84.0096
84.0127
84.013
84.015
84.0154
84.017
84.0178
84.0205
84.0209
84.0214
84.0215
84.0226
84.023
84.0246
84.0247
84.0255
84.026
84.0262
84.0265
84.0265
84.0268
84.0269
84.0269
84.0284
84.0289
84.029
84.029
84.0295
84.0318
84.0319
84.032
84.0336
84.0338
84.0353
84.0364
84.0369
84.038
84.0403
84.041
84.0421
84.0427
84.0429
84.0432
84.0448
84.045
84.0486
84.0486
84.0497
84.0513
84.0531
84.0535
84.0538
84.0551
84.0558
84.0562
84.0563
84.0567
84.0582
84.0583
84.0591
84.0604
84.0617
84.0619
84.0631
84.0642
84.0643
84.0644
84.0646
84.0648
84.0652
84.0663
84.0675
84.0678
84.068
84.0684
84.0694
84.0698
84.0702
84.0704
84.0706
84.0716
84.0739
84.074
84.0754
84.0764
84.0765
84.0772
84.0773
84.0776
84.0778
84.078
84.0785
84.079
84.081
84.0813
84.0817
84.0819
84.0827
84.0832
84.0849
84.085
84.0854
84.0855
84.0865
84.0866
84.0872
84.0879
84.0893
84.0895
84.0897
84.0897
84.0916
84.0916
84.0921
84.0927
84.093
84.0932
84.0943
84.1012
84.1015
84.1019
84.1021
84.1034
84.1043
84.1058
84.1071
84.1072
84.1087
84.1107
84.1109
84.1121
84.1131
84.1132
84.1136
84.1138
84.114
84.1145
84.1173
84.1174
84.1187
84.1201
84.1202
84.1211
84.1215
84.1223
84.1224
84.1236
84.1239
84.1257
84.1266
84.129
84.1306
84.1308
84.1315
84.1315
84.1316
84.1319
84.1323
84.1326
84.133
84.1335
84.134
84.1345
84.1355
84.1356
84.1375
84.1377
84.1383
84.1384
84.1386
84.1394
84.1401
84.1402
84.141
84.1413
84.142
84.1422
84.1442
84.1446
84.1452
84.1457
84.146
84.1462
84.1472
84.1478
84.1485
84.1487
84.1494
84.1511
84.1513
84.1538
84.1546
84.1592
84.1598
84.1599
84.1602
84.1602
84.1614
84.1622
84.1632
84.1632
84.1634
84.1638
84.1641
84.1652
84.1659
84.1661
84.1664
84.1666
84.1666
84.1682
84.1682
84.1688
84.1691
84.1696
84.1702
84.1704
84.1705
84.1711
84.1715
84.1742
84.1762
84.177
84.1775
84.1786
84.1788
84.1799
84.1822
84.1839
84.1846
84.1858
84.1861
84.187
84.1873
84.1882
84.1886
84.189
84.1892
84.1919
84.192
84.1922
84.1937
84.1952
84.1959
84.1984
84.1995
84.2004
84.2004
84.2005
84.2016
84.2021
84.2029
84.2044
84.2051
84.2066
84.2073
84.2078
84.2078
84.2088
84.2095
84.2105
84.2107
84.2128
84.2134
84.2138
84.2149
84.2178
84.2182
84.2192
84.2199
84.2231
84.2236
84.2247
84.2252
84.2252
84.2257
84.2265
84.2266
84.2271
84.2271
84.2275
84.2282
84.2282
84.2286
84.2298
84.2308
84.2315
84.2321
84.2323
84.2331
84.2345
84.236
84.2361
84.2373
84.2388
84.2389
84.2391
84.2398
84.2398
84.2403
84.2408
84.2408
84.2414
84.2424
84.2456
84.2469
84.2469
84.2475
84.2488
84.2497
84.2499
84.2502
84.2505
84.2521
84.2537
84.2542
84.2559
84.2571
84.2574
84.2585
84.2586
84.2587
84.2604
84.2607
84.2618
84.2625
84.2638
84.2641
84.2665
84.2666
84.2668
84.2685
84.2685
84.2705
84.2717
84.2727
84.2728
84.2736
84.2747
84.2755
84.276
84.2764
84.2764
84.2769
84.2775
84.2779
84.2796
84.2797
84.2801
84.2814
84.2822
84.2832
84.2859
84.2862
84.2869
84.2886
84.2887
84.2892
84.2895
84.2901
84.2902
84.2902
84.2918
84.2947
84.295
84.2953
84.296
84.2971
84.2976
84.2978
84.2979
84.2979
84.2982
84.2986
84.2992
84.2993
84.2998
84.3011
84.3011
84.3038
84.3045
84.3048
84.3049
84.3051
84.3054
84.3085
84.3087
84.3113
84.3131
84.3134
84.3138
84.3146
84.3149
84.3154
84.3154
84.3158
84.3164
84.317
84.318
84.3181
84.3187
84.32
84.3204
84.3208
84.321
84.3237
84.3243
84.3251
84.3253
84.3258
84.3279
84.3287
84.3287
84.3312
84.3318
84.3319
84.333
84.3344
84.3367
84.3368
84.3369
84.3398
84.3433
84.344
84.3446
84.3452
84.3453
84.3477
84.3477
84.3479
84.348
84.3518
84.3537
84.3542
84.3553
84.3556
84.3557
84.3567
84.3571
84.3581
84.3584
84.3595
84.3596
84.3602
84.3604
84.361
84.3621
84.3623
84.364
84.3655
84.3656
84.3657
84.3658
84.3687
84.3689
84.369
84.3691
84.3696
84.3698
84.3701
84.3704
84.3715
84.3716
84.3726
84.3733
84.3756
84.3758
84.3765
84.3771
84.3774
84.3785
84.3792
84.38
84.3805
84.3807
84.3828
84.3829
84.3843
84.3851
84.3871
84.3883
84.3894
84.391
84.3911
84.3936
84.3936
84.3954
84.397
84.3974
84.3993
84.403
84.4031
84.4056
84.4058
84.4067
84.4068
84.4094
84.4111
84.4113
84.4114
84.412
84.4121
84.4132
84.4146
84.4191
84.4194
84.4194
84.4198
84.4198
84.4203
84.4218
84.423
84.425
84.4253
84.4265
84.4274
84.4287
84.4303
84.4312
84.4321
84.4328
84.4331
84.4333
84.4335
84.4346
84.4359
84.438
84.4392
84.44
84.4408
84.4417
84.4418
84.443
84.4445
84.4458
84.446
84.4464
84.4466
84.4468
84.4474
84.4474
84.4478
84.4487
84.4487
84.4491
84.4494
84.4495
84.4499
84.4508
84.4513
84.4517
84.4548
84.4548
84.4552
84.4564
84.4567
84.4595
84.4611
84.4611
84.4618
84.462
84.4643
84.4656
84.4664
84.4669
84.4679
84.4679
84.4685
84.4703
84.4705
84.4713
84.4718
84.4719
84.4723
84.4739
84.4741
84.475
84.4751
84.4751
84.4758
84.4762
84.4774
84.4778
84.4784
84.4789
84.4802
84.4814
84.4819
84.4828
84.483
84.4852
84.4853
84.4858
84.4877
84.4889
84.4889
84.4902
84.4906
84.4926
84.4929
84.4943
84.4949
84.4964
84.4976
84.5051
84.5051
84.5058
84.508
84.5102
84.5109
84.5116
84.5116
84.5117
84.5122
84.5124
84.515
84.5156
84.5174
84.5174
84.5189
84.5198
84.5199
84.52
84.5202
84.5207
84.5207
84.5207
84.5226
84.5233
84.5244
84.5251
84.5258
84.5267
84.5269
84.5287
84.5294
84.5305
84.5306
84.5313
84.5314
84.5324
84.533
84.5337
84.5347
84.536
84.5361
84.5367
84.537
84.5375
84.5384
84.5393
84.5402
84.5405
84.5409
84.5414
84.5448
84.545
84.5479
84.5512
84.5523
84.5529
84.555
84.5553
84.5586
84.5591
84.5606
84.5608
84.5636
84.5638
84.5665
84.5672
84.5677
84.5677
84.5687
84.5698
84.5701
84.5705
84.5716
84.5724
84.573
84.5735
84.5751
84.5758
84.577
84.5772
84.5776
84.579
84.5797
84.5799
84.5803
84.5818
84.5827
84.5831
84.5833
84.5855
84.5862
84.5863
84.5875
84.5882
84.5891
84.5897
84.5903
84.5904
84.5913
84.5924
84.5934
84.5938
84.595
84.5951
84.5958
84.5962
84.5964
84.5974
84.5978
84.5981
84.599
84.601
84.601
84.6016
84.602
84.6026
84.6032
84.6032
84.6036
84.6038
84.6042
84.6042
84.6051
84.6053
84.6055
84.6066
84.6067
84.608
84.6082
84.6086
84.6111
84.6119
84.6123
84.6127
84.6133
84.6133
84.6135
84.6138
84.615
84.6155
84.6166
84.6179
84.6182
84.6184
84.619
84.6197
84.6199
84.6207
84.6208
84.6222
84.6223
84.6223
84.6235
84.6268
84.6272
84.6274
84.6276
84.6322
84.6323
84.6349
84.6356
84.6377
84.6377
84.638
84.6382
84.6395
84.6397
84.6397
84.6405
84.6409
84.6409
84.6415
84.6415
84.642
84.642
84.6423
84.6425
84.6429
84.646
84.6467
84.6467
84.6482
84.6488
84.6538
84.6552
84.6553
84.657
84.6575
84.6586
84.6588
84.6588
84.6602
84.6614
84.6641
84.6641
84.6642
84.6666
84.667
84.6677
84.6679
84.6686
84.6696
84.6726
84.6728
84.6739
84.6746
84.6761
84.6772
84.6806
84.682
84.6829
84.6834
84.6843
84.6849
84.6851
84.6859
84.688
84.6884
84.6898
84.6904
84.6905
84.693
84.6942
84.6947
84.6959
84.6962
84.6964
84.6966
84.6985
84.7013
84.7015
84.7016
84.7025
84.7025
84.7032
84.706
84.7083
84.7109
84.7129
84.7147
84.7151
84.7154
84.7154
84.7157
84.7166
84.7174
84.7183
84.719
84.7216
84.7237
84.7246
84.7255
84.7259
84.7266
84.7269
84.7285
84.7301
84.7304
84.7304
84.7314
84.7341
84.7343
84.7347
84.7358
84.736
84.7361
84.7383
84.7403
84.7417
84.7421
84.7431
84.7439
84.7443
84.7451
84.7462
84.7468
84.7475
84.7479
84.7491
84.7517
84.7521
84.7524
84.7526
84.7539
84.755
84.7556
84.7636
84.7646
84.7649
84.7661
84.7683
84.7685
84.7686
84.7687
84.7689
84.769
84.7691
84.7719
84.7732
84.7734
84.7737
84.7739
84.7782
84.779
84.7793
84.7794
84.7801
84.7822
84.784
84.7845
84.7852
84.7859
84.7869
84.7873
84.7877
84.7883
84.7884
84.7886
84.7888
84.7888
84.789
84.7891
84.7898
84.7905
84.7909
84.7917
84.7933
84.7947
84.7955
84.7966
84.7979
84.8009
84.8011
84.8032
84.8033
84.8037
84.8042
84.8048
84.8083
84.8091
84.8102
84.8113
84.8123
84.8137
84.8157
84.816
84.8161
84.8168
84.8175
84.8192
84.8207
84.8208
84.8215
84.8218
84.8233
84.8242
84.826
84.8264
84.8264
84.8282
84.8287
84.8289
84.8296
84.8305
84.8322
84.8335
84.8338
84.8347
84.8357
84.8361
84.8376
84.8377
84.8383
84.8387
84.8391
84.84
84.8409
84.8415
84.8415
84.8425
84.843
84.8472
84.8474
84.8477
84.8477
84.8491
84.8492
84.8528
84.8544
84.8545
84.8549
84.8549
84.8551
84.8571
84.8588
84.8595
84.8598
84.8613
84.8631
84.8632
84.864
84.8645
84.8645
84.8675
84.8677
84.8677
84.8685
84.8687
84.8692
84.8695
84.8697
84.8697
84.8713
84.8715
84.8726
84.8751
84.8756
84.8771
84.88
84.8805
84.882
84.8829
84.8842
84.885
84.8873
84.8874
84.8875
84.89
84.8901
84.891
84.8913
84.8921
84.8943
84.895
84.895
84.8954
84.8956
84.8967
84.8969
84.898
84.8986
84.9013
84.9027
84.903
84.9056
84.9059
84.9067
84.9069
84.9076
84.9087
84.9097
84.911
84.9124
84.9136
84.914
84.9172
84.92
84.9209
84.9209
84.9226
84.9233
84.9234
84.9237
84.9239
84.9243
84.9253
84.9263
84.9278
84.9279
84.9289
84.9294
84.9295
84.93
84.9315
84.9341
84.935
84.935
84.9355
84.9375
84.9389
84.9394
84.941
84.943
84.9432
84.9432
84.9463
84.9472
84.9474
84.9489
84.949
84.9501
84.9506
84.952
84.9543
84.9551
84.9586
84.9589
84.9597
84.9613
84.9617
84.9624
84.9645
84.9656
84.966
84.9676
84.9685
84.9688
84.9702
84.9704
84.9712
84.9768
84.9775
84.9777
84.9779
84.9789
84.9806
84.981
84.9845
84.9849
84.9852
84.9852
84.9884
84.9892
84.9923
84.9943
84.9945
84.9954
84.9983
84.9984
84.9985
84.9995
85.0003
85.0006
85.0014
85.0015
85.0024
85.0033
85.0062
85.0063
85.0079
85.0101
85.0112
85.0129
85.0139
85.0145
85.0148
85.0153
85.0161
85.0172
85.0172
85.0175
85.0179
85.0193
85.0205
85.03
85.0301
85.0304
85.0312
85.0318
85.0328
85.0332
85.0332
85.0356
85.0358
85.0363
85.0364
85.0384
85.0402
85.0413
85.0415
85.0426
85.0427
85.0427
85.0447
85.0483
85.0493
85.0505
85.0505
85.0519
85.0528
85.0533
85.0534
85.0538
85.0547
85.0553
85.0562
85.0585
85.0605
85.0619
85.0628
85.0644
85.0651
85.0668
85.0674
85.0694
85.0697
85.0702
85.0702
85.0712
85.0714
85.0728
85.0737
85.0746
85.0795
85.0795
85.0796
85.0802
85.0803
85.081
85.0821
85.085
85.0853
85.0867
85.0869
85.0881
85.0923
85.0928
85.0933
85.0965
85.0971
85.0977
85.0979
85.0993
85.1006
85.1006
85.1016
85.1026
85.1027
85.1028
85.1033
85.105
85.1089
85.1107
85.1112
85.1112
85.1114
85.1128
85.1144
85.1157
85.1171
85.1192
85.1199
85.1213
85.1223
85.1228
85.1245
85.1246
85.1246
85.1251
85.1264
85.1264
85.1264
85.1272
85.1302
85.1308
85.1326
85.1329
85.1332
85.1348
85.1377
85.1435
85.1461
85.1462
85.1464
85.1465
85.1467
85.1479
85.148
85.1488
85.1516
85.1524
85.1539
85.154
85.1549
85.1556
85.1556
85.1557
85.157
85.1589
85.1609
85.1621
85.1631
85.1641
85.165
85.1665
85.1674
85.1685
85.1694
85.1703
85.1729
85.1735
85.1736
85.1737
85.1761
85.1761
85.1765
85.1765
85.1778
85.1815
85.1818
85.1845
85.1845
85.1859
85.187
85.187
85.1883
85.1886
85.1889
85.1897
85.1932
85.1941
85.1945
85.1966
85.1968
85.198
85.1989
85.2001
85.2006
85.201
85.205
85.2063
85.2072
85.2094
85.2097
85.2105
85.2114
85.2119
85.213
85.2134
85.2139
85.2141
85.2154
85.2157
85.2164
85.217
85.2171
85.2203
85.2205
85.2232
85.2234
85.2241
85.2248
85.2262
85.2279
85.2282
85.2305
85.2323
85.235
85.2373
85.2373
85.2374
85.2376
85.2407
85.2419
85.243
85.243
85.2447
85.2474
85.2474
85.2487
85.2487
85.2517
85.2517
85.2519
85.2521
85.2529
85.254
85.2564
85.2565
85.2575
85.2581
85.2593
85.2625
85.2636
85.2646
85.2651
85.2654
85.2673
85.2687
85.2696
85.2736
85.2741
85.2744
85.2749
85.2752
85.2759
85.2773
85.2773
85.2775
85.2778
85.2779
85.2783
85.2793
85.2809
85.2828
85.2834
85.2843
85.2867
85.2874
85.2879
85.2895
85.2895
85.2905
85.2928
85.2931
85.2931
85.2932
85.2934
85.2962
85.2968
85.2969
85.2974
85.2985
85.299
85.2998
85.3002
85.302
85.3051
85.3061
85.3072
85.3083
85.3093
85.3099
85.3102
85.3103
85.3114
85.3122
85.3131
85.3132
85.3163
85.3163
85.3165
85.3182
85.3207
85.322
85.3227
85.3251
85.3288
85.3296
85.3311
85.3317
85.3321
85.3325
85.3326
85.3335
85.3345
85.3359
85.3368
85.337
85.3371
85.3373
85.3383
85.3415
85.3419
85.3451
85.346
85.3472
85.3473
85.3516
85.3536
85.3536
85.355
85.3564
85.3572
85.3578
85.3589
85.3599
85.3603
85.3617
85.3618
85.3623
85.3639
85.3643
85.3647
85.3699
85.3702
85.3707
85.3754
85.3757
85.3758
85.376
85.377
85.3774
85.3785
85.3785
85.379
85.3794
85.3808
85.3842
85.3842
85.3843
85.3844
85.3868
85.3894
85.3924
85.3925
85.3929
85.3931
85.3935
85.3941
85.3957
85.3974
85.3975
85.3979
85.3988
85.4003
85.4013
85.4018
85.4041
85.4041
85.4095
85.4095
85.4109
85.4122
85.4145
85.4158
85.416
85.4204
85.425
85.4254
85.427
85.427
85.4293
85.4305
85.4306
85.4325
85.4327
85.4328
85.4338
85.4358
85.4359
85.4368
85.437
85.4372
85.4404
85.4406
85.4409
85.4411
85.4416
85.4431
85.4445
85.4484
85.4488
85.4491
85.4507
85.4517
85.4537
85.455
85.4552
85.4554
85.4566
85.457
85.4597
85.4606
85.4624
85.4629
85.4629
85.4642
85.4646
85.465
85.4683
85.469
85.4704
85.4715
85.473
85.4732
85.4735
85.4738
85.4746
85.4752
85.4756
85.4775
85.4799
85.4802
85.4814
85.4844
85.4845
85.4856
85.4884
85.4907
85.4907
85.4926
85.4929
85.4941
85.4959
85.4959
85.4968
85.4989
85.4996
85.5002
85.5027
85.503
85.5033
85.5042
85.5044
85.5056
85.5078
85.5103
85.5114
85.512
85.5123
85.5137
85.5145
85.515
85.5154
85.5173
85.5185
85.5192
85.5225
85.5234
85.5241
85.5246
85.525
85.5256
85.5262
85.5264
85.5273
85.5292
85.5295
85.5296
85.5299
85.5305
85.5316
85.5322
85.5328
85.5336
85.5337
85.5348
85.535
85.5372
85.5397
85.5405
85.5423
85.544
85.5473
85.5498
85.5505
85.5525
85.5568
85.5569
85.5572
85.5573
85.563
85.5632
85.5645
85.5657
85.5667
85.5672
85.5683
85.5699
85.5721
85.5727
85.5787
85.5802
85.5871
85.5876
85.5902
85.591
85.5913
85.5918
85.5924
85.5927
85.5929
85.593
85.5967
85.5973
85.5982
85.6008
85.6009
85.6062
85.6066
85.6067
85.6114
85.613
85.6142
85.6145
85.6152
85.6161
85.6162
85.6241
85.6242
85.6273
85.6274
85.6285
85.6288
85.6292
85.6306
85.6326
85.6337
85.634
85.6348
85.6368
85.6377
85.6386
85.6387
85.639
85.6391
85.6399
85.6434
85.6456
85.6469
85.6503
85.6507
85.6519
85.6528
85.6533
85.6543
85.6567
85.6696
85.6705
85.6716
85.6731
85.6759
85.6774
85.6776
85.6784
85.6808
85.6809
85.6823
85.6828
85.6836
85.6848
85.6852
85.6864
85.6869
85.6871
85.6908
85.6912
85.6919
85.6962
85.6986
85.6987
85.6992
85.6996
85.6998
85.7001
85.7015
85.7039
85.7041
85.7063
85.7076
85.7126
85.7127
85.7141
85.7148
85.7151
85.7151
85.7174
85.7183
85.7186
85.7196
85.7213
85.722
85.7231
85.7255
85.7291
85.7298
85.7313
85.7315
85.7316
85.7322
85.7342
85.7344
85.7352
85.7399
85.7407
85.7415
85.7421
85.7426
85.7438
85.7464
85.748
85.7487
85.7512
85.7515
85.7518
85.7522
85.7537
85.7595
85.7612
85.765
85.7658
85.7679
85.7688
85.769
85.7696
85.7709
85.7718
85.7721
85.7739
85.7748
85.776
85.7763
85.7767
85.7778
85.7782
85.7785
85.7793
85.7796
85.7821
85.7824
85.7835
85.7842
85.7853
85.7868
85.7887
85.789
85.7895
85.7903
85.7905
85.7912
85.7921
85.7952
85.799
85.7997
85.8002
85.8027
85.803
85.8043
85.8045
85.8068
85.8076
85.8081
85.809
85.8096
85.811
85.8125
85.8141
85.8145
85.8148
85.8155
85.8156
85.8166
85.8175
85.8185
85.8188
85.8191
85.8193
85.8231
85.8255
85.8258
85.8289
85.8292
85.8314
85.8314
85.8321
85.8329
85.8338
85.8354
85.8363
85.8376
85.8414
85.843
85.8457
85.8459
85.846
85.8491
85.851
85.8532
85.855
85.8556
85.8586
85.8605
85.8608
85.8613
85.8634
85.8653
85.8653
85.8658
85.8672
85.869
85.869
85.8701
85.8706
85.8707
85.8708
85.8709
85.8715
85.8726
85.8735
85.8736
85.8784
85.8793
85.8793
85.88
85.8805
85.8829
85.8831
85.8832
85.8853
85.8865
85.8869
85.8883
85.8884
85.8885
85.8887
85.8903
85.891
85.892
85.8953
85.8959
85.8963
85.8966
85.8975
85.8979
85.8998
85.9025
85.9031
85.9037
85.9066
85.908
85.9082
85.9105
85.9125
85.9132
85.9148
85.9163
85.9166
85.9174
85.9193
85.92
85.9254
85.9258
85.9263
85.9266
85.9295
85.9296
85.9335
85.9352
85.9363
85.9444
85.9457
85.9459
85.9475
85.9487
85.9512
85.9546
85.9556
85.9588
85.9618
85.9627
85.9654
85.9696
85.9719
85.9727
85.9736
85.9751
85.9763
85.9773
85.978
85.9821
85.9825
85.983
85.9856
85.9857
85.9863
85.9888
85.9907
85.9915
85.993
85.9938
85.9945
85.9955
85.9985
85.999
85.9994
85.9994
85.9996
86.0007
86.0023
86.0025
86.0029
86.0034
86.0074
86.0077
86.009
86.0111
86.012
86.0122
86.0168
86.0176
86.0178
86.0179
86.0187
86.0188
86.0189
86.0214
86.0221
86.0253
86.0261
86.0273
86.0273
86.0304
86.0306
86.0307
86.0314
86.0319
86.035
86.0355
86.0357
86.0395
86.0409
86.0433
86.0433
86.0472
86.0515
86.052
86.0525
86.0527
86.0564
86.0565
86.0575
86.0575
86.0579
86.0609
86.065
86.0653
86.0655
86.0674
86.0676
86.0692
86.0701
86.072
86.0724
86.0728
86.0777
86.0809
86.0815
86.0819
86.0834
86.085
86.0885
86.0896
86.0918
86.0924
86.0946
86.0962
86.0987
86.0996
86.1005
86.1026
86.1095
86.1103
86.1111
86.1134
86.1141
86.1141
86.1143
86.1144
86.1154
86.116
86.1161
86.1171
86.1178
86.1191
86.1203
86.1208
86.1228
86.123
86.1245
86.1261
86.1316
86.1325
86.1327
86.1333
86.1341
86.1393
86.1416
86.1423
86.1437
86.1441
86.1461
86.1482
86.1491
86.1493
86.153
86.1533
86.1535
86.157
86.1572
86.1611
86.163
86.164
86.1673
86.1675
86.173
86.1734
86.1741
86.1756
86.176
86.1762
86.1775
86.1779
86.1816
86.1828
86.1833
86.1843
86.185
86.1859
86.1865
86.1868
86.1876
86.1878
86.1883
86.1887
86.1926
86.1937
86.1985
86.1987
86.1995
86.2001
86.2082
86.2123
86.2167
86.2182
86.2204
86.2218
86.2224
86.226
86.2276
86.2282
86.2294
86.2309
86.2364
86.2381
86.2414
86.2431
86.2436
86.2447
86.249
86.251
86.2514
86.2599
86.2601
86.2602
86.2648
86.2677
86.2682
86.2687
86.2718
86.2737
86.2754
86.2757
86.2763
86.2791
86.2855
86.2861
86.2871
86.2896
86.2959
86.298
86.299
86.3003
86.3023
86.3042
86.3069
86.307
86.3094
86.3108
86.3114
86.3121
86.3154
86.3157
86.3163
86.3225
86.3259
86.3268
86.3274
86.33
86.3306
86.3327
86.3328
86.3364
86.3372
86.3377
86.3387
86.339
86.3411
86.3418
86.3422
86.3456
86.3464
86.3476
86.348
86.3487
86.349
86.3497
86.3499
86.3578
86.3585
86.3609
86.3634
86.3639
86.3663
86.3664
86.3686
86.3706
86.3739
86.3743
86.3775
86.3781
86.3806
86.3856
86.3856
86.3874
86.3877
86.391
86.3951
86.3958
86.3989
86.4097
86.4158
86.4178
86.4192
86.4203
86.4251
86.4259
86.4269
86.4275
86.4279
86.4302
86.4337
86.4341
86.4376
86.4388
86.4396
86.4418
86.4419
86.4454
86.4463
86.4483
86.4487
86.4515
86.4519
86.4574
86.4586
86.4592
86.4601
86.461
86.4617
86.4647
86.4652
86.4675
86.4711
86.4722
86.4724
86.4729
86.4739
86.4772
86.4815
86.4821
86.4822
86.4832
86.4877
86.4893
86.4899
86.4907
86.4914
86.4916
86.494
86.497
86.4982
86.4997
86.5031
86.5053
86.5068
86.5088
86.5093
86.5095
86.51
86.5164
86.5213
86.5217
86.5286
86.5298
86.5307
86.5334
86.5436
86.5444
86.5459
86.5459
86.5463
86.5466
86.5473
86.5474
86.5505
86.5509
86.5519
86.5525
86.5533
86.5574
86.558
86.56
86.5602
86.5662
86.5673
86.5687
86.5698
86.5699
86.57
86.5724
86.5739
86.5747
86.5762
86.5768
86.5791
86.5806
86.5824
86.585
86.585
86.5852
86.5863
86.5867
86.5876
86.5882
86.5883
86.5897
86.5924
86.5968
86.5989
86.604
86.61
86.6107
86.6129
86.6132
86.6143
86.6167
86.6171
86.6241
86.6242
86.6261
86.6278
86.6289
86.6296
86.6308
86.6315
86.6317
86.6346
86.6351
86.6351
86.6355
86.6404
86.6411
86.6435
86.6438
86.6468
86.6492
86.6495
86.6529
86.653
86.6535
86.6538
86.6545
86.6595
86.6653
86.6663
86.668
86.6688
86.6692
86.672
86.6727
86.675
86.6751
86.676
86.6762
86.677
86.6778
86.6785
86.6789
86.68
86.6802
86.6809
86.6832
86.6859
86.687
86.6875
86.6886
86.6893
86.6894
86.6916
86.6931
86.6964
86.6978
86.6982
86.6994
86.7011
86.7038
86.7091
86.7099
86.7105
86.7119
86.7134
86.7137
86.7159
86.7194
86.7195
86.7196
86.7199
86.7249
86.7374
86.7383
86.7388
86.7397
86.7418
86.7423
86.7448
86.7449
86.7453
86.746
86.7481
86.7513
86.7521
86.7537
86.7596
86.7603
86.7604
86.7628
86.7696
86.7726
86.7743
86.7781
86.7796
86.783
86.7874
86.7875
86.7878
86.7883
86.7898
86.7899
86.7921
86.7939
86.7942
86.795
86.7967
86.7976
86.7985
86.7988
86.7995
86.8006
86.8006
86.8014
86.8036
86.8051
86.8074
86.8078
86.81
86.81
86.8106
86.8109
86.8132
86.8144
86.8146
86.8176
86.8187
86.8216
86.8227
86.8234
86.8258
86.8265
86.8278
86.8326
86.8336
86.835
86.8363
86.8393
86.8409
86.842
86.8496
86.8506
86.8513
86.8557
86.8569
86.8572
86.8579
86.8656
86.8729
86.8743
86.8749
86.8754
86.876
86.8762
86.8771
86.8867
86.8872
86.8875
86.8905
86.891
86.8928
86.8938
86.8941
86.8941
86.8954
86.9009
86.9035
86.9054
86.9055
86.9106
86.9114
86.9155
86.916
86.9236
86.9241
86.9273
86.9277
86.935
86.9351
86.9375
86.9423
86.9459
86.9491
86.9501
86.9508
86.9538
86.956
86.9579
86.9592
86.9624
86.9681
86.969
86.9691
86.9693
86.9722
86.9736
86.9746
86.9749
86.9799
86.9836
86.9849
86.9865
86.9907
86.9926
86.9949
87.0007
87.0032
87.0062
87.0073
87.0104
87.0125
87.0162
87.022
87.0243
87.0251
87.0294
87.0303
87.0309
87.0321
87.0342
87.0361
87.0376
87.0382
87.0394
87.0405
87.0406
87.0407
87.0422
87.0425
87.0443
87.0473
87.0524
87.0532
87.0582
87.062
87.0637
87.0642
87.0686
87.0694
87.0696
87.0702
87.0719
87.0726
87.0749
87.0773
87.0775
87.078
87.0808
87.0839
87.0855
87.0863
87.0863
87.0872
87.0893
87.0903
87.0918
87.092
87.0961
87.097
87.0991
87.1015
87.1099
87.111
87.1156
87.12
87.1293
87.1293
87.1334
87.1336
87.1337
87.1424
87.1476
87.149
87.1492
87.1513
87.1533
87.1542
87.1563
87.1596
87.1641
87.1679
87.175
87.1763
87.1788
87.1814
87.1822
87.1836
87.1857
87.1875
87.1879
87.1909
87.1961
87.1977
87.2005
87.2013
87.2023
87.2023
87.2056
87.2085
87.2094
87.2104
87.2117
87.2141
87.2173
87.2221
87.2238
87.2259
87.2268
87.229
87.2316
87.2326
87.2377
87.2417
87.242
87.2425
87.2438
87.245
87.2471
87.2517
87.2528
87.2535
87.2547
87.2565
87.2597
87.2623
87.2673
87.2677
87.2686
87.2699
87.2705
87.2748
87.2775
87.2788
87.2824
87.2894
87.2903
87.2907
87.2907
87.2945
87.2972
87.3043
87.3043
87.3078
87.3087
87.3115
87.3117
87.3126
87.313
87.3159
87.3164
87.3167
87.3246
87.325
87.3263
87.3287
87.3287
87.3291
87.3326
87.3373
87.3386
87.3387
87.3392
87.3411
87.3411
87.3418
87.3481
87.3497
87.3515
87.3515
87.3516
87.3563
87.3582
87.3592
87.3597
87.36
87.3618
87.367
87.3675
87.3728
87.3747
87.3772
87.3782
87.3827
87.387
87.3876
87.3877
87.388
87.3886
87.3903
87.3904
87.3944
87.3947
87.3951
87.3956
87.3964
87.3998
87.4005
87.4008
87.403
87.4033
87.4037
87.4057
87.4151
87.4249
87.4252
87.426
87.4262
87.4267
87.429
87.4326
87.4351
87.4373
87.4389
87.4401
87.4408
87.4409
87.4411
87.4419
87.4429
87.4451
87.4464
87.4474
87.4516
87.4522
87.4526
87.4559
87.4567
87.458
87.4582
87.4633
87.47
87.4704
87.4707
87.472
87.4722
87.4739
87.4754
87.4793
87.4828
87.4838
87.4873
87.4879
87.4883
87.4895
87.491
87.4918
87.4929
87.4953
87.4955
87.4976
87.5007
87.502
87.5081
87.5122
87.5124
87.5129
87.5178
87.5248
87.5283
87.5356
87.536
87.5363
87.5364
87.5378
87.5394
87.5439
87.545
87.5483
87.5514
87.552
87.5527
87.5556
87.5586
87.5602
87.5614
87.562
87.5635
87.5635
87.5663
87.5664
87.5682
87.5685
87.5724
87.5731
87.5737
87.5739
87.5753
87.5761
87.5777
87.5781
87.5782
87.5785
87.5788
87.5816
87.5912
87.5924
87.5955
87.5972
87.5979
87.598
87.5988
87.6021
87.6039
87.6061
87.6082
87.6096
87.6106
87.6113
87.6131
87.6144
87.6222
87.6245
87.625
87.6258
87.6275
87.628
87.6317
87.6319
87.6351
87.6412
87.6437
87.6506
87.6516
87.6538
87.6602
87.666
87.6662
87.6685
87.6694
87.6711
87.6715
87.672
87.6721
87.6723
87.6763
87.6791
87.6815
87.6833
87.6841
87.6868
87.6882
87.6888
87.6934
87.6935
87.6972
87.6978
87.6991
87.7023
87.7031
87.7158
87.7158
87.7225
87.7236
87.7248
87.7253
87.7267
87.7313
87.735
87.7354
87.7372
87.7413
87.7527
87.7531
87.7551
87.7558
87.7572
87.7572
87.7584
87.7614
87.7644
87.7644
87.7741
87.7749
87.7829
87.7834
87.7852
87.7911
87.7941
87.7961
87.7965
87.7989
87.7989
87.8018
87.8035
87.8036
87.8041
87.8042
87.8048
87.8064
87.8188
87.8202
87.8217
87.8245
87.8257
87.8265
87.833
87.8356
87.8367
87.8423
87.8473
87.8489
87.8525
87.8574
87.8608
87.8654
87.8765
87.878
87.8798
87.8812
87.885
87.8859
87.8869
87.8871
87.8884
87.8904
87.8908
87.8915
87.8939
87.8944
87.8945
87.8972
87.8981
87.9058
87.906
87.9063
87.9072
87.9091
87.9105
87.9163
87.9188
87.9205
87.9219
87.9245
87.9281
87.9357
87.9376
87.9417
87.9426
87.9442
87.9464
87.9497
87.9517
87.9523
87.9538
87.9546
87.9591
87.9624
87.9642
87.9722
87.9745
87.9748
87.9796
87.9847
87.9862
87.9863
87.9882
87.989
87.9944
87.9948
87.9989
88.0031
88.0049
88.0099
88.0103
88.0133
88.0154
88.0175
88.0197
88.0227
88.0253
88.0264
88.0291
88.0301
88.0325
88.0342
88.0407
88.0436
88.0481
88.0524
88.0531
88.0548
88.0552
88.0557
88.0563
88.0574
88.0577
88.0578
88.0609
88.0624
88.0632
88.0654
88.0683
88.0709
88.0721
88.0728
88.0731
88.0762
88.0803
88.0815
88.0848
88.099
88.1046
88.107
88.1107
88.1137
88.115
88.1152
88.1194
88.121
88.1251
88.1265
88.1335
88.134
88.1342
88.1388
88.1402
88.1423
88.146
88.1468
88.1497
88.1573
88.1596
88.16
88.1639
88.1644
88.1674
88.1702
88.1714
88.1744
88.1758
88.1776
88.1783
88.1806
88.1964
88.1992
88.2006
88.2079
88.2123
88.2131
88.2138
88.2177
88.2197
88.2198
88.2319
88.2319
88.2381
88.2404
88.2408
88.2427
88.2443
88.2455
88.2492
88.2494
88.2503
88.2517
88.259
88.2593
88.2629
88.2631
88.27
88.2746
88.2746
88.275
88.2761
88.2768
88.2799
88.286
88.286
88.2908
88.2932
88.294
88.3028
88.3036
88.3042
88.3084
88.3125
88.3134
88.3142
88.3156
88.3164
88.3185
88.3189
88.3201
88.3217
88.3228
88.3249
88.329
88.3368
88.3371
88.3409
88.3441
88.3486
88.3501
88.3506
88.3523
88.3532
88.3561
88.3567
88.3578
88.3608
88.3634
88.3648
88.3665
88.3671
88.3677
88.3717
88.3783
88.379
88.3791
88.3818
88.3823
88.3835
88.3837
88.3887
88.3914
88.3928
88.3949
88.3969
88.4002
88.4006
88.4012
88.406
88.4078
88.4119
88.412
88.4125
88.4125
88.4185
88.419
88.4199
88.4229
88.4292
88.4334
88.439
88.4396
88.4419
88.4425
88.4453
88.4464
88.4533
88.4597
88.4636
88.4677
88.4738
88.4752
88.4752
88.4776
88.4791
88.4841
88.4853
88.4854
88.4863
88.4864
88.4865
88.489
88.4912
88.4928
88.5038
88.5077
88.511
88.517
88.5226
88.523
88.5266
88.5289
88.5357
88.5394
88.5395
88.5422
88.544
88.5444
88.5474
88.554
88.5545
88.5696
88.5699
88.5705
88.573
88.5752
88.5766
88.5828
88.5911
88.5964
88.5977
88.6029
88.6032
88.6093
88.6174
88.6256
88.6293
88.6325
88.6345
88.6351
88.6389
88.6426
88.6446
88.6455
88.6472
88.6548
88.6551
88.6575
88.6596
88.6613
88.6628
88.6658
88.667
88.6672
88.6674
88.6676
88.6688
88.6712
88.6821
88.6846
88.6871
88.6888
88.693
88.6991
88.7099
88.7102
88.7129
88.7154
88.718
88.7213
88.7258
88.7313
88.7316
88.7317
88.7338
88.7356
88.7369
88.7385
88.7391
88.7395
88.7447
88.7475
88.7526
88.7581
88.7602
88.7614
88.7646
88.7706
88.7727
88.7731
88.7743
88.7759
88.7809
88.7827
88.783
88.791
88.7953
88.7956
88.7958
88.7965
88.7973
88.7992
88.7994
88.8017
88.8026
88.8034
88.8039
88.806
88.81
88.813
88.8146
88.8172
88.8364
88.8385
88.8424
88.8466
88.8468
88.8505
88.8539
88.8617
88.8655
88.8659
88.8692
88.8699
88.8811
88.8859
88.8913
88.8955
88.8966
88.9022
88.9047
88.9051
88.9051
88.9071
88.908
88.9096
88.9106
88.9137
88.9151
88.9156
88.9197
88.9231
88.9233
88.9268
88.9305
88.9313
88.9361
88.9434
88.9446
88.9519
88.9522
88.9567
88.9604
88.9628
88.966
88.9688
88.9705
88.9727
88.9747
88.9756
88.9759
88.9813
88.9818
88.9826
88.9878
88.9962
88.9972
88.9986
88.9987
89.0037
89.0092
89.0129
89.0198
89.025
89.0264
89.0331
89.0396
89.0432
89.0486
89.0504
89.0513
89.0542
89.0627
89.0636
89.0667
89.067
89.0687
89.0718
89.0722
89.0815
89.0824
89.084
89.0841
89.0856
89.0872
89.0872
89.0921
89.096
89.0969
89.0993
89.1031
89.1036
89.1041
89.1056
89.1108
89.1139
89.1179
89.1179
89.131
89.1328
89.1368
89.1369
89.1378
89.1408
89.1444
89.1448
89.1528
89.1538
89.1565
89.1634
89.1634
89.1716
89.1725
89.177
89.1778
89.1781
89.1808
89.182
89.1843
89.1848
89.1933
89.1936
89.2038
89.2157
89.2158
89.2188
89.2209
89.2229
89.2273
89.2295
89.2306
89.2379
89.2394
89.2485
89.2495
89.2586
89.2587
89.2631
89.2704
89.2707
89.2724
89.2761
89.2849
89.285
89.2875
89.2905
89.3033
89.3063
89.3073
89.3135
89.3205
89.3259
89.3259
89.3261
89.3293
89.3334
89.3387
89.3426
89.3433
89.3477
89.3488
89.352
89.3525
89.3562
89.3593
89.3614
89.3624
89.3631
89.3664
89.3807
89.3834
89.3842
89.3906
89.3935
89.4013
89.4033
89.4073
89.409
89.411
89.4168
89.4213
89.4238
89.4251
89.4267
89.4272
89.4313
89.4332
89.4333
89.4426
89.4559
89.4608
89.4618
89.4716
89.4726
89.4879
89.4898
89.4965
89.5013
89.5016
89.5025
89.5035
89.5094
89.5154
89.5169
89.5181
89.5196
89.5264
89.5281
89.5368
89.5419
89.5445
89.5512
89.5523
89.5537
89.5602
89.5623
89.5631
89.5651
89.5705
89.5736
89.5754
89.5975
89.6018
89.6047
89.6086
89.6089
89.6128
89.613
89.6189
89.6192
89.6196
89.6209
89.6223
89.628
89.6304
89.6422
89.6446
89.6476
89.6544
89.6559
89.6599
89.6606
89.6616
89.6634
89.665
89.6684
89.6692
89.6696
89.6818
89.6839
89.6903
89.693
89.6951
89.6994
89.7013
89.716
89.7166
89.7226
89.7258
89.7275
89.7288
89.7293
89.7364
89.7431
89.7448
89.7472
89.7486
89.7522
89.7592
89.7634
89.7658
89.7659
89.7712
89.7759
89.7763
89.7916
89.7944
89.7946
89.7988
89.804
89.8051
89.8069
89.819
89.8319
89.8348
89.8382
89.8392
89.8417
89.8485
89.8531
89.8565
89.8569
89.8677
89.8679
89.8781
89.8796
89.8876
89.8917
89.8931
89.8956
89.9031
89.9044
89.9068
89.9072
89.9109
89.9131
89.9154
89.916
89.917
89.9195
89.925
89.9312
89.9337
89.9348
89.9357
89.9369
89.9375
89.938
89.9381
89.943
89.9465
89.9481
89.9519
89.9634
89.967
89.9747
89.9784
89.9818
89.9853
89.9912
89.9944
89.9956
89.9964
89.9988
90.0014
90.0029
90.0054
90.0063
90.0073
90.0107
90.0152
90.018
90.0205
90.0221
90.0286
90.0326
90.0366
90.0386
90.0408
90.0414
90.0537
90.06
90.0701
90.0707
90.0727
90.0746
90.0764
90.0777
90.0965
90.0989
90.099
90.1077
90.1227
90.1251
90.1252
90.1269
90.1299
90.1362
90.1402
90.143
90.1474
90.1537
90.158
90.1649
90.1742
90.1813
90.1882
90.1892
90.1905
90.1926
90.194
90.2042
90.215
90.216
90.2162
90.217
90.2199
90.2299
90.2302
90.2332
90.2504
90.2554
90.2599
90.2726
90.2735
90.282
90.2829
90.2882
90.2962
90.3029
90.3128
90.3141
90.3171
90.3215
90.3215
90.3241
90.3281
90.3323
90.3341
90.3408
90.3449
90.3488
90.3499
90.3712
90.3806
90.3881
90.3904
90.3938
90.3997
90.4076
90.4245
90.4259
90.4273
90.4304
90.4326
90.4357
90.4365
90.4368
90.4425
90.4425
90.4451
90.4474
90.4485
90.4488
90.45
90.4535
90.454
90.4568
90.457
90.4617
90.4675
90.4703
90.4719
90.4767
90.4778
90.4824
90.4838
90.4928
90.4931
90.4951
90.499
90.5052
90.5094
90.5197
90.5245
90.525
90.5292
90.5303
90.5475
90.5653
90.5679
90.5818
90.5842
90.5845
90.5888
90.5901
90.5936
90.6002
90.6085
90.6212
90.6284
90.6316
90.6335
90.6397
90.64
90.6432
90.6434
90.644
90.6519
90.6542
90.6606
90.6611
90.6728
90.6734
90.6736
90.6775
90.6843
90.6919
90.6949
90.6993
90.7089
90.7103
90.7149
90.7168
90.7186
90.7249
90.7285
90.7316
90.7317
90.732
90.7362
90.7381
90.7433
90.7492
90.7534
90.7541
90.7554
90.7564
90.7723
90.7749
90.7771
90.7789
90.7832
90.7851
90.7908
90.7936
90.7986
90.8067
90.8156
90.8171
90.824
90.8318
90.8388
90.8427
90.8465
90.8495
90.8567
90.858
90.8607
90.8632
90.8699
90.8708
90.873
90.8744
90.8758
90.8785
90.888
90.8967
90.8972
90.8981
90.8993
90.9125
90.9143
90.9149
90.923
90.9305
90.9315
90.9376
90.9396
90.953
90.9533
90.957
90.9753
90.982
90.9866
90.9921
90.9926
90.993
90.9978
90.9998
91.0029
91.005
91.0069
91.007
91.0105
91.0152
91.0184
91.0194
91.0294
91.0359
91.0367
91.0388
91.0406
91.0414
91.0444
91.0468
91.047
91.051
91.0526
91.0567
91.0653
91.0678
91.0692
91.0751
91.0859
91.0936
91.1033
91.1093
91.1141
91.1271
91.1286
91.1288
91.13
91.1331
91.1418
91.1468
91.1473
91.149
91.1611
91.169
91.182
91.1852
91.1939
91.1949
91.2022
91.2143
91.218
91.2252
91.2307
91.2377
91.2413
91.246
91.2676
91.2729
91.2792
91.2854
91.2929
91.295
91.2965
91.2989
91.3127
91.3291
91.3311
91.3347
91.3465
91.3497
91.3714
91.3719
91.396
91.4107
91.4134
91.4148
91.4233
91.4379
91.4384
91.4591
91.461
91.4618
91.4637
91.4813
91.4933
91.4966
91.4966
91.5029
91.516
91.5325
91.5496
91.5498
91.5635
91.5748
91.5757
91.5767
91.5839
91.5877
91.5904
91.6092
91.6113
91.6181
91.621
91.6239
91.6255
91.6285
91.6306
91.6394
91.6425
91.644
91.6524
91.6732
91.6889
91.6896
91.6963
91.6968
91.7152
91.7176
91.7206
91.7303
91.7398
91.7431
91.7441
91.7504
91.7515
91.7538
91.755
91.7582
91.7649
91.7675
91.7804
91.7873
91.7876
91.7941
91.7969
91.8071
91.8142
91.8243
91.826
91.8311
91.8392
91.8441
91.8456
91.8478
91.8544
91.8729
91.8761
91.8807
91.8832
91.8845
91.8907
91.896
91.9004
91.9088
91.912
91.9135
91.925
91.9305
91.9309
91.9333
91.9391
91.9442
91.9488
91.9581
91.9776
91.9821
91.9907
91.9922
91.9966
92.0011
92.0022
92.0056
92.0143
92.0154
92.0174
92.0213
92.0325
92.0367
92.0427
92.0465
92.0498
92.0521
92.0581
92.0743
92.0765
92.081
92.0812
92.0861
92.1048
92.107
92.1221
92.1291
92.1381
92.141
92.152
92.1627
92.1654
92.1758
92.1802
92.1808
92.1901
92.1918
92.1984
92.2257
92.2297
92.2331
92.2379
92.2398
92.2607
92.3108
92.3213
92.3234
92.3255
92.3268
92.3297
92.3302
92.3334
92.3379
92.3391
92.3684
92.3693
92.3763
92.3824
92.4075
92.4236
92.4266
92.4269
92.4292
92.4298
92.4335
92.4436
92.4594
92.463
92.4729
92.4752
92.4793
92.4994
92.5035
92.5161
92.5186
92.5216
92.5281
92.5379
92.5481
92.5515
92.5603
92.5699
92.5835
92.5878
92.612
92.6122
92.6154
92.6216
92.6221
92.6304
92.6307
92.632
92.6446
92.6514
92.6632
92.6753
92.6782
92.6822
92.6878
92.6885
92.6987
92.7061
92.7107
92.712
92.7163
92.7513
92.7551
92.7582
92.7601
92.7723
92.7823
92.7858
92.7909
92.7952
92.7987
92.7991
92.8167
92.817
92.8268
92.8305
92.8369
92.8484
92.8526
92.8815
92.8815
92.8837
92.8937
92.9242
92.9459
92.9575
92.9699
92.9875
93.0078
93.0095
93.0179
93.0217
93.0223
93.0307
93.037
93.0431
93.0508
93.0601
93.0644
93.0657
93.0695
93.0853
93.1208
93.1209
93.1267
93.1338
93.1341
93.1355
93.138
93.1398
93.1521
93.1524
93.1651
93.1784
93.1829
93.2105
93.2114
93.2116
93.2218
93.2275
93.2286
93.2443
93.2556
93.2627
93.2732
93.274
93.2946
93.3029
93.3084
93.3142
93.3145
93.3145
93.3315
93.3352
93.3365
93.3401
93.3491
93.3507
93.3535
93.3847
93.4132
93.4132
93.4445
93.4513
93.4527
93.4557
93.4636
93.4637
93.4647
93.4658
93.4699
93.4964
93.5148
93.5148
93.5165
93.5177
93.5268
93.5381
93.5435
93.5479
93.5628
93.576
93.5771
93.5927
93.6034
93.614
93.6231
93.6238
93.6516
93.6614
93.6674
93.698
93.7044
93.7092
93.722
93.7257
93.739
93.7468
93.7556
93.7654
93.7678
93.7714
93.7863
93.8335
93.8451
93.8844
93.9032
93.9222
93.9651
93.9937
94.0162
94.0287
94.0449
94.0453
94.0538
94.0562
94.0586
94.0679
94.0679
94.0765
94.0781
94.0913
94.1012
94.1138
94.1204
94.1264
94.1286
94.1474
94.1564
94.1892
94.1967
94.211
94.2277
94.2308
94.2392
94.2541
94.2643
94.2694
94.2765
94.2784
94.2805
94.2972
94.3363
94.3391
94.34
94.3433
94.3527
94.3635
94.3833
94.384
94.399
94.4087
94.4103
94.4118
94.4185
94.437
94.4424
94.4615
94.4734
94.4885
94.4908
94.4994
94.5089
94.5183
94.5245
94.5308
94.532
94.5345
94.5365
94.5423
94.5653
94.5758
94.5798
94.6049
94.6301
94.6349
94.657
94.6945
94.7206
94.7207
94.7288
94.7295
94.7581
94.7625
94.7706
94.7736
94.7756
94.7765
94.7962
94.8255
94.8387
94.8462
94.8507
94.8519
94.8808
94.8836
94.8845
94.8963
94.9107
94.9287
94.9323
94.9397
94.9507
94.9592
94.967
94.9719
94.9771
94.9803
94.9826
94.9969
95.0168
95.0374
95.0447
95.0638
95.0714
95.0836
95.0898
95.0911
95.1038
95.1263
95.1327
95.1368
95.1373
95.1497
95.1656
95.1879
95.1894
95.2098
95.2165
95.2229
95.2582
95.2779
95.281
95.304
95.3049
95.3163
95.3215
95.3732
95.3882
95.3925
95.3954
95.3991
95.404
95.4061
95.4185
95.4269
95.4317
95.4373
95.4457
95.446
95.456
95.4782
95.49
95.4927
95.4932
95.4956
95.4995
95.5078
95.5268
95.5342
95.541
95.5423
95.5751
95.6253
95.6546
95.6633
95.6671
95.6774
95.6941
95.7473
95.7499
95.7689
95.7693
95.771
95.7879
95.8058
95.8601
95.8647
95.886
95.9457
95.9589
95.9597
95.96
95.9654
95.9919
95.9938
96.0122
96.035
96.0364
96.0442
96.0478
96.0879
96.0886
96.0971
96.182
96.206
96.2169
96.2174
96.2267
96.2318
96.2502
96.257
96.2733
96.2806
96.2807
96.2815
96.2824
96.286
96.2916
96.2976
96.3035
96.3037
96.3106
96.3121
96.3213
96.3234
96.3338
96.343
96.3446
96.3603
96.3942
96.3965
96.4074
96.4259
96.4461
96.4788
96.5124
96.5938
96.6141
96.7075
96.7346
96.7347
96.7795
96.7822
96.7953
96.8589
96.8616
96.8843
96.9254
96.94
96.9871
97.0014
97.0217
97.0648
97.104
97.1242
97.1262
97.1322
97.1359
97.1673
97.2423
97.2476
97.259
97.2966
97.3277
97.3408
97.3444
97.3646
97.3883
97.3898
97.3929
97.4315
97.4327
97.4868
97.5268
97.5344
97.5517
97.5664
97.58
97.5846
97.5899
97.6057
97.6383
97.6535
97.6787
97.707
97.7176
97.7459
97.7589
97.7873
97.8862
97.8997
97.9073
97.922
97.9253
97.9352
97.9978
98.0133
98.0346
98.0436
98.0649
98.0855
98.1172
98.1204
98.1309
98.1497
98.1926
98.2082
98.2408
98.2433
98.2456
98.2533
98.2543
98.3894
98.3945
98.3997
98.4074
98.432
98.4331
98.4408
98.4425
98.4718
98.4842
98.5536
98.5591
98.5594
98.5764
98.5809
98.5929
98.6022
98.6794
98.6818
98.6935
98.7095
98.738
98.7807
98.7815
98.7833
98.7946
98.8233
98.8284
98.8348
98.8445
98.8452
98.8571
98.8658
98.8762
98.8806
98.8852
98.9013
98.9029
98.9142
98.9199
98.9696
98.9939
99.0398
99.1131
99.147
99.1653
99.1895
99.2185
99.2359
99.2635
99.2777
99.4238
99.4406
99.4969
99.4969
99.5312
99.5388
99.5669
99.603
99.6395
99.6516
99.6806
99.6941
99.6984
99.7379
99.7415
99.7416
99.75
99.7606
99.7831
99.7924
99.849
99.8912
99.9182
99.968
99.9725
100.036
100.037
100.106
100.128
100.214
100.246
100.257
100.291
100.329
100.374
100.396
100.407
100.435
100.5
100.531
100.546
100.55
100.573
100.601
100.622
100.644
100.685
100.712
100.715
100.735
100.786
100.825
100.862
100.874
100.897
100.901
100.913
100.947
100.96
101.064
101.07
101.113
101.113
101.12
101.156
101.177
101.191
101.22
101.24
101.267
101.27
101.289
101.331
101.339
101.367
101.373
101.383
101.41
101.43
101.481
101.552
101.555
101.624
101.67
101.677
101.757
101.774
101.839
101.854
101.874
101.922
101.959
102.025
102.027
102.14
102.162
102.163
102.198
102.232
102.337
102.341
102.348
102.351
102.406
102.468
102.543
102.626
102.697
102.788
102.801
102.806
102.876
102.876
102.999
103.026
103.034
103.159
103.164
103.177
103.25
103.425
103.433
103.507
103.549
103.603
103.644
103.714
103.848
103.993
103.997
104.031
104.191
104.196
104.204
104.216
104.256
104.268
104.331
104.345
104.501
104.574
104.604
104.644
104.69
104.714
104.953
104.955
104.969
104.971
104.978
104.985
105.009
105.179
105.189
105.273
105.343
105.538
105.559
105.589
105.644
105.811
105.825
105.891
105.905
106.037
106.048
106.065
106.11
106.155
106.201
106.214
106.276
106.295
106.319
106.347
106.35
106.513
106.529
106.637
106.668
106.716
106.736
106.779
106.822
106.833
106.882
106.884
106.968
106.993
107.054
107.107
107.108
107.197
107.219
107.405
107.449
107.604
107.611
107.631
107.678
107.752
107.755
108.071
108.22
108.319
108.366
108.4
108.503
108.517
108.551
108.555
163.091
165.506
165.627
165.849
165.967
167.349
167.477
168.767
173.141
174.169
175.599
182.736
182.912
187.06
187.671
190.965
191.495
247.406
260.536
