79.3599
79.7642
79.8115
79.9368
80.141
80.2565
80.2931
80.3062
80.3842
80.4014
80.4097
80.5696
80.6081
80.6346
80.6362
80.649
80.6576
80.6589
80.6628
80.74
80.7495
80.7901
80.8137
80.8961
80.9003
80.9011
80.9075
80.9297
80.9791
80.9894
81.0017
81.0371
81.0443
81.0469
81.064
81.0829
81.0944
81.1033
81.1463
81.1586
81.1621
81.1626
81.1818
81.1862
81.194
81.2154
81.2287
81.2404
81.2488
81.2621
81.2652
81.2679
81.2709
81.2798
81.3007
81.3026
81.3188
81.3191
81.3273
81.3311
81.3484
81.3862
81.4028
81.4092
81.4094
81.4148
81.4229
81.4298
81.4344
81.4354
81.4376
81.4431
81.4484
81.4489
81.4595
81.4631
81.4775
81.4891
81.4982
81.4983
81.5009
81.5073
81.5102
81.5144
81.5147
81.5228
81.5259
81.5274
81.5327
81.5382
81.5393
81.542
81.5632
81.5656
81.5702
81.5726
81.5737
81.574
81.5745
81.5843
81.5877
81.5888
81.5939
81.602
81.6022
81.6195
81.6245
81.6251
81.6503
81.6666
81.6682
81.672
81.6748
81.6762
81.6881
81.6916
81.6918
81.6941
81.6983
81.7004
81.7047
81.7202
81.746
81.7561
81.7701
81.7731
81.774
81.8015
81.8048
81.808
81.8173
81.818
81.8237
81.8245
81.8312
81.841
81.8438
81.8546
81.8563
81.859
81.863
81.8785
81.8792
81.8803
81.8865
81.8935
81.8941
81.8997
81.9073
81.9078
81.909
81.9204
81.9213
81.9349
81.9374
81.9415
81.9455
81.9463
81.9547
81.9574
81.9586
81.9616
81.9702
81.9702
81.9718
81.988
81.9898
81.9907
81.992
81.9993
82.0056
82.0092
82.0098
82.0172
82.0176
82.0214
82.023
82.0257
82.0289
82.0337
82.0376
82.0434
82.0445
82.0455
82.052
82.053
82.0632
82.0737
82.0765
82.0771
82.0831
82.0863
82.0913
82.0933
82.096
82.1068
82.1154
82.1201
82.1216
82.1302
82.1324
82.142
82.1471
82.1472
82.1494
82.1528
82.1532
82.1673
82.1674
82.1736
82.1755
82.1755
82.1789
82.179
82.1833
82.1902
82.192
82.1921
82.1927
82.1964
82.1978
82.2053
82.2094
82.2099
82.21
82.2192
82.2268
82.2336
82.2394
82.2394
82.2427
82.2452
82.2526
82.2534
82.2593
82.2606
82.2607
82.2608
82.2616
82.2642
82.2679
82.2717
82.2906
82.2966
82.3027
82.3034
82.3088
82.315
82.318
82.3187
82.3212
82.3267
82.3274
82.3304
82.331
82.3312
82.3459
82.3493
82.3527
82.3531
82.3557
82.3699
82.3722
82.3725
82.3744
82.3792
82.38
82.3803
82.3903
82.3914
82.393
82.395
82.399
82.4014
82.4124
82.4219
82.4234
82.4246
82.4292
82.43
82.431
82.4332
82.4335
82.4352
82.4361
82.4484
82.4508
82.4519
82.4524
82.453
82.4616
82.4625
82.4677
82.4681
82.4722
82.4736
82.4759
82.4767
82.4775
82.4794
82.4814
82.4822
82.4838
82.4869
82.4919
82.4926
82.4947
82.4968
82.4983
82.4987
82.5041
82.5044
82.508
82.5114
82.5141
82.515
82.5237
82.5238
82.5266
82.5305
82.5337
82.538
82.5412
82.5429
82.5451
82.549
82.5526
82.5558
82.56
82.5603
82.5609
82.5648
82.5648
82.5652
82.5663
82.5682
82.573
82.5749
82.5982
82.6004
82.6011
82.6017
82.603
82.607
82.6078
82.6088
82.6124
82.6131
82.6162
82.6168
82.6201
82.6204
82.6226
82.6231
82.6288
82.6289
82.6306
82.632
82.6337
82.6371
82.6397
82.6412
82.6437
82.6446
82.6476
82.6508
82.6528
82.6544
82.6546
82.657
82.6594
82.6625
82.6645
82.6646
82.6684
82.6723
82.673
82.6788
82.6811
82.686
82.6928
82.6929
82.7003
82.7012
82.7028
82.7039
82.7048
82.7069
82.7075
82.7081
82.7119
82.712
82.714
82.7159
82.7234
82.7246
82.7266
82.7276
82.7313
82.737
82.7425
82.7433
82.7435
82.7438
82.746
82.7505
82.7513
82.7532
82.7563
82.759
82.7602
82.7682
82.7729
82.7752
82.7779
82.7799
82.7853
82.7864
82.7907
82.7913
82.7935
82.7944
82.7952
82.7981
82.8011
82.8015
82.8038
82.8074
82.8118
82.8142
82.817
82.8171
82.8201
82.8329
82.834
82.839
82.841
82.8412
82.8419
82.8437
82.8468
82.8505
82.8535
82.8538
82.8547
82.8552
82.8676
82.8686
82.8703
82.8709
82.8776
82.8812
82.8937
82.8963
82.9009
82.9059
82.9068
82.907
82.9103
82.9114
82.9131
82.9203
82.9215
82.9222
82.9242
82.9263
82.9269
82.9279
82.9313
82.9322
82.9333
82.9335
82.9336
82.9389
82.943
82.944
82.9448
82.9471
82.9472
82.9488
82.9496
82.9504
82.9521
82.9524
82.9551
82.9692
82.9704
82.9705
82.9726
82.9752
82.9755
82.9767
82.9772
82.9785
82.9795
82.9799
82.9802
82.9808
82.9827
82.9862
82.9909
82.9954
82.9957
82.9973
83.0011
83.0034
83.0052
83.006
83.0073
83.0094
83.01
83.013
83.0166
83.0187
83.0224
83.0241
83.026
83.027
83.0275
83.0317
83.038
83.0385
83.0411
83.0452
83.0517
83.0556
83.0566
83.0592
83.0608
83.0613
83.0636
83.064
83.0663
83.0677
83.0706
83.0718
83.077
83.0784
83.083
83.0841
83.0867
83.0874
83.0928
83.093
83.0933
83.0934
83.0942
83.0947
83.1039
83.1042
83.1076
83.1091
83.1113
83.1139
83.1155
83.117
83.117
83.1171
83.1206
83.1243
83.1293
83.1299
83.1305
83.1314
83.1335
83.1344
83.14
83.14
83.1407
83.142
83.142
83.142
83.143
83.144
83.1462
83.1476
83.1481
83.1482
83.1483
83.1501
83.1516
83.1578
83.159
83.1601
83.1628
83.1645
83.1659
83.1691
83.1712
83.1733
83.1835
83.1873
83.188
83.19
83.1906
83.1918
83.1927
83.1934
83.1965
83.1985
83.2001
83.201
83.2013
83.2059
83.2075
83.2096
83.2121
83.2121
83.2135
83.2136
83.2151
83.2171
83.2171
83.2249
83.2252
83.2277
83.229
83.2317
83.2328
83.2344
83.2359
83.2399
83.242
83.244
83.2464
83.2469
83.2498
83.2502
83.2512
83.2528
83.2548
83.2555
83.2557
83.2577
83.2589
83.26
83.2615
83.2633
83.2633
83.2641
83.2647
83.2647
83.2682
83.2685
83.2694
83.2699
83.2704
83.2711
83.273
83.2753
83.2757
83.2776
83.2782
83.2809
83.2816
83.2844
83.2854
83.2867
83.2872
83.2874
83.2878
83.2903
83.2944
83.2978
83.3021
83.3028
83.3031
83.312
83.3129
83.3131
83.314
83.3218
83.3253
83.3301
83.3327
83.3345
83.3371
83.3379
83.3388
83.3397
83.3526
83.3562
83.3613
83.3637
83.3649
83.3655
83.3699
83.3719
83.3769
83.3788
83.381
83.3814
83.387
83.3899
83.397
83.4002
83.4016
83.4032
83.4037
83.4048
83.4096
83.4126
83.4143
83.4146
83.4163
83.417
83.4193
83.4199
83.4235
83.4241
83.4242
83.4261
83.4273
83.4283
83.431
83.4312
83.4321
83.4326
83.434
83.4351
83.4359
83.4361
83.4372
83.4376
83.4385
83.4392
83.4396
83.4413
83.4427
83.4428
83.4434
83.4458
83.4476
83.4535
83.4548
83.4574
83.4617
83.4622
83.465
83.4655
83.4676
83.4707
83.4711
83.4748
83.4761
83.4795
83.4801
83.4838
83.4839
83.484
83.4853
83.488
83.489
83.4903
83.4924
83.4961
83.4993
83.5049
83.5049
83.507
83.5071
83.5075
83.5078
83.5086
83.5113
83.5119
83.5164
83.5251
83.5325
83.5379
83.5408
83.5424
83.5434
83.5436
83.5461
83.5504
83.5506
83.5506
83.5519
83.5535
83.554
83.5618
83.5658
83.5667
83.5677
83.5703
83.5729
83.5736
83.5738
83.5743
83.5753
83.5779
83.5784
83.5792
83.58
83.5813
83.5836
83.5869
83.5877
83.5884
83.5894
83.5897
83.5911
83.5913
83.5915
83.5927
83.5939
83.595
83.5968
83.5979
83.599
83.6024
83.6028
83.6031
83.6043
83.6047
83.6053
83.6057
83.6084
83.6092
83.6098
83.6126
83.6152
83.6157
83.6165
83.6167
83.6201
83.6228
83.6261
83.629
83.636
83.6365
83.6377
83.638
83.6403
83.6417
83.6425
83.6461
83.6479
83.6499
83.6518
83.6529
83.6563
83.6571
83.6574
83.6578
83.6712
83.6722
83.6752
83.6752
83.6826
83.6857
83.6884
83.6903
83.6906
83.6914
83.694
83.6946
83.698
83.701
83.7016
83.706
83.7082
83.7085
83.7114
83.7144
83.7162
83.7174
83.7189
83.719
83.7244
83.7254
83.7291
83.7382
83.7437
83.7451
83.7451
83.7453
83.7479
83.7482
83.7509
83.7516
83.7523
83.7581
83.7599
83.7618
83.7629
83.7647
83.765
83.7683
83.7692
83.7727
83.7753
83.7757
83.7773
83.7775
83.7778
83.7791
83.7794
83.7832
83.7853
83.7888
83.7892
83.7924
83.7935
83.7937
83.7998
83.8003
83.8015
83.802
83.8028
83.8067
83.8083
83.81
83.8107
83.818
83.8181
83.8245
83.8254
83.8263
83.8298
83.8312
83.8331
83.8348
83.8359
83.8381
83.8382
83.839
83.8409
83.8467
83.8473
83.8484
83.8492
83.8574
83.859
83.8595
83.8597
83.8609
83.8628
83.8681
83.8699
83.8701
83.8731
83.8785
83.8852
83.8866
83.8875
83.8946
83.8962
83.8966
83.8978
83.8987
83.8993
83.9
83.9004
83.9005
83.9007
83.9073
83.9085
83.9127
83.9157
83.9179
83.9192
83.9208
83.9258
83.9288
83.9331
83.937
83.9374
83.9385
83.9415
83.9417
83.9486
83.9526
83.9533
83.954
83.9546
83.9618
83.9634
83.9637
83.9651
83.9662
83.9669
83.967
83.9699
83.9704
83.9706
83.9707
83.9716
83.9729
83.9737
83.9786
83.9825
83.9834
83.9867
83.9867
83.9875
83.9885
83.9886
83.9902
83.9923
83.9949
83.9986
84.0014
84.0024
84.0037
84.0039
84.0051
84.0061
84.0083
84.009
84.0095
84.0201
84.0219
84.0235
84.0281
84.0296
84.0387
84.0389
84.0412
84.0416
84.0455
84.0456
84.0501
84.0524
84.0568
84.0585
84.0588
84.0607
84.0615
84.0619
84.071
84.0715
84.0725
84.074
84.0745
84.0786
84.0791
84.0858
84.0861
84.0871
84.0881
84.0883
84.0933
84.0934
84.0941
84.0944
84.0958
84.0987
84.1007
84.1015
84.1035
84.1036
84.1039
84.1058
84.1092
84.1128
84.1183
84.1198
84.1222
84.1234
84.1262
84.1268
84.1276
84.129
84.1301
84.1351
84.1361
84.1388
84.1404
84.1434
84.1471
84.1495
84.1496
84.1515
84.1523
84.1526
84.154
84.1552
84.1586
84.1602
84.1633
84.1643
84.1733
84.1757
84.1805
84.1812
84.1818
84.1819
84.1883
84.1903
84.1911
84.1912
84.1924
84.1925
84.1931
84.1941
84.1979
84.2001
84.2002
84.203
84.2052
84.2055
84.2065
84.2076
84.208
84.2099
84.21
84.2124
84.2138
84.2167
84.2173
84.2174
84.2201
84.2202
84.2205
84.2245
84.227
84.2303
84.2303
84.2306
84.2324
84.2338
84.2364
84.2381
84.2392
84.2409
84.2446
84.2457
84.248
84.2541
84.2563
84.2597
84.2624
84.2629
84.2667
84.2699
84.2709
84.2735
84.2755
84.2758
84.2826
84.2828
84.2844
84.2894
84.2907
84.2919
84.2925
84.2981
84.2986
84.2988
84.2999
84.3039
84.3068
84.3072
84.3104
84.315
84.3151
84.3169
84.3191
84.3243
84.3245
84.3267
84.3322
84.3363
84.3378
84.3408
84.3411
84.3417
84.3423
84.3425
84.347
84.351
84.351
84.3512
84.3545
84.3581
84.3584
84.3703
84.3709
84.3772
84.3821
84.3845
84.3848
84.3851
84.386
84.3861
84.3875
84.3886
84.3892
84.3893
84.3905
84.3906
84.3922
84.3963
84.4024
84.4035
84.4063
84.4082
84.4123
84.4155
84.4161
84.4164
84.4168
84.4178
84.4242
84.4263
84.4273
84.4301
84.4323
84.4336
84.4393
84.4396
84.4399
84.44
84.4401
84.4416
84.4423
84.4461
84.4464
84.4503
84.4545
84.4586
84.4619
84.4681
84.4681
84.4681
84.4682
84.4682
84.4684
84.4754
84.4767
84.48
84.4807
84.4808
84.4833
84.4837
84.4894
84.4897
84.4897
84.4969
84.4988
84.499
84.5011
84.5022
84.5025
84.5029
84.504
84.506
84.5064
84.5122
84.5135
84.5141
84.5172
84.5197
84.5199
84.5232
84.5256
84.5307
84.534
84.5374
84.5399
84.5415
84.5436
84.5443
84.5449
84.5457
84.5482
84.5555
84.5566
84.5574
84.5607
84.5648
84.565
84.565
84.5687
84.5687
84.5705
84.5718
84.5719
84.5747
84.5751
84.578
84.5801
84.5844
84.5859
84.5861
84.5943
84.5949
84.5968
84.6001
84.6079
84.6132
84.6145
84.616
84.6196
84.6214
84.6232
84.6239
84.6277
84.631
84.6332
84.6363
84.637
84.6389
84.6405
84.6473
84.6473
84.6489
84.6498
84.6519
84.6543
84.6543
84.6552
84.6558
84.6598
84.6607
84.6649
84.6687
84.6706
84.6712
84.675
84.6756
84.6776
84.6836
84.6846
84.6853
84.6853
84.6857
84.6914
84.6932
84.6947
84.6984
84.7027
84.7032
84.708
84.7082
84.7095
84.7144
84.7153
84.7155
84.7226
84.7234
84.724
84.7245
84.7249
84.725
84.7294
84.7377
84.7448
84.7468
84.7492
84.7493
84.752
84.752
84.7522
84.7523
84.7524
84.7531
84.7554
84.7576
84.7587
84.7592
84.7594
84.7608
84.7628
84.7696
84.7699
84.7714
84.7729
84.7744
84.7753
84.7781
84.7818
84.786
84.7883
84.7925
84.7926
84.8011
84.8056
84.8077
84.8115
84.8156
84.8161
84.8168
84.8206
84.8245
84.8277
84.8297
84.8313
84.8347
84.8354
84.8369
84.842
84.8423
84.8455
84.848
84.8515
84.8516
84.8523
84.8528
84.8566
84.8628
84.8666
84.8674
84.8707
84.8815
84.8828
84.8843
84.8848
84.8892
84.8906
84.8908
84.8917
84.8933
84.895
84.8953
84.9014
84.9017
84.902
84.9028
84.9035
84.9036
84.9038
84.9042
84.9084
84.9097
84.9119
84.9125
84.9131
84.9139
84.9151
84.916
84.9162
84.9164
84.9168
84.9179
84.9245
84.9292
84.9301
84.9321
84.9326
84.9334
84.9345
84.9382
84.9428
84.9445
84.9453
84.9456
84.947
84.9482
84.9508
84.9527
84.9535
84.9573
84.9602
84.9604
84.9673
84.9676
84.9698
84.9784
84.9809
84.9837
84.9863
84.9872
84.9895
84.9958
84.9997
85.0058
85.0093
85.0093
85.0099
85.0276
85.0326
85.0328
85.033
85.0356
85.0366
85.0389
85.041
85.0412
85.0414
85.0426
85.0432
85.0458
85.0474
85.0478
85.0505
85.0516
85.0523
85.0536
85.0558
85.058
85.0584
85.0599
85.0609
85.0614
85.0624
85.0637
85.0666
85.0719
85.0723
85.0758
85.0852
85.0863
85.0878
85.0883
85.0911
85.092
85.0922
85.1005
85.1013
85.1076
85.1107
85.1107
85.1107
85.1152
85.1157
85.1181
85.1192
85.1233
85.1263
85.1302
85.133
85.1347
85.1416
85.1416
85.1424
85.1432
85.1453
85.1459
85.1463
85.147
85.1528
85.1529
85.1545
85.158
85.1587
85.1593
85.1607
85.1621
85.1624
85.1633
85.1639
85.1706
85.1706
85.1788
85.1821
85.185
85.187
85.1885
85.1896
85.1903
85.1936
85.1972
85.2018
85.203
85.2049
85.2052
85.2056
85.2064
85.2101
85.2101
85.2169
85.2185
85.2199
85.2208
85.2236
85.2253
85.2351
85.2363
85.2427
85.2501
85.2512
85.2522
85.2556
85.2625
85.2655
85.2665
85.267
85.2674
85.274
85.2749
85.2776
85.2777
85.2781
85.2784
85.2795
85.2806
85.284
85.2854
85.2869
85.2917
85.294
85.2968
85.2971
85.2973
85.3049
85.3068
85.3087
85.3137
85.3139
85.3145
85.3164
85.3174
85.3264
85.3291
85.3338
85.3356
85.3373
85.3374
85.3419
85.3434
85.3464
85.3473
85.3571
85.3632
85.3639
85.3668
85.3688
85.3779
85.3799
85.3804
85.3877
85.389
85.3977
85.3995
85.4001
85.4011
85.4019
85.4042
85.4046
85.4055
85.4087
85.4138
85.4143
85.4154
85.4166
85.4219
85.4244
85.4263
85.4311
85.4341
85.4383
85.4462
85.4472
85.4472
85.4482
85.4509
85.4517
85.4664
85.4709
85.4725
85.4727
85.4732
85.4758
85.4777
85.4791
85.4918
85.4919
85.496
85.4993
85.5009
85.507
85.5089
85.5106
85.5113
85.5117
85.5149
85.5152
85.5179
85.5207
85.5213
85.5229
85.5235
85.5236
85.5266
85.5303
85.5324
85.5329
85.5332
85.5369
85.5399
85.5412
85.5417
85.5436
85.5452
85.5454
85.5456
85.5459
85.55
85.5541
85.5562
85.5566
85.5593
85.5598
85.5599
85.5605
85.5628
85.5698
85.578
85.5792
85.5953
85.596
85.5966
85.5985
85.6058
85.6062
85.611
85.6169
85.6182
85.6189
85.6196
85.6206
85.6246
85.6286
85.6293
85.6296
85.6332
85.634
85.6347
85.6365
85.6423
85.645
85.6455
85.6548
85.6555
85.6562
85.6577
85.6593
85.6608
85.664
85.6663
85.6663
85.6681
85.6684
85.671
85.6739
85.6756
85.6766
85.6772
85.6776
85.6831
85.6838
85.6845
85.6981
85.7008
85.7059
85.7104
85.7157
85.7177
85.7181
85.7222
85.7226
85.7234
85.731
85.735
85.7353
85.7363
85.737
85.7382
85.7437
85.75
85.7513
85.7573
85.7601
85.7663
85.7754
85.7789
85.7795
85.7861
85.788
85.7936
85.7965
85.7971
85.7981
85.7984
85.8018
85.8032
85.8108
85.8109
85.8128
85.8133
85.8159
85.8209
85.8232
85.8249
85.8284
85.8301
85.8325
85.8383
85.8439
85.849
85.851
85.8606
85.8617
85.8654
85.8724
85.8795
85.8816
85.8824
85.8828
85.8844
85.885
85.8868
85.8905
85.8917
85.8936
85.9013
85.905
85.9056
85.9111
85.9133
85.9169
85.9183
85.9184
85.9211
85.9234
85.9271
85.9276
85.9306
85.9361
85.9369
85.9466
85.9549
85.9566
85.9597
85.9605
85.9605
85.9679
85.9731
85.9755
85.9773
85.9822
85.9823
85.9964
85.9965
85.9989
85.9997
86.0003
86.0031
86.0097
86.0108
86.0204
86.0222
86.0243
86.0254
86.026
86.0278
86.0296
86.032
86.0407
86.0412
86.0444
86.0473
86.0504
86.0544
86.056
86.0608
86.0632
86.0633
86.0645
86.069
86.0692
86.0693
86.0704
86.0711
86.0713
86.0755
86.0767
86.0774
86.0828
86.0857
86.0869
86.0872
86.0901
86.0909
86.0919
86.1001
86.102
86.1063
86.1111
86.1111
86.1138
86.1152
86.1176
86.1198
86.1212
86.1223
86.1236
86.1261
86.1274
86.1288
86.1322
86.1484
86.1529
86.1568
86.1605
86.1625
86.1638
86.1653
86.1674
86.1697
86.171
86.1781
86.1794
86.1844
86.1932
86.1961
86.1969
86.1977
86.1992
86.201
86.2017
86.203
86.2105
86.2114
86.2162
86.2165
86.2178
86.2212
86.2229
86.2253
86.2263
86.2269
86.2408
86.2453
86.2493
86.2508
86.2567
86.2592
86.2611
86.2612
86.2618
86.2672
86.2681
86.2724
86.2776
86.2801
86.2834
86.2854
86.2884
86.2891
86.296
86.2972
86.2974
86.2977
86.3069
86.3105
86.3123
86.3128
86.3132
86.3182
86.3183
86.3184
86.3194
86.321
86.3232
86.3236
86.3315
86.3322
86.3398
86.3504
86.3566
86.3627
86.3702
86.3708
86.3719
86.3729
86.3751
86.3751
86.3807
86.4097
86.4121
86.4211
86.4214
86.4227
86.4231
86.4275
86.4315
86.4318
86.4331
86.4353
86.4378
86.4466
86.4475
86.4484
86.4513
86.4568
86.4657
86.4701
86.4748
86.4775
86.4783
86.4787
86.4817
86.4847
86.4927
86.4951
86.4973
86.5027
86.5042
86.5067
86.5074
86.5113
86.5182
86.5193
86.5242
86.5387
86.5407
86.5427
86.5431
86.547
86.5643
86.5702
86.572
86.5746
86.5751
86.5788
86.5888
86.5951
86.5955
86.6004
86.6055
86.606
86.609
86.6107
86.6112
86.6117
86.6303
86.635
86.6436
86.6537
86.6575
86.666
86.6685
86.6703
86.6708
86.6731
86.674
86.6811
86.6856
86.7009
86.7049
86.7059
86.7137
86.7255
86.7258
86.7262
86.7264
86.7288
86.7296
86.7299
86.7333
86.7374
86.7475
86.7555
86.7558
86.7585
86.7602
86.77
86.7729
86.778
86.7796
86.7962
86.8005
86.8046
86.8094
86.8147
86.8158
86.8204
86.8223
86.8224
86.8314
86.8408
86.842
86.8421
86.8428
86.8437
86.8608
86.8742
86.875
86.8754
86.8773
86.8814
86.8881
86.8993
86.9078
86.9086
86.9088
86.9116
86.9157
86.918
86.9211
86.9264
86.9335
86.9507
86.9586
86.9605
86.9612
86.9795
86.9827
86.988
86.9898
86.993
87.004
87.0156
87.0288
87.0303
87.0338
87.0339
87.0345
87.0394
87.0493
87.0509
87.0548
87.0566
87.0613
87.0657
87.0659
87.0789
87.0808
87.0817
87.086
87.0877
87.0903
87.0909
87.0921
87.0964
87.0994
87.1168
87.1234
87.1243
87.1312
87.1388
87.139
87.1405
87.1498
87.1537
87.1546
87.156
87.1571
87.1586
87.1726
87.1732
87.1761
87.1792
87.1792
87.1823
87.1932
87.1985
87.2009
87.2092
87.211
87.2159
87.2164
87.2207
87.2251
87.2259
87.227
87.2285
87.2323
87.2355
87.2371
87.2445
87.2513
87.2579
87.2608
87.2655
87.2761
87.2933
87.2943
87.3
87.3001
87.3013
87.3047
87.3082
87.3163
87.3178
87.3216
87.3322
87.3365
87.3396
87.3449
87.3522
87.356
87.3617
87.3654
87.3774
87.3776
87.3799
87.3826
87.3877
87.4099
87.4204
87.4301
87.4387
87.4501
87.451
87.4526
87.4533
87.4535
87.4585
87.4606
87.4629
87.4632
87.4658
87.4688
87.4759
87.4764
87.4785
87.4836
87.4851
87.4854
87.4886
87.494
87.4947
87.4988
87.5
87.5003
87.5022
87.5078
87.5083
87.517
87.5198
87.5224
87.5339
87.534
87.5392
87.5488
87.5549
87.5569
87.5606
87.5654
87.5687
87.5768
87.5807
87.5821
87.5839
87.5933
87.5984
87.5986
87.6168
87.6173
87.6193
87.6205
87.6211
87.6335
87.6336
87.6383
87.6451
87.6598
87.6647
87.6681
87.6696
87.6737
87.6766
87.6775
87.6801
87.6887
87.6969
87.702
87.7118
87.7139
87.7202
87.7305
87.733
87.7373
87.7502
87.7512
87.758
87.7765
87.787
87.7875
87.7906
87.7934
87.8001
87.8012
87.8053
87.8191
87.8203
87.8244
87.8274
87.8371
87.8431
87.853
87.8549
87.8584
87.8757
87.8777
87.8798
87.8807
87.8977
87.9043
87.9081
87.9081
87.9094
87.918
87.9201
87.9261
87.9284
87.9379
87.9459
87.9554
87.9657
87.9677
87.9719
87.9749
88.0027
88.0056
88.0148
88.0233
88.0246
88.0314
88.0541
88.0544
88.0593
88.0656
88.0676
88.0813
88.0833
88.0928
88.1012
88.1028
88.106
88.1064
88.1269
88.1324
88.1324
88.1351
88.145
88.1616
88.1704
88.1721
88.1803
88.1952
88.2001
88.2103
88.2182
88.2385
88.24
88.2503
88.2552
88.2562
88.2755
88.2755
88.2778
88.2796
88.2828
88.2886
88.2922
88.2982
88.3076
88.3234
88.3295
88.3317
88.3432
88.3535
88.3661
88.3729
88.3746
88.3846
88.3911
88.3963
88.4235
88.4331
88.4441
88.4549
88.4746
88.4817
88.4859
88.4891
88.4913
88.5095
88.5206
88.5221
88.5241
88.5265
88.5317
88.5689
88.5917
88.5932
88.6095
88.6341
88.6389
88.6454
88.6492
88.6554
88.6603
88.6615
88.6759
88.6789
88.6821
88.686
88.7316
88.747
88.7613
88.7613
88.7662
88.7669
88.7721
88.8084
88.8154
88.8267
88.8421
88.8486
88.851
88.8538
88.8717
88.9006
88.902
88.9109
88.9158
88.937
88.9382
88.9399
88.9779
88.9997
89
89.006
89.0166
89.0363
89.0546
89.0562
89.0595
89.0783
89.0839
89.0904
89.0963
89.0976
89.108
89.1096
89.1189
89.1282
89.1361
89.1501
89.1505
89.1679
89.1789
89.186
89.1924
89.1927
89.211
89.2287
89.2353
89.2434
89.25
89.2526
89.2602
89.2672
89.27
89.2759
89.2782
89.2804
89.2908
89.2954
89.3107
89.315
89.3622
89.3676
89.3681
89.3762
89.3764
89.392
89.4
89.4192
89.4623
89.5009
89.514
89.5168
89.5219
89.537
89.5384
89.5491
89.5572
89.5704
89.573
89.576
89.5808
89.5812
89.5932
89.5987
89.6001
89.6096
89.6116
89.6127
89.6139
89.6205
89.6414
89.6448
89.6456
89.6497
89.6543
89.6557
89.6661
89.67
89.6736
89.6756
89.6773
89.6807
89.6815
89.6864
89.7057
89.7231
89.7259
89.734
89.7414
89.7514
89.7538
89.7559
89.7617
89.7689
89.7701
89.7829
89.8015
89.831
89.8336
89.8421
89.8595
89.8718
89.8781
89.8797
89.8926
89.9064
89.9216
89.9252
89.9354
89.9453
89.9491
89.9771
89.9811
89.9857
89.9893
89.9909
90.0264
90.0328
90.0481
90.0673
90.0825
90.0839
90.0873
90.0906
90.0944
90.0976
90.1207
90.1208
90.1251
90.1282
90.1378
90.1481
90.1619
90.1664
90.1921
90.1936
90.2366
90.2489
90.2656
90.2709
90.2852
90.2932
90.3059
90.3097
90.3348
90.3351
90.3496
90.3674
90.3741
90.3754
90.3872
90.3884
90.4003
90.401
90.4209
90.4282
90.4283
90.4301
90.4329
90.4526
90.5792
90.594
90.5973
90.6171
90.6261
90.6537
90.6612
90.6657
90.7258
90.7744
90.7963
90.7997
90.8332
90.8336
90.8635
90.8728
90.8768
90.8846
90.8929
90.9016
90.9169
90.9195
90.9208
90.9242
90.9346
90.9489
90.961
91.0128
91.0248
91.0356
91.0405
91.0626
91.0936
91.1538
91.1607
91.1736
91.1977
91.1992
91.2062
91.2077
91.2198
91.221
91.246
91.275
91.2929
91.2936
91.3019
91.3094
91.3415
91.348
91.3939
91.4375
91.4506
91.4581
91.4609
91.4836
91.52
91.5239
91.5608
91.5663
91.5908
91.6228
91.6318
91.6329
91.6512
91.6616
91.6696
91.6777
91.6895
91.6921
91.7065
91.716
91.7212
91.7231
91.7632
91.7772
91.7916
91.8005
91.805
91.8201
91.8334
91.8349
91.8496
91.87
91.8812
91.8861
91.902
91.9183
91.9184
91.9217
91.9261
91.9418
91.9459
91.9663
91.9984
92.0027
92.0115
92.0176
92.1593
92.2126
92.2277
92.2828
92.3035
92.3127
92.3538
92.4183
92.4212
92.4328
92.4396
92.4435
92.4655
92.469
92.482
92.4945
92.5012
92.5154
92.5167
92.5257
92.5456
92.6317
92.6724
92.684
92.7105
92.7185
92.7233
92.7302
92.736
92.7464
92.7502
92.8198
92.8253
92.8298
92.8725
92.8891
92.907
92.9352
92.9526
92.9952
92.9952
93.0386
93.0482
93.0562
93.0751
93.0816
93.106
93.1158
93.2173
93.224
93.2314
93.2447
93.2528
93.2664
93.337
93.3378
93.3427
93.3699
93.4644
93.4871
93.492
93.5008
93.5194
93.5288
93.5616
93.5671
93.5848
93.5929
93.5993
93.613
93.6415
93.6601
93.7039
93.7991
93.9053
93.9337
93.9462
93.9543
93.9819
94.0334
94.0534
94.1642
94.1863
94.2144
94.2666
94.3202
94.3463
94.3505
94.4074
94.4097
94.4318
94.4349
94.5368
94.5765
94.5852
94.6687
94.6898
94.6907
94.7256
94.7758
94.7887
94.839
94.8472
94.876
94.8921
94.9039
94.923
94.942
94.9601
94.9677
95.0134
95.0583
95.0679
95.1161
95.1199
95.2934
95.317
95.3255
95.3322
95.3483
95.3556
95.3761
95.4362
95.5083
95.5263
95.558
95.6708
95.726
95.7553
95.7848
95.9283
95.9562
95.9799
96.0022
96.0033
96.0481
96.086
96.1581
96.1759
96.1797
96.2796
96.2797
96.2879
96.2936
96.3059
96.3704
96.3756
96.3856
96.5488
96.7134
96.8136
96.8188
96.8461
96.8892
96.9913
97.031
97.1343
97.3022
97.3348
97.393
97.3939
97.3955
97.513
97.5419
97.588
97.7456
97.7957
97.8548
97.9083
97.9114
97.9785
97.9961
98.029
98.0487
98.0558
98.3433
98.3542
98.3643
98.375
98.4173
98.4692
98.6316
98.6449
98.6531
98.6992
98.744
98.7705
98.7804
98.7946
98.7948
98.9068
99.0874
99.1117
99.1575
99.161
99.3129
99.4671
99.5801
99.763
100.022
100.361
100.384
100.387
100.399
100.448
100.496
100.547
100.598
100.691
100.698
100.739
100.769
100.948
101.022
101.067
101.098
101.101
101.357
101.461
101.668
101.681
102.028
102.049
102.076
102.247
102.247
102.286
102.399
102.647
102.72
103.063
103.3
103.486
103.585
103.717
104.019
104.163
104.283
104.29
104.39
104.417
104.505
104.788
105.122
105.276
105.291
105.543
105.69
105.78
106.168
106.173
106.341
106.608
106.73
106.749
106.998
107.048
107.073
107.43
107.464
107.806
108.056
108.256
108.564
108.789
109.046
109.055
109.202
162.574
162.888
163.901
165.541
165.933
173.249
177.545
188.4
