85.7996
86.0898
86.3181
86.4931
86.5708
86.668
86.6745
86.7024
86.7566
86.8785
86.8847
86.9168
86.9368
86.9427
86.9579
86.9592
86.9949
87.0477
87.1015
87.1034
87.1404
87.1674
87.1696
87.1853
87.2279
87.2451
87.2514
87.2637
87.309
87.3962
87.3969
87.4043
87.4129
87.4142
87.4431
87.4595
87.4596
87.4606
87.4636
87.4664
87.4799
87.4972
87.5211
87.538
87.5386
87.5425
87.5468
87.5567
87.5576
87.567
87.5711
87.5739
87.5947
87.6002
87.6165
87.6284
87.6344
87.6563
87.663
87.6752
87.6755
87.6766
87.6845
87.6853
87.6855
87.6907
87.6936
87.6959
87.7
87.7078
87.709
87.7112
87.7136
87.7253
87.7301
87.7374
87.74
87.7454
87.7525
87.7547
87.7924
87.8081
87.8117
87.8178
87.8391
87.8657
87.8749
87.8761
87.8762
87.8782
87.888
87.8921
87.893
87.8946
87.8986
87.9047
87.9086
87.9168
87.9257
87.9554
87.971
87.9723
87.9739
87.9746
87.9838
88.0094
88.0265
88.0298
88.0322
88.0324
88.0421
88.0442
88.0524
88.0553
88.0557
88.0573
88.0766
88.0816
88.082
88.0831
88.0922
88.0953
88.0996
88.1007
88.1098
88.1119
88.1199
88.1233
88.1234
88.1244
88.1249
88.1255
88.1269
88.1271
88.1278
88.1291
88.1373
88.1404
88.1474
88.1519
88.1529
88.1538
88.1645
88.1689
88.1781
88.1822
88.1848
88.1856
88.1903
88.2073
88.2113
88.2118
88.212
88.2148
88.2223
88.2224
88.227
88.2311
88.236
88.2402
88.253
88.2532
88.2559
88.2615
88.2659
88.2777
88.2783
88.2798
88.2842
88.2917
88.3001
88.3003
88.3019
88.3038
88.3061
88.3069
88.3157
88.3282
88.3354
88.3371
88.343
88.3471
88.3481
88.3578
88.3644
88.3655
88.3773
88.3853
88.3902
88.3914
88.3951
88.4039
88.4048
88.406
88.4179
88.4188
88.4195
88.4196
88.4264
88.4272
88.4278
88.4359
88.4429
88.4436
88.4483
88.4572
88.4582
88.4733
88.4748
88.4757
88.4801
88.4811
88.4854
88.4938
88.503
88.5041
88.5075
88.5087
88.5127
88.5149
88.5227
88.5247
88.5293
88.5305
88.5337
88.5417
88.5419
88.5423
88.5468
88.55
88.5531
88.5552
88.5557
88.5578
88.5579
88.5591
88.5654
88.5695
88.5696
88.5757
88.5772
88.5821
88.587
88.5889
88.5944
88.5995
88.6013
88.6138
88.6169
88.6192
88.6194
88.6213
88.624
88.6244
88.6253
88.6273
88.6288
88.6371
88.6379
88.652
88.6555
88.6596
88.6602
88.666
88.6662
88.6706
88.673
88.673
88.6731
88.6759
88.6784
88.6794
88.6803
88.6933
88.6969
88.7034
88.704
88.7044
88.7063
88.7098
88.714
88.7148
88.7208
88.7296
88.7313
88.7314
88.7316
88.732
88.7357
88.7381
88.743
88.7453
88.7456
88.7533
88.7577
88.7578
88.7597
88.7608
88.7749
88.7751
88.7788
88.7871
88.7917
88.7932
88.7949
88.7968
88.7971
88.8047
88.8055
88.8068
88.8094
88.8096
88.8131
88.8147
88.8205
88.822
88.8226
88.8252
88.8266
88.8271
88.8327
88.8335
88.8341
88.8351
88.845
88.8455
88.846
88.8475
88.8539
88.8621
88.8647
88.8671
88.8705
88.8736
88.8795
88.8827
88.884
88.8851
88.8914
88.8915
88.8918
88.8933
88.8948
88.902
88.9105
88.9136
88.9171
88.9176
88.9207
88.9354
88.9462
88.9467
88.9497
88.9552
88.9566
88.957
88.9584
88.9586
88.9595
88.9597
88.9614
88.9644
88.9675
88.9676
88.9691
88.9726
88.9801
88.9855
88.9942
89.0054
89.0055
89.0072
89.0096
89.0112
89.0221
89.0323
89.0336
89.0337
89.0344
89.035
89.0423
89.0426
89.0481
89.0489
89.0511
89.0518
89.0556
89.0591
89.0617
89.0669
89.0717
89.0746
89.0753
89.0771
89.0783
89.0785
89.0821
89.0834
89.085
89.0879
89.0887
89.0925
89.0929
89.0934
89.0943
89.0968
89.1014
89.104
89.1077
89.1098
89.1126
89.1152
89.1167
89.1196
89.1233
89.1306
89.1338
89.1393
89.1447
89.1459
89.1485
89.1491
89.1518
89.153
89.1546
89.1567
89.1635
89.1648
89.1667
89.1699
89.1753
89.176
89.1803
89.1907
89.1994
89.1998
89.2026
89.203
89.204
89.2061
89.2069
89.2072
89.2129
89.2136
89.2175
89.221
89.2218
89.222
89.2278
89.2362
89.2383
89.2412
89.2416
89.2467
89.2482
89.2494
89.2509
89.256
89.2578
89.2591
89.2604
89.2629
89.2661
89.2698
89.2702
89.2703
89.2735
89.2748
89.2768
89.2771
89.2772
89.2791
89.2807
89.2846
89.2878
89.2907
89.2956
89.2977
89.3036
89.3142
89.3164
89.3183
89.3197
89.321
89.3244
89.3303
89.3386
89.3392
89.3487
89.3503
89.3533
89.3534
89.3553
89.3606
89.3697
89.3702
89.371
89.3745
89.3757
89.3765
89.3766
89.3768
89.3774
89.3782
89.3787
89.3796
89.3799
89.3831
89.3849
89.3865
89.3897
89.3913
89.3985
89.4001
89.4065
89.4074
89.4074
89.4088
89.4105
89.4161
89.4207
89.4215
89.4238
89.4257
89.4259
89.4293
89.4375
89.4387
89.4397
89.4415
89.4423
89.4436
89.4527
89.454
89.4553
89.4585
89.4593
89.4655
89.4682
89.4709
89.4725
89.4731
89.475
89.4758
89.4786
89.4801
89.4805
89.4833
89.4851
89.4864
89.4978
89.5013
89.5031
89.5032
89.5048
89.507
89.5078
89.511
89.5124
89.5128
89.5132
89.5169
89.519
89.5191
89.5215
89.525
89.5251
89.5272
89.5297
89.534
89.5358
89.5369
89.5377
89.5383
89.5419
89.5428
89.543
89.5444
89.5502
89.5525
89.5534
89.5553
89.5556
89.5576
89.5594
89.5616
89.5622
89.5675
89.5714
89.5719
89.5722
89.5737
89.5796
89.5804
89.5827
89.5834
89.5838
89.5864
89.5876
89.5911
89.592
89.5948
89.5953
89.5953
89.5954
89.5955
89.5995
89.6023
89.6046
89.6054
89.6113
89.6163
89.6172
89.6201
89.6233
89.6312
89.6323
89.6348
89.6353
89.6354
89.637
89.6421
89.6434
89.6443
89.6444
89.651
89.6573
89.6578
89.6607
89.6614
89.6626
89.6629
89.6635
89.6637
89.6643
89.6648
89.6679
89.6721
89.6728
89.6731
89.6733
89.674
89.6759
89.677
89.6801
89.6816
89.6819
89.684
89.6864
89.6876
89.6878
89.6916
89.694
89.695
89.6956
89.6966
89.6975
89.7006
89.7041
89.7104
89.7105
89.7116
89.7136
89.7175
89.7183
89.7243
89.7255
89.7261
89.7276
89.7282
89.7296
89.7298
89.7306
89.7394
89.7396
89.7417
89.7435
89.7439
89.7495
89.75
89.7504
89.7509
89.7543
89.7557
89.7568
89.7569
89.7599
89.7623
89.7635
89.7636
89.771
89.7716
89.7744
89.775
89.7767
89.7768
89.7805
89.7824
89.7832
89.7865
89.7878
89.7935
89.7967
89.7974
89.8084
89.8111
89.8126
89.817
89.8212
89.8251
89.8256
89.8267
89.8281
89.8285
89.8307
89.8316
89.8334
89.8347
89.8359
89.8379
89.8399
89.8405
89.8433
89.8449
89.8551
89.8556
89.8558
89.8675
89.8682
89.8715
89.8721
89.8725
89.8734
89.8771
89.8783
89.8795
89.8842
89.885
89.8856
89.8859
89.8878
89.8889
89.8917
89.9022
89.9031
89.9055
89.9107
89.9128
89.9136
89.9162
89.9174
89.9174
89.9217
89.9224
89.93
89.93
89.9314
89.9314
89.94
89.9433
89.9461
89.9476
89.9488
89.9564
89.9602
89.9672
89.9676
89.9706
89.9715
89.9728
89.9737
89.9756
89.9782
89.9798
89.9803
89.9826
89.9865
89.987
89.9888
89.99
89.9902
89.9902
89.9915
89.9947
89.9949
89.995
90.0022
90.0043
90.013
90.0138
90.0168
90.0185
90.0201
90.0202
90.0211
90.0251
90.028
90.0286
90.0304
90.0339
90.0357
90.0379
90.0395
90.045
90.0487
90.0495
90.0525
90.0543
90.0608
90.0622
90.0644
90.0645
90.0648
90.0708
90.0714
90.0727
90.0732
90.0756
90.0763
90.0764
90.0772
90.0781
90.0823
90.0839
90.084
90.0892
90.0933
90.0972
90.0993
90.1008
90.1014
90.1017
90.1021
90.1024
90.1026
90.1041
90.1042
90.1068
90.1091
90.1105
90.1113
90.1125
90.1174
90.1188
90.1204
90.1211
90.1213
90.1236
90.1315
90.1354
90.1363
90.1379
90.1383
90.139
90.1391
90.1403
90.1408
90.1426
90.1469
90.1484
90.1494
90.1504
90.1533
90.1542
90.1552
90.1567
90.1597
90.1601
90.1618
90.1637
90.1657
90.1705
90.1714
90.1727
90.1747
90.1806
90.1832
90.1888
90.1897
90.192
90.1941
90.1971
90.207
90.2086
90.2158
90.2159
90.2215
90.2235
90.225
90.2266
90.2317
90.2321
90.2333
90.2357
90.2388
90.2395
90.2407
90.243
90.2434
90.2472
90.2557
90.2563
90.2599
90.2611
90.264
90.2672
90.2673
90.2717
90.2795
90.2835
90.286
90.2874
90.288
90.2884
90.2917
90.3019
90.3031
90.3071
90.3126
90.3147
90.3182
90.3206
90.3255
90.3271
90.3285
90.3289
90.3403
90.3403
90.3415
90.348
90.3494
90.3515
90.354
90.3586
90.3593
90.3597
90.3629
90.3646
90.3652
90.3665
90.3699
90.3703
90.3709
90.3756
90.3771
90.3794
90.3795
90.3836
90.3914
90.3933
90.3997
90.4064
90.4103
90.4127
90.4155
90.421
90.4224
90.4249
90.4316
90.437
90.4373
90.4374
90.4394
90.4441
90.4502
90.4542
90.4575
90.4601
90.4689
90.475
90.4756
90.4782
90.4826
90.4832
90.4855
90.493
90.4936
90.4976
90.5006
90.5023
90.5057
90.5075
90.508
90.5084
90.5103
90.5118
90.5141
90.5163
90.5183
90.5198
90.5208
90.5214
90.5237
90.5244
90.5251
90.5258
90.5266
90.5276
90.5317
90.5327
90.5396
90.5402
90.5412
90.5415
90.5419
90.5428
90.5428
90.5449
90.547
90.5472
90.548
90.5485
90.5486
90.5515
90.5543
90.5565
90.563
90.5641
90.5747
90.5758
90.5787
90.5808
90.5821
90.5828
90.5858
90.5869
90.5928
90.5944
90.5952
90.5961
90.5976
90.5986
90.6024
90.6051
90.6058
90.6066
90.6068
90.6078
90.6096
90.6128
90.6131
90.6135
90.616
90.6182
90.6187
90.6224
90.6298
90.6374
90.6375
90.6376
90.6381
90.6398
90.6403
90.6448
90.6464
90.6481
90.6497
90.6668
90.6717
90.6721
90.6723
90.6763
90.6765
90.678
90.6841
90.6859
90.6871
90.689
90.69
90.6927
90.6947
90.6965
90.7009
90.7012
90.7033
90.7038
90.7049
90.7064
90.7081
90.7089
90.7119
90.7137
90.7142
90.72
90.7252
90.7283
90.7308
90.7335
90.7343
90.7368
90.7374
90.7395
90.7406
90.7444
90.7444
90.7492
90.7503
90.7503
90.7508
90.7521
90.753
90.7565
90.7573
90.7577
90.7584
90.7586
90.7605
90.7653
90.7726
90.7773
90.7788
90.7813
90.786
90.7883
90.7885
90.79
90.7907
90.7967
90.7978
90.7982
90.8007
90.8063
90.8092
90.8115
90.8115
90.8116
90.813
90.8137
90.8139
90.8157
90.8162
90.819
90.822
90.8244
90.8269
90.8293
90.8307
90.8314
90.8322
90.8343
90.8359
90.8365
90.8392
90.8396
90.84
90.8449
90.847
90.8501
90.8555
90.8564
90.862
90.863
90.8651
90.8659
90.8673
90.8695
90.8736
90.8837
90.8875
90.8883
90.8928
90.9096
90.9129
90.9146
90.9156
90.916
90.9216
90.9229
90.9253
90.927
90.9271
90.9299
90.9312
90.9361
90.937
90.9409
90.9417
90.9471
90.9505
90.9528
90.9529
90.9542
90.9557
90.9575
90.9589
90.9618
90.9643
90.9666
90.967
90.9673
90.9729
90.9739
90.9739
90.9757
90.9873
90.9911
90.9914
90.9919
90.994
90.9944
90.9955
90.9967
91.0001
91.0078
91.0168
91.0174
91.021
91.0238
91.033
91.033
91.0341
91.0393
91.0427
91.0452
91.0459
91.0461
91.0464
91.0502
91.0575
91.059
91.0593
91.0676
91.0759
91.0872
91.0893
91.0896
91.0904
91.0915
91.0928
91.0931
91.0959
91.0968
91.0988
91.1009
91.1013
91.1016
91.1064
91.1078
91.1096
91.1103
91.1105
91.1131
91.1133
91.1154
91.1164
91.118
91.1215
91.1241
91.129
91.1321
91.1338
91.1341
91.1349
91.1384
91.139
91.1392
91.1439
91.1445
91.1476
91.1479
91.149
91.1501
91.1545
91.1547
91.1597
91.1609
91.1642
91.1646
91.1767
91.1785
91.1789
91.179
91.1844
91.1864
91.1885
91.1907
91.1923
91.1954
91.1967
91.201
91.202
91.2027
91.2031
91.2057
91.2066
91.2118
91.213
91.2135
91.2187
91.2265
91.2268
91.2297
91.2309
91.232
91.2371
91.241
91.2414
91.2416
91.2439
91.2628
91.2659
91.2714
91.2755
91.2764
91.2769
91.2798
91.2799
91.2804
91.2813
91.2817
91.2831
91.2843
91.2921
91.2937
91.2987
91.3012
91.3021
91.3023
91.3023
91.3038
91.3061
91.3095
91.3108
91.311
91.311
91.3115
91.314
91.3156
91.3166
91.3173
91.3188
91.3223
91.3241
91.327
91.3275
91.3374
91.3389
91.3391
91.3473
91.3513
91.3588
91.3589
91.3603
91.3624
91.3632
91.369
91.3742
91.3798
91.3805
91.3836
91.385
91.3874
91.3916
91.3934
91.4004
91.4013
91.4069
91.4077
91.413
91.4156
91.4225
91.4233
91.4277
91.431
91.437
91.4396
91.4399
91.4421
91.4435
91.444
91.4477
91.4531
91.4544
91.4555
91.4596
91.4661
91.4708
91.4739
91.4797
91.4809
91.482
91.487
91.494
91.498
91.4986
91.5005
91.5032
91.5069
91.5137
91.5138
91.5141
91.5172
91.5214
91.529
91.5306
91.5349
91.5402
91.5416
91.5423
91.5485
91.5485
91.5515
91.5547
91.5622
91.5657
91.5727
91.575
91.5796
91.5841
91.587
91.5906
91.5927
91.5979
91.6
91.6058
91.6106
91.6136
91.6195
91.6207
91.625
91.6343
91.6438
91.6454
91.6528
91.6558
91.6572
91.6583
91.6624
91.6659
91.6662
91.6915
91.7022
91.7028
91.7093
91.7128
91.7173
91.7221
91.7224
91.7234
91.7234
91.7242
91.7246
91.7328
91.7332
91.7336
91.7338
91.736
91.7364
91.739
91.7402
91.7428
91.7434
91.755
91.7555
91.7568
91.7586
91.7605
91.761
91.7611
91.7632
91.7635
91.7675
91.7683
91.7701
91.7704
91.7805
91.7849
91.7867
91.8063
91.819
91.8218
91.826
91.8277
91.8281
91.8306
91.8308
91.8309
91.8329
91.8352
91.8361
91.8373
91.8389
91.8411
91.8461
91.8494
91.8513
91.8528
91.8551
91.8551
91.8568
91.8579
91.8667
91.8683
91.8763
91.8791
91.8863
91.8952
91.9028
91.9094
91.9096
91.9101
91.9235
91.9247
91.9249
91.9293
91.9329
91.9381
91.9387
91.9474
91.9495
91.9514
91.9579
91.9617
91.9636
91.9714
91.9725
91.9746
91.9764
91.9815
91.9837
91.9849
91.986
91.992
91.995
91.9975
92.0005
92.0052
92.02
92.0249
92.0297
92.0309
92.0369
92.0387
92.0419
92.0467
92.0491
92.0643
92.0776
92.0828
92.0871
92.0878
92.0926
92.1048
92.1052
92.1058
92.1067
92.1088
92.1089
92.1094
92.1136
92.1144
92.1157
92.1161
92.1179
92.1187
92.1196
92.1224
92.1289
92.1333
92.1362
92.1392
92.1393
92.1531
92.156
92.1621
92.1626
92.1646
92.1755
92.1767
92.1814
92.1828
92.1905
92.1998
92.2118
92.2119
92.2128
92.2156
92.2177
92.2201
92.2226
92.2255
92.2292
92.2321
92.2333
92.2359
92.2371
92.2567
92.2594
92.2625
92.2675
92.2722
92.2731
92.2737
92.2739
92.2762
92.292
92.2991
92.3104
92.3124
92.3156
92.3261
92.3341
92.3349
92.3351
92.3362
92.3436
92.3499
92.3521
92.3539
92.3554
92.3566
92.3713
92.3716
92.3731
92.3753
92.4012
92.4068
92.409
92.41
92.4117
92.4124
92.4189
92.4191
92.4246
92.4313
92.432
92.4363
92.4387
92.4465
92.448
92.4553
92.4554
92.4593
92.4618
92.4635
92.4643
92.4655
92.4712
92.4723
92.4761
92.4761
92.4796
92.4814
92.4832
92.4846
92.4942
92.5129
92.515
92.5158
92.5198
92.5275
92.5317
92.5349
92.5359
92.5377
92.5389
92.546
92.5471
92.5505
92.5604
92.5611
92.562
92.5652
92.5731
92.5769
92.5827
92.5909
92.5924
92.605
92.6105
92.6123
92.6161
92.635
92.6499
92.65
92.653
92.6733
92.6889
92.7007
92.7067
92.7102
92.7119
92.7129
92.7224
92.7285
92.7299
92.7367
92.7379
92.7431
92.7456
92.7467
92.7498
92.7564
92.7573
92.761
92.7617
92.7644
92.7648
92.7678
92.7736
92.7778
92.7794
92.7803
92.7869
92.7959
92.8005
92.8019
92.8031
92.8186
92.8244
92.8276
92.8338
92.841
92.8424
92.8494
92.854
92.8582
92.8626
92.864
92.8656
92.8659
92.8713
92.8731
92.8752
92.8809
92.908
92.9197
92.9199
92.9211
92.9298
92.9303
92.9315
92.9409
92.9465
92.9511
92.9617
92.9825
93.0023
93.0112
93.0113
93.0121
93.0205
93.0221
93.0265
93.0345
93.0506
93.0591
93.0631
93.0661
93.0682
93.0745
93.0749
93.084
93.0876
93.0907
93.1013
93.1024
93.104
93.1042
93.1102
93.116
93.1252
93.1323
93.1341
93.1357
93.1382
93.1392
93.1393
93.1395
93.1524
93.16
93.1622
93.1691
93.1694
93.1781
93.1786
93.1804
93.1826
93.1853
93.1869
93.1887
93.189
93.1942
93.1961
93.2015
93.2044
93.2083
93.2148
93.217
93.2173
93.2213
93.2244
93.229
93.2383
93.2418
93.2483
93.2497
93.2558
93.2727
93.2805
93.2819
93.2819
93.2829
93.2877
93.29
93.2971
93.2987
93.3181
93.323
93.3343
93.3425
93.3425
93.3469
93.351
93.3729
93.3741
93.377
93.3834
93.3844
93.3937
93.3948
93.3987
93.4026
93.4073
93.4093
93.41
93.4103
93.4122
93.4126
93.4152
93.4176
93.4287
93.4312
93.4389
93.4421
93.4568
93.457
93.466
93.4905
93.4934
93.4993
93.509
93.5095
93.5138
93.5222
93.5234
93.5438
93.5449
93.5548
93.5609
93.5628
93.5691
93.5833
93.5835
93.5873
93.6051
93.6171
93.6346
93.6491
93.6528
93.6532
93.6567
93.6576
93.6587
93.6618
93.6918
93.6926
93.6949
93.6969
93.6975
93.7085
93.7086
93.7096
93.7102
93.7124
93.7144
93.7187
93.7194
93.7266
93.7266
93.7426
93.7504
93.751
93.7543
93.7613
93.7627
93.7764
93.7767
93.7823
93.7841
93.7845
93.7847
93.7869
93.7898
93.7904
93.801
93.8019
93.8114
93.8322
93.8568
93.8602
93.8645
93.8646
93.8716
93.8911
93.8919
93.9106
93.9199
93.9261
93.9388
93.9437
93.9453
93.9528
93.9565
93.9569
93.9753
93.9808
93.9818
93.9831
93.9848
93.9871
93.99
93.993
93.9954
93.9983
94.0017
94.0021
94.0171
94.0177
94.0322
94.035
94.0376
94.0392
94.046
94.0523
94.0533
94.0549
94.0567
94.0741
94.0797
94.086
94.0987
94.1028
94.1044
94.1052
94.1214
94.1226
94.1233
94.1281
94.1322
94.1349
94.1352
94.1374
94.145
94.1492
94.1506
94.1514
94.1546
94.1605
94.1794
94.1952
94.2
94.2036
94.2043
94.2055
94.2082
94.2165
94.2169
94.2214
94.246
94.2461
94.281
94.2844
94.2848
94.2976
94.3062
94.3092
94.3159
94.3306
94.3466
94.35
94.3773
94.3805
94.3829
94.3855
94.3905
94.3917
94.3924
94.4052
94.4054
94.4234
94.4328
94.4409
94.4777
94.4883
94.4892
94.4896
94.4936
94.5082
94.5128
94.5161
94.5266
94.5326
94.5499
94.5545
94.5699
94.5865
94.587
94.5956
94.6148
94.6185
94.6197
94.6341
94.6675
94.6772
94.682
94.6863
94.697
94.6977
94.7009
94.7089
94.7305
94.7342
94.7357
94.7519
94.7549
94.7559
94.7599
94.7826
94.7844
94.7968
94.8142
94.8167
94.8433
94.8508
94.8567
94.861
94.8764
94.9028
94.9098
94.9101
94.9265
94.9308
94.9351
94.9356
94.9425
94.9436
94.9669
94.9791
95.0195
95.0364
95.0525
95.0616
95.0651
95.081
95.0813
95.0864
95.0964
95.0978
95.1224
95.1265
95.1285
95.1422
95.1511
95.1589
95.1609
95.1674
95.1735
95.1836
95.1876
95.1946
95.202
95.2154
95.2191
95.2199
95.2284
95.2408
95.2496
95.2827
95.2935
95.336
95.3434
95.3573
95.4132
95.4138
95.4153
95.4302
95.4536
95.4771
95.4804
95.5038
95.5132
95.5652
95.5701
95.5797
95.582
95.6146
95.6235
95.629
95.6295
95.6428
95.6576
95.6643
95.6709
95.6783
95.6902
95.6929
95.7105
95.7164
95.7299
95.743
95.754
95.7601
95.7748
95.7842
95.7848
95.7994
95.8018
95.8051
95.8715
95.8974
95.9208
95.9291
95.9307
95.9478
95.9521
95.9964
96.0054
96.0165
96.0213
96.0438
96.0488
96.0657
96.0672
96.0685
96.0794
96.0855
96.087
96.0991
96.0995
96.1075
96.1329
96.1483
96.1562
96.161
96.1698
96.1713
96.1748
96.18
96.1871
96.2078
96.2088
96.261
96.2838
96.2847
96.2931
96.2981
96.311
96.3401
96.3417
96.3589
96.3631
96.3784
96.3817
96.3967
96.4171
96.4219
96.4221
96.4305
96.4477
96.4535
96.4574
96.464
96.4763
96.5085
96.5118
96.5424
96.5573
96.5601
96.5725
96.5734
96.575
96.5765
96.5826
96.6177
96.6331
96.6392
96.665
96.6697
96.6714
96.6802
96.6803
96.6848
96.6932
96.7267
96.767
96.7961
96.8119
96.8177
96.8312
96.8344
96.8355
96.8758
96.9005
96.9054
96.9122
96.9258
96.9477
96.9515
96.9946
97.0205
97.0216
97.0268
97.0304
97.0413
97.0476
97.053
97.0947
97.109
97.1586
97.1779
97.1925
97.2093
97.2176
97.2183
97.2384
97.2724
97.3149
97.3776
97.4048
97.405
97.4061
97.4094
97.4119
97.4557
97.4873
97.5053
97.5056
97.5112
97.556
97.6203
97.6375
97.657
97.6812
97.6944
97.7173
97.7314
97.7421
97.7723
97.7879
97.8155
97.833
97.8583
97.8642
97.9046
97.909
97.9254
97.9584
98.0142
98.0171
98.0369
98.1578
98.1618
98.1728
98.1922
98.2321
98.3436
98.3525
98.3551
98.3644
98.386
98.4024
98.497
98.4991
98.5062
98.5801
98.6476
98.649
98.6537
98.6739
98.6875
98.7031
98.7233
98.7429
98.7533
98.7543
98.7683
98.7968
98.8226
98.8687
98.8714
98.8805
98.9186
98.9873
98.9879
99.0205
99.0242
99.0374
99.0476
99.054
99.0971
99.1334
99.1423
99.1581
99.1948
99.2135
99.2303
99.2634
99.2669
99.2906
99.3072
99.3097
99.3868
99.3882
99.3922
99.4396
99.4707
99.5059
99.5061
99.5402
99.547
99.5575
99.5728
99.6933
99.729
99.7411
99.7489
99.7813
99.8152
99.8652
99.8766
99.9224
100.194
100.248
100.293
100.323
100.35
100.38
100.401
100.431
100.45
100.49
100.568
100.58
100.595
100.632
100.636
100.687
100.707
100.719
100.782
100.791
100.825
100.831
100.845
100.9
101.01
101.025
101.12
101.159
101.224
101.242
101.243
101.253
101.255
101.308
101.344
101.433
101.484
101.499
101.539
101.548
101.577
101.598
101.666
101.708
101.719
101.754
101.767
101.818
101.942
101.955
101.972
101.976
102.116
102.169
102.215
102.258
102.302
102.308
102.314
102.362
102.384
102.42
102.519
102.588
102.792
102.833
102.849
102.854
102.915
103.042
103.081
103.097
103.11
103.14
103.159
103.266
103.302
103.306
103.341
103.371
103.391
103.436
103.606
103.675
103.709
103.781
103.812
103.877
103.912
103.944
103.96
104.007
104.049
104.116
104.154
104.243
104.243
104.315
104.338
104.348
104.435
104.468
104.497
104.573
104.764
104.787
104.903
104.96
104.984
105.124
105.228
105.538
105.566
105.641
105.681
105.706
105.706
105.913
106.072
106.22
106.321
106.321
106.352
106.481
106.481
106.525
106.673
106.78
106.834
106.946
107.089
107.11
107.151
107.199
107.212
107.264
107.316
107.407
107.425
107.435
107.504
107.53
107.589
107.621
107.872
107.927
108.039
108.344
108.388
108.44
108.557
108.796
108.991
108.999
109.081
109.165
109.233
109.464
109.951
110.283
110.288
110.37
110.635
110.707
110.821
110.851
110.863
110.976
111.108
111.112
111.262
111.552
111.564
111.57
111.702
111.833
112.092
112.124
112.81
113.203
113.404
113.467
113.947
114.267
114.335
114.36
114.648
114.853
114.876
115.071
115.243
115.346
115.798
171.345
173.595
180.814
183.187
185.14
