77.3242
77.9049
77.9693
78.1971
78.3352
78.4428
78.5572
78.8524
79.0192
79.1144
79.1185
79.1772
79.2146
79.2147
79.2407
79.3296
79.3926
79.4353
79.5141
79.5447
79.5453
79.6628
79.6641
79.6718
79.6837
79.693
79.7044
79.7296
79.738
79.7422
79.7442
79.7832
79.7986
79.9137
79.9305
79.931
79.9731
79.98
79.99
79.9954
80.0543
80.065
80.0679
80.0907
80.0967
80.1302
80.1425
80.1477
80.154
80.1828
80.1896
80.2037
80.208
80.2292
80.2308
80.2389
80.2536
80.2883
80.2973
80.3131
80.3329
80.3509
80.3592
80.3738
80.39
80.4139
80.4249
80.4369
80.4408
80.441
80.4551
80.5187
80.5188
80.5262
80.5867
80.5887
80.6064
80.6304
80.6341
80.6543
80.6623
80.7107
80.7329
80.7369
80.7547
80.759
80.765
80.7753
80.7849
80.7903
80.8097
80.8273
80.8312
80.914
80.9971
80.9987
81.0153
81.0178
81.0955
81.1282
81.134
81.1353
81.139
81.1479
81.1734
81.1916
81.2106
81.2184
81.2315
81.2377
81.2728
81.2966
81.3217
81.3465
81.362
81.3891
81.4018
81.4195
81.4319
81.4376
81.4453
81.4661
81.4781
81.4912
81.5062
81.5074
81.5225
81.5387
81.5473
81.5722
81.5928
81.596
81.616
81.6538
81.6597
81.667
81.6739
81.7039
81.7486
81.7817
81.8178
81.8302
81.8377
81.8629
81.8654
81.8828
81.9397
81.9569
81.9671
81.9808
81.9864
81.9884
82.0156
82.0499
82.0565
82.0634
82.0746
82.0993
82.1007
82.1077
82.111
82.1151
82.1182
82.1186
82.1194
82.1513
82.1568
82.1597
82.175
82.1814
82.1858
82.1938
82.2084
82.2106
82.2232
82.228
82.2476
82.2506
82.2655
82.3012
82.3124
82.3253
82.3808
82.3947
82.4187
82.437
82.4476
82.464
82.4983
82.5055
82.507
82.5146
82.516
82.5307
82.5413
82.5525
82.5657
82.5908
82.6168
82.6529
82.6531
82.6771
82.6836
82.6877
82.6933
82.7046
82.7383
82.7496
82.8722
82.8925
82.9548
82.9836
82.989
83.0059
83.0654
83.0883
83.136
83.1459
83.1501
83.2253
83.2742
83.2783
83.317
83.3396
83.3634
83.3764
83.3835
83.4083
83.5048
83.5317
83.5398
83.5597
83.6232
83.6275
83.6406
83.6429
83.6683
83.6685
83.6722
83.6725
83.6872
83.6952
83.7515
83.7602
83.7706
83.8098
83.8463
83.8644
83.8712
83.8836
83.909
83.9257
83.9369
83.9465
83.9549
83.9623
83.9791
83.9947
84.0087
84.0317
84.058
84.0802
84.1004
84.1152
84.1284
84.134
84.1494
84.1685
84.2112
84.2189
84.2419
84.2499
84.2559
84.2823
84.2828
84.3805
84.4703
84.5262
84.5297
84.5369
84.5433
84.5613
84.6466
84.6476
84.6531
84.7055
84.7181
84.7509
84.7761
84.8223
84.8273
84.8484
84.8595
84.8933
84.903
84.9909
85.0749
85.0811
85.1126
85.1855
85.1896
85.1991
85.247
85.263
85.3009
85.4315
85.4459
85.4988
85.5407
85.5623
85.7306
85.7617
85.766
85.8121
85.8315
85.8401
85.8817
85.9344
85.9677
85.9999
86.0379
86.0472
86.0778
86.1161
86.1758
86.2146
86.2536
86.2928
86.3009
86.3312
86.3393
86.3548
86.4191
86.42
86.4683
86.4792
86.6806
86.7498
86.8152
86.8847
86.9366
86.9431
86.9535
86.974
87.0989
87.1117
87.2149
87.2544
87.2698
87.482
87.486
87.5414
87.5653
87.5807
87.7223
87.827
87.881
87.9443
87.9581
87.9862
88.1605
88.1647
88.1833
88.2751
88.304
88.5634
88.6527
88.862
88.9425
88.9479
89.0493
89.0675
89.1581
89.312
89.4503
89.7047
89.9623
89.9981
90.0174
90.0265
90.1438
90.1693
90.216
90.428
90.651
90.8445
91.0309
91.0793
91.1015
91.3823
91.6597
91.7094
91.97
92.1411
92.3786
92.745
93.5713
94.0471
94.1403
94.2094
94.2509
94.6291
94.7632
95.0983
95.4776
96.151
96.4117
96.8996
97.4806
97.7268
98.508
99.0071
99.5217
99.7438
102.139
103.401
103.878
104.048
104.591
105.704
106.715
106.984
107.108
