90.3666
90.3765
90.4489
90.512
90.5817
90.7571
90.7719
90.8085
90.9435
90.9471
90.9665
91.0518
91.0606
91.284
91.293
91.3544
91.4129
91.4637
91.4728
91.5239
91.6042
91.6117
91.7751
91.7952
91.8649
91.8813
91.9225
91.9307
91.9373
91.9589
91.9852
91.9902
92.0201
92.082
92.1308
92.1577
92.1652
92.1666
92.1888
92.1931
92.2573
92.3152
92.3212
92.3456
92.3474
92.3522
92.38
92.4034
92.4093
92.452
92.4611
92.4681
92.4754
92.4774
92.5212
92.5309
92.5329
92.538
92.5606
92.6182
92.6192
92.6447
92.6477
92.6553
92.6596
92.6637
92.6778
92.6784
92.6884
92.6997
92.7005
92.7227
92.7276
92.7287
92.7355
92.7573
92.7735
92.8031
92.8139
92.8221
92.8236
92.826
92.8303
92.8372
92.8435
92.8532
92.8576
92.8585
92.8671
92.8724
92.8823
92.8957
92.9087
92.9163
92.9207
92.922
92.9489
92.9618
92.9759
92.9906
93.0259
93.0309
93.0407
93.0453
93.0472
93.0473
93.0582
93.063
93.0688
93.0688
93.0698
93.0728
93.0799
93.0931
93.1004
93.1018
93.1063
93.1072
93.1239
93.1408
93.1456
93.1674
93.1762
93.1797
93.1968
93.1998
93.2019
93.2048
93.2439
93.2448
93.2513
93.2544
93.2558
93.2664
93.2677
93.2691
93.2742
93.2754
93.2756
93.2796
93.2997
93.303
93.3051
93.3063
93.3188
93.3213
93.3302
93.3344
93.3417
93.3481
93.3599
93.3623
93.3854
93.4236
93.4269
93.4317
93.4363
93.4418
93.4496
93.4507
93.4772
93.4904
93.493
93.5207
93.5208
93.5528
93.5532
93.5584
93.5686
93.57
93.5751
93.5961
93.5968
93.5984
93.6151
93.6595
93.6642
93.6695
93.6752
93.6926
93.6942
93.6977
93.7104
93.732
93.7473
93.75
93.7527
93.7561
93.7623
93.7645
93.7673
93.7972
93.8038
93.8097
93.8135
93.8273
93.8383
93.8531
93.8634
93.8635
93.8727
93.8757
93.8906
93.8922
93.893
93.8973
93.8975
93.9053
93.9057
93.9116
93.9178
93.9182
93.9214
93.9447
93.9478
93.9491
93.9542
93.9606
93.9757
93.9772
93.9872
94.0289
94.0294
94.0385
94.042
94.0474
94.0579
94.08
94.0872
94.0882
94.0985
94.0985
94.1074
94.1177
94.141
94.1591
94.1641
94.1919
94.1952
94.1992
94.2027
94.2069
94.217
94.2278
94.2316
94.243
94.2438
94.2506
94.2596
94.2623
94.2675
94.2755
94.2791
94.2916
94.2944
94.2947
94.2949
94.2955
94.3005
94.3097
94.3129
94.3246
94.3308
94.3363
94.3447
94.3447
94.345
94.3604
94.3653
94.3701
94.3715
94.3726
94.3738
94.3796
94.4042
94.417
94.418
94.4225
94.4238
94.429
94.4443
94.4475
94.4508
94.4522
94.4827
94.5019
94.5047
94.5088
94.5226
94.5318
94.5358
94.538
94.54
94.5507
94.5524
94.5525
94.5553
94.5556
94.5673
94.5802
94.5889
94.6023
94.6027
94.6083
94.6123
94.6179
94.6344
94.6428
94.6533
94.6556
94.6572
94.6671
94.6704
94.6714
94.677
94.6783
94.6796
94.6924
94.7099
94.7515
94.7555
94.7649
94.7731
94.7816
94.7855
94.7963
94.7979
94.802
94.8061
94.8166
94.8258
94.8376
94.8484
94.849
94.8557
94.8707
94.8788
94.8879
94.9074
94.9096
94.9109
94.915
94.9179
94.9244
94.9443
94.9505
94.9508
94.9555
94.9581
94.9689
94.9768
94.9776
95.0035
95.0081
95.0105
95.0326
95.0338
95.0672
95.0721
95.0831
95.091
95.1068
95.1128
95.1188
95.1217
95.1221
95.1317
95.1397
95.1421
95.1643
95.1671
95.168
95.1734
95.1736
95.178
95.1845
95.1906
95.2143
95.2239
95.2263
95.2329
95.2356
95.237
95.2376
95.3088
95.3162
95.3214
95.3218
95.344
95.3478
95.348
95.3621
95.3894
95.4062
95.4128
95.4129
95.4158
95.4233
95.4246
95.4649
95.4743
95.4801
95.4845
95.4854
95.4867
95.4889
95.4899
95.496
95.5146
95.5167
95.5393
95.5565
95.5578
95.5631
95.5907
95.5948
95.6024
95.6056
95.6145
95.6209
95.6265
95.6344
95.6452
95.6603
95.6624
95.6656
95.685
95.7214
95.7255
95.7266
95.7333
95.7455
95.7457
95.7565
95.7705
95.778
95.7816
95.7948
95.8004
95.8076
95.8082
95.8132
95.8158
95.837
95.8391
95.8463
95.8522
95.8525
95.8539
95.869
95.8877
95.8918
95.9051
95.9064
95.9092
95.9173
95.9206
95.9231
95.9231
95.9439
95.9547
95.9743
95.9785
96.0343
96.0444
96.0513
96.0689
96.0719
96.0786
96.082
96.0962
96.1052
96.1082
96.1137
96.1194
96.1351
96.1366
96.1371
96.149
96.1554
96.1558
96.1803
96.1828
96.1955
96.201
96.2061
96.2076
96.2167
96.2303
96.2478
96.2527
96.2537
96.2737
96.2748
96.2966
96.3003
96.3139
96.3166
96.3185
96.32
96.3411
96.3424
96.3451
96.3535
96.3596
96.3643
96.3695
96.3735
96.3788
96.3857
96.3916
96.3938
96.4126
96.4228
96.4521
96.4542
96.4872
96.4963
96.5075
96.5085
96.5097
96.551
96.5587
96.5805
96.5993
96.6058
96.6159
96.6265
96.6355
96.6541
96.6543
96.6647
96.6787
96.6884
96.689
96.6974
96.7033
96.7109
96.723
96.7318
96.7403
96.7412
96.7495
96.7575
96.7619
96.7635
96.7729
96.784
96.8146
96.8183
96.8378
96.8427
96.8491
96.867
96.8724
96.8744
96.8768
96.8817
96.8899
96.8946
96.8996
96.9032
96.9043
96.9046
96.9056
96.9104
96.919
96.9427
96.9761
96.9975
97.0174
97.0781
97.084
97.0852
97.0978
97.1165
97.1772
97.1958
97.2173
97.219
97.2275
97.2323
97.2637
97.2651
97.2795
97.3063
97.3702
97.3722
97.3969
97.4237
97.4332
97.4346
97.4555
97.4627
97.4725
97.4914
97.5051
97.554
97.5944
97.6497
97.6634
97.6685
97.6794
97.6947
97.7036
97.7492
97.7724
97.7847
97.7971
97.8201
97.8875
97.909
97.9342
97.9351
97.9747
98.0133
98.0211
98.067
98.0804
98.1123
98.1299
98.1409
98.1419
98.1553
98.2168
98.2902
98.3026
98.3229
98.3813
98.3815
98.3843
98.4131
98.4344
98.4636
98.4651
98.4828
98.4878
98.515
98.5271
98.5294
98.6234
98.6402
98.659
98.6606
98.6894
98.702
98.7182
98.7294
98.741
98.7605
98.7635
98.815
98.8274
98.8365
98.8586
98.8826
98.8918
98.9126
98.9937
98.9978
99.0107
99.0386
99.0635
99.0868
99.2322
99.2465
99.2681
99.272
99.2735
99.3543
99.362
99.3811
99.4043
99.4313
99.4393
99.4521
99.5537
99.6757
99.6858
99.6921
99.7502
99.7689
99.8268
99.8813
99.9334
99.9928
100.025
100.061
100.152
100.192
100.206
100.278
100.285
100.293
100.298
100.316
100.421
100.448
100.471
100.535
100.545
100.602
100.687
100.698
100.768
100.926
100.939
100.952
100.964
101.072
101.136
101.337
101.365
101.38
101.405
101.414
101.434
101.472
101.513
101.673
101.833
101.859
101.922
101.934
101.948
102.026
102.101
102.167
102.207
102.245
102.354
102.429
102.545
102.58
102.624
102.818
102.888
102.914
102.936
102.973
102.988
102.992
103.02
103.046
103.071
103.072
103.123
103.133
103.192
103.375
103.461
103.545
103.593
103.659
103.661
103.773
103.808
103.863
103.9
103.983
104.18
104.49
104.568
104.753
104.754
104.888
104.941
105.17
105.181
105.44
105.542
105.551
105.704
105.719
105.882
106.272
106.55
106.768
107.016
107.157
107.161
107.322
107.334
107.625
107.739
108.047
108.061
108.336
108.743
108.757
108.894
109.001
109.187
109.586
109.658
110.002
110.337
111.038
111.136
111.928
112.153
113.222
114.423
114.507
114.964
115.049
116.505
116.902
117.097
118.601
119.063
196.771
204.646
