86.9884
87.3292
87.5751
87.6427
87.849
87.9796
88.1055
88.1691
88.1782
88.2014
88.2328
88.2974
88.3021
88.3289
88.353
88.4146
88.5207
88.5396
88.5436
88.6087
88.6561
88.6656
88.6695
88.6788
88.6833
88.6954
88.706
88.7134
88.8059
88.8123
88.867
88.8734
88.8776
88.878
88.9419
88.9552
88.9884
88.9983
88.9989
89.0546
89.0607
89.065
89.0976
89.1358
89.1449
89.1453
89.193
89.1967
89.2066
89.2213
89.2254
89.2643
89.2964
89.3083
89.3118
89.3208
89.33
89.3329
89.3476
89.3507
89.3537
89.3776
89.3825
89.4173
89.4179
89.4187
89.448
89.4483
89.453
89.4598
89.4819
89.4852
89.4955
89.5133
89.5182
89.538
89.5488
89.5512
89.5548
89.5555
89.5733
89.5743
89.5836
89.5906
89.5952
89.5996
89.6011
89.6123
89.6662
89.6724
89.6805
89.6841
89.6988
89.6998
89.7066
89.7113
89.74
89.76
89.7779
89.7882
89.808
89.8346
89.8428
89.8765
89.8804
89.8822
89.8863
89.8922
89.8938
89.8994
89.9052
89.9139
89.9499
89.9598
89.9799
89.9823
89.9837
89.9927
89.9932
90.0096
90.0221
90.0433
90.0525
90.0857
90.0883
90.0893
90.1012
90.1058
90.1078
90.1142
90.1223
90.1259
90.1311
90.133
90.1491
90.152
90.1522
90.1596
90.1672
90.1711
90.1822
90.1983
90.2017
90.2025
90.2052
90.2116
90.2307
90.2346
90.2714
90.2742
90.2927
90.3024
90.305
90.3051
90.3058
90.3115
90.3125
90.3147
90.3272
90.3341
90.3537
90.3595
90.36
90.3628
90.3646
90.3723
90.3763
90.3864
90.4095
90.4166
90.4193
90.4204
90.4332
90.4369
90.4493
90.4762
90.483
90.4929
90.4978
90.5127
90.5143
90.5191
90.5244
90.5258
90.5278
90.5373
90.5534
90.5651
90.6107
90.6262
90.6327
90.6409
90.6883
90.699
90.7026
90.7032
90.7115
90.7174
90.7235
90.7273
90.7439
90.7517
90.7645
90.768
90.7708
90.7783
90.7874
90.7899
90.7916
90.8055
90.8164
90.8271
90.8445
90.867
90.8723
90.8831
90.884
90.889
90.8998
90.9128
90.9167
90.9202
90.9296
90.9361
90.937
90.9375
90.9707
90.9765
90.9854
91.0223
91.032
91.0336
91.0362
91.0415
91.0521
91.0662
91.0665
91.0682
91.0717
91.0773
91.0815
91.0838
91.1013
91.1019
91.1025
91.1037
91.1253
91.1346
91.1437
91.1548
91.1567
91.1847
91.1886
91.1926
91.2031
91.2173
91.2187
91.2317
91.2319
91.2479
91.2523
91.2526
91.2558
91.2627
91.2752
91.2784
91.2815
91.2843
91.3165
91.3177
91.3485
91.3494
91.3512
91.3692
91.3728
91.3846
91.4031
91.4159
91.4168
91.4345
91.4369
91.4471
91.4895
91.5043
91.5092
91.5163
91.5185
91.5216
91.5219
91.526
91.5375
91.5739
91.5789
91.5968
91.5979
91.5979
91.6137
91.6166
91.6217
91.6262
91.6446
91.6622
91.7402
91.7468
91.7484
91.7523
91.7675
91.8058
91.8074
91.8256
91.8257
91.8374
91.8409
91.8508
91.8642
91.868
91.8758
91.8775
91.8893
91.9033
91.9112
91.9157
91.9188
91.9191
91.9704
91.9778
91.9865
91.9924
91.996
92.0054
92.0068
92.0175
92.02
92.0546
92.061
92.0773
92.1337
92.1344
92.1539
92.1571
92.1607
92.1854
92.1898
92.203
92.2035
92.2098
92.2425
92.2426
92.25
92.2585
92.267
92.2748
92.2934
92.3047
92.3052
92.3152
92.3154
92.3208
92.322
92.3424
92.3501
92.3501
92.3573
92.3706
92.3947
92.4245
92.4268
92.4302
92.4428
92.4614
92.4843
92.5127
92.5137
92.5153
92.5225
92.5259
92.558
92.5632
92.5654
92.5673
92.5764
92.5949
92.6089
92.6182
92.6193
92.6505
92.6539
92.6601
92.6621
92.6694
92.6713
92.6745
92.6928
92.6958
92.6984
92.699
92.7109
92.7175
92.7224
92.7398
92.7503
92.7519
92.7618
92.7675
92.7837
92.7949
92.8066
92.8157
92.8429
92.8718
92.8737
92.8893
92.8942
92.8944
92.8967
92.9055
92.9096
92.9357
92.9412
92.9422
92.9496
92.9553
92.9696
92.9738
92.9767
92.9918
92.9932
93.0066
93.0232
93.0494
93.0611
93.0695
93.074
93.0778
93.0781
93.1084
93.1108
93.1314
93.177
93.1873
93.217
93.2391
93.2476
93.2569
93.2691
93.2737
93.2952
93.3012
93.3049
93.3152
93.415
93.4215
93.4252
93.4489
93.4708
93.5009
93.5129
93.5784
93.6083
93.6117
93.6123
93.6268
93.6299
93.6321
93.6486
93.6527
93.6922
93.7098
93.7143
93.7211
93.7483
93.7696
93.7794
93.7822
93.8087
93.8434
93.8664
93.8764
93.9154
94.0024
94.0254
94.0282
94.0327
94.0412
94.0669
94.1326
94.137
94.1729
94.2333
94.245
94.2524
94.2705
94.2767
94.3297
94.3314
94.3594
94.3952
94.4107
94.5046
94.5151
94.5199
94.5232
94.5617
94.5704
94.5834
94.6238
94.6321
94.6378
94.7049
94.7202
94.7269
94.8226
94.8497
94.8557
94.8638
94.8936
94.9203
94.921
94.9539
94.9588
94.9726
94.9806
94.998
95.0626
95.1196
95.185
95.1886
95.2024
95.2492
95.2494
95.347
95.4642
95.4964
95.5036
95.5371
95.5625
95.574
95.5953
95.6347
95.6554
95.6636
95.8069
95.82
95.8227
95.8436
95.8596
95.8993
95.9153
95.9274
95.9505
95.9912
96.0151
96.1405
96.1434
96.1528
96.1678
96.2079
96.2417
96.2441
96.3021
96.3854
96.3895
96.3924
96.4328
96.442
96.4822
96.6544
96.6647
96.6724
96.7309
96.7544
96.8057
96.814
96.8243
96.8412
96.8455
96.9531
96.9963
97.0125
97.0209
97.0288
97.0318
97.1486
97.1865
97.1969
97.2621
97.3153
97.4941
97.5022
97.5363
97.5606
97.5665
97.6225
97.6709
97.8202
97.8273
97.8635
97.8898
97.9457
97.9985
98.0024
98.0342
98.1248
98.1538
98.2401
98.2612
98.4541
98.4684
98.5516
98.5892
98.6459
98.6983
98.7081
98.7431
98.7983
98.8293
98.837
98.8386
98.986
99.0317
99.1141
99.4579
99.4681
99.5386
99.5393
99.8169
100.099
100.101
100.105
100.168
100.504
100.564
100.579
100.684
100.767
100.783
100.818
100.883
100.919
101.091
101.136
101.171
101.282
101.361
101.446
101.471
102.01
102.242
102.656
102.946
103.021
103.118
103.155
103.508
103.745
103.746
103.911
104.091
104.237
104.882
105.332
105.634
105.696
106.053
106.252
106.508
106.544
106.671
106.784
106.898
107.363
107.534
108.025
108.672
108.744
109.411
109.734
109.916
110.396
110.412
110.72
111.355
111.569
111.952
112.036
112.661
112.741
113.323
113.804
113.992
114.451
114.545
184.572
185.537
