80.3562
80.6861
80.7316
80.8388
81.0275
81.1383
81.1532
81.305
81.3556
81.6154
81.7118
81.7146
81.7399
81.7406
81.7473
81.7983
81.8652
81.8859
81.9717
82.0579
82.0896
82.1925
82.241
82.2812
82.2814
82.4069
82.4752
82.4754
82.499
82.5592
82.5598
82.5669
82.5816
82.5985
82.6055
82.6311
82.7122
82.7208
82.7315
82.7714
82.8176
82.8621
82.894
82.9138
82.9711
82.9879
82.9963
83.0361
83.0435
83.0579
83.0781
83.1575
83.1635
83.249
83.4188
83.4436
83.4837
83.5104
83.5706
83.6107
83.6462
83.6676
83.6839
83.7121
83.7859
83.8196
83.9102
83.9166
83.9198
84.019
84.0261
84.0756
84.0788
84.0908
84.0915
84.0976
84.106
84.1646
84.1663
84.1737
84.2433
84.2441
84.2802
84.3047
84.4097
84.4176
84.573
84.5983
84.6129
84.6177
84.6412
84.7013
84.7719
84.7867
84.8044
84.8072
84.809
84.8135
84.8146
84.8162
84.8452
84.8869
84.9357
84.9785
85.0728
85.1057
85.1706
85.2013
85.2163
85.221
85.2459
85.2722
85.3112
85.3675
85.3853
85.424
85.5032
85.5037
85.5288
85.5579
85.5626
85.5641
85.6518
85.7796
85.8135
85.9421
86.0445
86.0647
86.1147
86.1706
86.2106
86.2866
86.3156
86.4693
86.6331
86.6406
86.6842
86.7072
86.8862
86.9813
87.0631
87.2998
87.3573
87.5176
87.6203
87.6445
87.6725
87.6883
87.7238
87.9058
87.92
87.9922
88.053
88.0578
88.0705
88.1309
88.1461
88.1591
88.1688
88.1723
88.2421
88.2715
88.3732
88.3931
89.3946
89.524
89.5513
89.7975
90.0464
90.1597
90.1785
90.2762
90.3863
90.4486
90.7639
90.9202
91.139
91.1453
91.3094
91.5943
92.2424
92.3313
92.4872
92.5431
93.1956
93.83
95.1107
95.1528
95.3684
95.5604
95.6928
97.6707
99.0019
101.019
103.736
107.857
108.885
