81.7063
81.8948
82.0683
82.2197
82.2803
82.2879
82.3838
82.5245
82.5693
82.7194
82.7359
82.7539
82.7719
82.8019
82.8079
82.8884
82.9535
82.9824
82.9862
82.987
83.0762
83.1051
83.1113
83.2335
83.2799
83.3017
83.3456
83.3693
83.5139
83.5345
83.5715
83.5752
83.6472
83.7071
83.7298
83.7486
83.7705
83.8112
83.818
83.8218
83.8255
83.8412
83.8598
83.8638
83.9104
83.9166
83.92
83.9821
83.9845
84.0126
84.0269
84.0605
84.0769
84.0915
84.0941
84.1002
84.1283
84.1462
84.1715
84.1878
84.2078
84.2544
84.2619
84.3006
84.3096
84.3123
84.3185
84.345
84.3543
84.3567
84.3569
84.3599
84.3685
84.4199
84.4311
84.4413
84.4651
84.4684
84.4757
84.4884
84.4915
84.503
84.5192
84.5611
84.5611
84.5644
84.566
84.5774
84.6
84.6212
84.6247
84.6468
84.6568
84.6846
84.6945
84.6972
84.7109
84.7147
84.7276
84.7335
84.748
84.7538
84.7738
84.774
84.7888
84.7918
84.8198
84.8264
84.8383
84.8502
84.8904
84.9026
84.9063
84.9235
84.9319
84.9475
84.9558
84.9855
84.9952
84.9982
85.0053
85.0176
85.0268
85.0325
85.0623
85.0654
85.0855
85.1041
85.1301
85.1312
85.1327
85.1536
85.1628
85.169
85.1693
85.1787
85.1888
85.19
85.201
85.2229
85.224
85.2611
85.2655
85.2796
85.2865
85.2947
85.2985
85.3188
85.3225
85.3262
85.3293
85.3698
85.3874
85.4093
85.4398
85.4589
85.4733
85.4913
85.4919
85.5091
85.5179
85.518
85.5707
85.6016
85.6328
85.6342
85.6576
85.6836
85.6886
85.7001
85.7071
85.7325
85.7594
85.7679
85.7743
85.7858
85.8061
85.8099
85.8252
85.8498
85.8676
85.8791
85.8826
85.912
85.9403
85.9506
85.9759
85.9918
86.004
86.0247
86.026
86.0569
86.0574
86.0753
86.0927
86.1119
86.1682
86.1825
86.2172
86.2177
86.2212
86.2496
86.2674
86.2958
86.3153
86.3196
86.3457
86.3495
86.4003
86.4108
86.4279
86.4328
86.4379
86.4385
86.4544
86.4701
86.505
86.541
86.5947
86.6185
86.6308
86.64
86.649
86.6508
86.6587
86.6655
86.6702
86.6781
86.7214
86.7237
86.7439
86.7515
86.753
86.775
86.7782
86.7799
86.7905
86.793
86.8253
86.8273
86.8319
86.8455
86.8886
86.9189
86.9446
86.9656
87.0457
87.0615
87.0772
87.0807
87.0947
87.1209
87.1243
87.1555
87.1561
87.1627
87.1731
87.1781
87.197
87.2017
87.2188
87.2204
87.2341
87.2451
87.2486
87.2714
87.3118
87.3286
87.351
87.3625
87.3667
87.3966
87.4237
87.4278
87.4522
87.4531
87.4722
87.485
87.5401
87.5889
87.5932
87.6142
87.7705
87.8269
87.8292
87.8297
87.8759
87.8849
87.9512
87.9514
87.9626
87.9768
88.0182
88.0256
88.0263
88.0398
88.073
88.1231
88.1322
88.1324
88.1524
88.1612
88.169
88.1733
88.2018
88.2292
88.2443
88.2453
88.2497
88.3102
88.3495
88.488
88.4941
88.5378
88.5816
88.6809
88.7073
88.7095
88.7586
88.7705
88.7807
88.8891
88.9335
88.9361
88.9841
89.0044
89.0336
89.1204
89.1954
89.2713
89.2811
89.3143
89.3893
89.4169
89.4364
89.4559
89.4595
89.4637
89.4688
89.5018
89.5362
89.5383
89.561
89.6194
89.7169
89.7313
89.7563
89.7584
89.7616
89.7667
89.81
89.9879
90.0887
90.1311
90.2625
90.3725
90.3758
90.4678
90.5583
90.6012
90.7914
90.807
90.8331
90.9312
91.0685
91.0985
91.1114
91.1847
91.2895
91.3028
91.341
91.5361
91.6257
91.631
91.951
91.9722
91.9957
92.1861
92.2181
92.3036
92.3434
92.4601
92.5645
92.9621
93.0034
93.0501
93.1781
93.4197
93.705
93.8198
93.9198
93.9434
94.2037
94.3475
94.3621
94.3675
94.4897
94.7992
95.3323
96.0816
96.2545
96.3417
96.4912
96.5206
97.801
97.8772
97.9673
98.3138
98.5199
98.6689
99.8797
100.194
100.461
100.863
101.419
102.012
102.646
102.855
104.945
105.021
105.118
105.753
106.129
106.135
107.396
108.595
109.498
110.525
111.202
