96.4169
96.4291
96.7485
96.7696
96.787
96.8659
96.9124
96.9245
97.0456
97.1148
97.133
97.1814
97.1819
97.2001
97.2581
97.3518
97.3854
97.4015
97.4523
97.4661
97.4708
97.5331
97.5625
97.5634
97.6408
97.6836
97.6943
97.7141
97.7182
97.7297
97.7776
97.7845
97.7853
97.791
97.7969
97.8037
97.8148
97.8223
97.8244
97.8289
97.8346
97.8357
97.8377
97.8503
97.8962
97.9004
97.9162
97.9299
97.9762
97.9883
97.998
98.0109
98.0137
98.0139
98.0213
98.0224
98.0257
98.0679
98.0701
98.0753
98.0775
98.0933
98.0941
98.0958
98.1156
98.124
98.1422
98.1651
98.1787
98.1824
98.1877
98.2
98.2033
98.2313
98.2342
98.2353
98.246
98.2545
98.2688
98.2805
98.3378
98.3415
98.3542
98.3562
98.3585
98.3599
98.3656
98.3875
98.39
98.3911
98.392
98.4095
98.4302
98.4359
98.4433
98.4503
98.4537
98.4921
98.4933
98.5006
98.5017
98.5083
98.5217
98.5326
98.5422
98.5442
98.5476
98.5491
98.5666
98.5749
98.578
98.607
98.6217
98.6231
98.6265
98.6345
98.6361
98.6383
98.6431
98.6438
98.6547
98.6635
98.6638
98.6682
98.672
98.6816
98.6849
98.6861
98.6875
98.6999
98.7052
98.7131
98.7161
98.7361
98.7414
98.7675
98.7711
98.7776
98.7864
98.8042
98.8058
98.8283
98.8345
98.8506
98.8525
98.8546
98.8547
98.8655
98.8714
98.8716
98.8973
98.8993
98.9057
98.9064
98.9094
98.9225
98.9263
98.9278
98.9336
98.9338
98.9562
98.9568
98.9588
98.9597
98.9598
98.9812
98.9836
98.9975
99.0082
99.028
99.0406
99.0449
99.0471
99.0503
99.0521
99.0558
99.0575
99.0584
99.0672
99.0747
99.0747
99.0829
99.0866
99.0876
99.0878
99.0938
99.095
99.1183
99.1343
99.1397
99.141
99.1589
99.1636
99.1637
99.1829
99.1995
99.206
99.2145
99.2157
99.226
99.2447
99.246
99.2582
99.2582
99.2584
99.2623
99.2738
99.2756
99.2775
99.2799
99.2895
99.2954
99.2978
99.299
99.3114
99.326
99.3266
99.3274
99.336
99.3456
99.3568
99.3577
99.3668
99.3721
99.3751
99.3835
99.3867
99.3918
99.3962
99.4031
99.4064
99.408
99.4269
99.4324
99.4349
99.4365
99.4428
99.4449
99.4539
99.4583
99.4584
99.4584
99.4608
99.463
99.4719
99.4776
99.4831
99.4846
99.4848
99.492
99.493
99.4994
99.5005
99.5263
99.5286
99.5415
99.5444
99.5485
99.5494
99.5505
99.5521
99.5548
99.5565
99.5611
99.5624
99.564
99.564
99.5776
99.5856
99.5872
99.5885
99.5947
99.6001
99.6058
99.6191
99.62
99.6288
99.6307
99.6367
99.6506
99.6546
99.6584
99.6645
99.6752
99.6771
99.6777
99.6895
99.6981
99.7014
99.7046
99.7165
99.7219
99.7221
99.7295
99.7306
99.7308
99.735
99.739
99.7431
99.7576
99.7581
99.7582
99.762
99.764
99.7724
99.781
99.7911
99.7944
99.7947
99.8012
99.8123
99.817
99.8203
99.8236
99.8241
99.8284
99.8331
99.8336
99.8458
99.8586
99.8657
99.8709
99.8709
99.8861
99.8861
99.8876
99.8892
99.9011
99.9021
99.9091
99.9126
99.9206
99.9245
99.9252
99.927
99.9333
99.9424
99.9429
99.9476
99.9541
99.9572
99.9613
99.9706
99.9759
99.9779
99.9809
99.9818
99.9873
99.9878
99.9882
99.9997
100.005
100.012
100.022
100.026
100.028
100.031
100.034
100.046
100.057
100.063
100.071
100.076
100.079
100.08
100.09
100.099
100.104
100.114
100.116
100.117
100.117
100.12
100.121
100.127
100.13
100.132
100.133
100.135
100.137
100.137
100.141
100.142
100.145
100.147
100.161
100.164
100.182
100.187
100.19
100.193
100.193
100.196
100.196
100.197
100.199
100.202
100.208
100.208
100.218
100.228
100.236
100.241
100.253
100.259
100.267
100.272
100.281
100.29
100.293
100.296
100.302
100.309
100.312
100.312
100.314
100.321
100.344
100.346
100.347
100.347
100.348
100.36
100.362
100.365
100.374
100.389
100.408
100.408
100.409
100.423
100.424
100.433
100.44
100.44
100.441
100.455
100.46
100.464
100.464
100.465
100.468
100.473
100.486
100.493
100.495
100.499
100.505
100.512
100.512
100.517
100.522
100.523
100.526
100.541
100.545
100.546
100.552
100.555
100.557
100.557
100.559
100.56
100.561
100.562
100.569
100.571
100.573
100.573
100.576
100.577
100.584
100.587
100.599
100.602
100.604
100.606
100.621
100.656
100.657
100.658
100.663
100.666
100.668
100.672
100.673
100.684
100.69
100.69
100.703
100.715
100.717
100.722
100.726
100.726
100.727
100.736
100.739
100.741
100.743
100.745
100.745
100.757
100.762
100.762
100.763
100.774
100.776
100.782
100.788
100.813
100.823
100.831
100.834
100.838
100.838
100.847
100.853
100.858
100.862
100.875
100.876
100.882
100.884
100.889
100.9
100.901
100.905
100.909
100.916
100.927
100.928
100.929
100.931
100.937
100.943
100.966
100.976
100.977
100.98
100.981
100.982
100.986
100.996
100.998
101.004
101.014
101.023
101.025
101.049
101.051
101.056
101.061
101.062
101.072
101.074
101.081
101.088
101.103
101.123
101.13
101.133
101.135
101.136
101.138
101.145
101.15
101.153
101.155
101.157
101.158
101.173
101.173
101.177
101.178
101.193
101.2
101.221
101.234
101.236
101.243
101.246
101.258
101.261
101.271
101.276
101.283
101.289
101.291
101.295
101.295
101.298
101.304
101.306
101.306
101.306
101.312
101.317
101.333
101.336
101.36
101.375
101.378
101.382
101.399
101.411
101.421
101.426
101.434
101.435
101.436
101.447
101.472
101.475
101.487
101.503
101.505
101.556
101.566
101.569
101.57
101.587
101.591
101.596
101.6
101.601
101.602
101.608
101.625
101.626
101.629
101.637
101.649
101.651
101.655
101.663
101.674
101.676
101.681
101.684
101.693
101.694
101.696
101.708
101.71
101.717
101.73
101.734
101.739
101.741
101.742
101.743
101.744
101.75
101.751
101.76
101.777
101.778
101.779
101.78
101.791
101.802
101.805
101.805
101.808
101.815
101.816
101.827
101.848
101.857
101.858
101.867
101.88
101.883
101.89
101.918
101.92
101.927
101.949
101.952
101.957
101.961
101.961
101.972
101.972
101.977
101.98
101.986
101.988
101.997
101.999
102.01
102.017
102.029
102.03
102.031
102.035
102.05
102.057
102.057
102.078
102.081
102.082
102.085
102.088
102.091
102.097
102.102
102.105
102.106
102.118
102.12
102.122
102.125
102.139
102.142
102.162
102.167
102.175
102.177
102.179
102.181
102.193
102.197
102.2
102.203
102.22
102.228
102.23
102.233
102.237
102.242
102.249
102.251
102.255
102.257
102.267
102.271
102.29
102.29
102.292
102.3
102.303
102.307
102.313
102.316
102.325
102.342
102.343
102.345
102.352
102.365
102.39
102.399
102.402
102.404
102.413
102.418
102.431
102.434
102.436
102.443
102.446
102.461
102.467
102.484
102.489
102.501
102.501
102.508
102.521
102.522
102.527
102.547
102.562
102.57
102.57
102.581
102.582
102.587
102.606
102.614
102.642
102.649
102.651
102.656
102.667
102.673
102.678
102.689
102.693
102.696
102.703
102.723
102.731
102.735
102.737
102.742
102.771
102.772
102.777
102.779
102.784
102.796
102.807
102.82
102.821
102.826
102.88
102.908
102.908
102.912
102.917
102.919
102.924
102.95
102.95
102.961
102.977
102.979
102.988
103.004
103.01
103.014
103.015
103.021
103.053
103.059
103.065
103.069
103.076
103.083
103.088
103.095
103.099
103.112
103.117
103.147
103.158
103.162
103.173
103.176
103.184
103.191
103.196
103.209
103.211
103.218
103.219
103.236
103.239
103.261
103.266
103.267
103.282
103.285
103.289
103.312
103.319
103.327
103.336
103.338
103.34
103.352
103.38
103.397
103.399
103.4
103.401
103.405
103.443
103.444
103.465
103.468
103.473
103.475
103.496
103.571
103.575
103.582
103.609
103.61
103.616
103.665
103.697
103.701
103.704
103.708
103.713
103.722
103.726
103.726
103.737
103.758
103.759
103.761
103.773
103.787
103.792
103.799
103.801
103.806
103.812
103.828
103.829
103.841
103.842
103.852
103.857
103.862
103.892
103.903
103.907
103.913
103.918
103.927
103.953
103.959
103.96
103.972
103.974
103.981
103.998
104.009
104.017
104.027
104.035
104.04
104.042
104.053
104.072
104.075
104.089
104.093
104.114
104.132
104.132
104.141
104.16
104.168
104.168
104.17
104.172
104.178
104.185
104.187
104.19
104.197
104.207
104.212
104.221
104.228
104.254
104.281
104.282
104.286
104.289
104.319
104.399
104.399
104.406
104.41
104.415
104.497
104.5
104.535
104.536
104.542
104.547
104.566
104.582
104.586
104.587
104.601
104.624
104.638
104.655
104.66
104.683
104.711
104.727
104.739
104.742
104.752
104.753
104.785
104.825
104.89
104.898
104.898
104.904
104.931
104.937
104.944
104.97
104.978
104.983
104.998
105.005
105.011
105.072
105.099
105.102
105.103
105.109
105.116
105.12
105.122
105.129
105.13
105.148
105.159
105.209
105.223
105.238
105.239
105.244
105.244
105.251
105.253
105.298
105.303
105.313
105.317
105.326
105.377
105.381
105.406
105.43
105.439
105.469
105.481
105.492
105.493
105.5
105.525
105.527
105.561
105.564
105.565
105.622
105.666
105.688
105.713
105.734
105.759
105.768
105.778
105.778
105.78
105.798
105.801
105.818
105.818
105.818
105.829
105.835
105.85
105.856
105.884
105.894
105.898
105.923
105.926
105.931
105.933
105.953
105.967
105.988
106.001
106.08
106.082
106.098
106.1
106.113
106.116
106.117
106.136
106.142
106.15
106.182
106.206
106.208
106.219
106.302
106.337
106.361
106.374
106.414
106.416
106.432
106.442
106.449
106.477
106.518
106.537
106.567
106.577
106.634
106.684
106.728
106.844
106.845
106.905
106.923
106.925
106.992
106.994
107.033
107.043
107.069
107.085
107.161
107.164
107.186
107.221
107.223
107.23
107.268
107.283
107.312
107.314
107.321
107.365
107.373
107.384
107.439
107.448
107.505
107.523
107.524
107.529
107.536
107.634
107.672
107.7
107.715
107.726
107.743
107.747
107.76
107.775
107.781
107.793
107.831
107.857
107.882
108.034
108.171
108.197
108.212
108.266
108.293
108.318
108.329
108.387
108.446
108.495
108.51
108.566
108.575
108.629
108.63
108.649
108.673
108.686
108.732
108.755
108.799
108.808
108.848
108.968
108.973
109.035
109.123
109.202
109.277
109.29
109.298
109.321
109.346
109.355
109.434
109.442
109.458
109.46
109.474
109.497
109.55
109.674
109.688
109.695
109.727
109.818
110.055
110.093
110.274
110.275
110.302
110.307
110.436
110.478
110.526
110.597
110.675
110.701
110.795
110.804
110.835
110.842
110.863
110.985
111.179
111.218
111.225
111.327
111.441
111.527
111.587
111.625
111.664
111.785
111.872
111.918
112.022
112.085
112.234
112.238
112.317
112.376
112.525
112.596
112.602
112.62
112.723
112.793
112.83
112.922
113.05
113.06
113.079
113.1
113.157
113.304
113.34
113.578
113.699
113.885
113.913
113.954
114.075
114.118
114.526
114.644
114.686
114.702
114.819
115.148
115.244
115.413
115.479
115.663
115.67
115.72
115.801
115.999
116.253
116.386
116.975
117.076
117.327
117.374
117.443
117.565
117.669
117.904
118.004
118.091
118.27
118.522
118.767
119.1
119.464
119.866
119.895
119.969
120.273
120.328
120.538
120.603
121.285
121.597
121.743
121.773
121.882
122.421
123.021
123.232
123.264
123.504
124.366
125.552
125.629
125.975
126.146
126.331
183.672
195.234
199.259
203.982
