80.9939
81.3056
82.1073
82.1987
82.2451
82.376
82.3939
82.4266
82.4599
82.5368
82.5973
82.6093
82.668
82.784
82.7976
82.8035
82.8729
82.9338
82.945
82.9517
82.9729
83.0011
83.0105
83.0412
83.0472
83.0831
83.1234
83.1579
83.1704
83.1725
83.1867
83.1952
83.1991
83.2028
83.2124
83.2187
83.2545
83.2893
83.2941
83.3017
83.3039
83.3514
83.365
83.3894
83.4105
83.4112
83.4364
83.4371
83.4392
83.446
83.4574
83.4634
83.507
83.524
83.5264
83.5296
83.5607
83.5647
83.5767
83.579
83.6434
83.66
83.6679
83.6835
83.6838
83.7109
83.7113
83.7124
83.7194
83.7251
83.7377
83.7454
83.7509
83.7636
83.7719
83.7875
83.804
83.81
83.8142
83.8156
83.8362
83.8407
83.8583
83.8622
83.8676
83.8698
83.8863
83.896
83.9077
83.9155
83.9214
83.9301
83.934
83.9343
83.9357
83.9493
83.9623
83.9631
83.97
83.97
83.9808
83.9819
83.9886
83.9892
83.994
84.002
84.0044
84.0065
84.0108
84.013
84.0147
84.0173
84.0198
84.0224
84.0256
84.0319
84.0341
84.0374
84.0566
84.0595
84.0604
84.0702
84.0765
84.0815
84.0831
84.0893
84.097
84.0976
84.099
84.1008
84.1051
84.1098
84.1203
84.1292
84.1498
84.1543
84.1576
84.1582
84.1795
84.1818
84.1844
84.1863
84.1879
84.1889
84.1931
84.1941
84.1981
84.2087
84.2092
84.2139
84.2148
84.2169
84.2188
84.2202
84.2213
84.2252
84.2353
84.2355
84.2365
84.2381
84.2385
84.2485
84.2534
84.255
84.2615
84.2692
84.2802
84.2827
84.2918
84.3016
84.3023
84.3193
84.3309
84.334
84.3363
84.342
84.354
84.358
84.3659
84.366
84.3761
84.3812
84.3835
84.3836
84.3839
84.3845
84.3883
84.3894
84.3899
84.3922
84.3931
84.3939
84.4003
84.4015
84.4033
84.41
84.419
84.4256
84.4269
84.427
84.4271
84.4281
84.4304
84.4326
84.4346
84.4348
84.4356
84.4357
84.4361
84.4392
84.4409
84.4458
84.4529
84.4574
84.4625
84.4636
84.4649
84.466
84.466
84.4705
84.4752
84.4779
84.479
84.4883
84.4888
84.5031
84.5053
84.5097
84.5121
84.5127
84.5159
84.5163
84.5199
84.5199
84.5242
84.5252
84.5312
84.5325
84.5336
84.5444
84.5498
84.5569
84.5671
84.5678
84.5679
84.5718
84.5724
84.5742
84.5752
84.5759
84.5922
84.5933
84.5959
84.5963
84.6011
84.6022
84.6031
84.6041
84.6078
84.6087
84.6123
84.6126
84.619
84.619
84.6266
84.6301
84.6323
84.643
84.6504
84.6531
84.6535
84.6565
84.6571
84.6673
84.6695
84.6744
84.6753
84.6756
84.676
84.6806
84.6983
84.6987
84.7012
84.7015
84.7042
84.7078
84.7176
84.7248
84.7254
84.727
84.7275
84.729
84.7312
84.7324
84.7359
84.7359
84.7361
84.7387
84.7438
84.7455
84.7478
84.7583
84.7628
84.7721
84.7799
84.7865
84.7873
84.7889
84.7952
84.7953
84.7965
84.7981
84.8032
84.8061
84.8199
84.8238
84.824
84.8267
84.828
84.8286
84.8301
84.8311
84.8317
84.8327
84.8333
84.8333
84.8402
84.8424
84.8425
84.8431
84.851
84.8593
84.8606
84.8693
84.8699
84.8711
84.8775
84.8818
84.8843
84.8871
84.8893
84.8903
84.8907
84.8939
84.8962
84.8967
84.8973
84.8979
84.9084
84.9111
84.9124
84.9152
84.9207
84.9223
84.9234
84.926
84.9273
84.9323
84.9369
84.9374
84.9384
84.9387
84.9408
84.9416
84.9463
84.9497
84.9645
84.9698
84.9737
84.9753
84.9825
84.9839
84.9848
84.9881
84.9889
84.9908
84.9958
84.9968
84.9978
85.0003
85.0014
85.0024
85.0039
85.0053
85.0072
85.0086
85.0101
85.0144
85.0185
85.0238
85.0382
85.0388
85.0394
85.0505
85.0555
85.0565
85.0573
85.0584
85.0601
85.062
85.0661
85.0686
85.0714
85.0735
85.074
85.0745
85.0753
85.0767
85.0814
85.0846
85.0892
85.0898
85.0942
85.0952
85.0991
85.1007
85.1021
85.104
85.1052
85.1053
85.107
85.1088
85.1099
85.1125
85.1163
85.1185
85.1315
85.1321
85.136
85.1405
85.1413
85.1442
85.1483
85.1512
85.1515
85.1551
85.1649
85.1667
85.1698
85.1701
85.1708
85.1733
85.178
85.179
85.1918
85.1939
85.1992
85.2015
85.2054
85.2088
85.2089
85.2098
85.2101
85.2125
85.213
85.2136
85.2136
85.2195
85.2198
85.2207
85.2209
85.2216
85.2221
85.224
85.225
85.2255
85.2274
85.2319
85.2351
85.2385
85.2397
85.242
85.246
85.2492
85.2506
85.2532
85.255
85.2555
85.2569
85.2571
85.2615
85.2636
85.2645
85.2666
85.2774
85.2792
85.2799
85.2848
85.2881
85.2896
85.2926
85.3009
85.3028
85.3075
85.3083
85.3102
85.3104
85.3116
85.3117
85.3125
85.3139
85.3149
85.3154
85.3162
85.317
85.3181
85.3232
85.3243
85.3276
85.3287
85.329
85.3302
85.3306
85.332
85.3336
85.3377
85.34
85.3402
85.3406
85.3534
85.3545
85.3572
85.359
85.3609
85.3657
85.3678
85.3692
85.3695
85.3695
85.3746
85.3774
85.382
85.3824
85.3846
85.3856
85.3941
85.3958
85.3966
85.3969
85.4026
85.4031
85.4033
85.4043
85.4052
85.4063
85.4081
85.41
85.4103
85.4139
85.417
85.4177
85.4183
85.4201
85.4213
85.4247
85.4267
85.4272
85.4276
85.4278
85.4318
85.4376
85.439
85.4461
85.4466
85.4489
85.4552
85.4558
85.4585
85.4619
85.4622
85.4628
85.4698
85.4739
85.4744
85.4799
85.4812
85.4818
85.4865
85.4871
85.4916
85.4922
85.4976
85.4979
85.4996
85.5027
85.5052
85.5108
85.514
85.5154
85.5154
85.5189
85.5215
85.5228
85.526
85.5264
85.5309
85.5322
85.5323
85.5363
85.5416
85.5447
85.5517
85.5521
85.5582
85.5586
85.5599
85.561
85.5626
85.5639
85.5652
85.5694
85.5719
85.5726
85.5728
85.5769
85.5775
85.5779
85.5791
85.5812
85.5824
85.5859
85.586
85.587
85.5897
85.5967
85.6035
85.6101
85.6147
85.6227
85.6241
85.6255
85.6306
85.6322
85.6354
85.6411
85.6455
85.6477
85.6513
85.6537
85.6551
85.6552
85.656
85.6575
85.6605
85.6606
85.6627
85.6713
85.6716
85.6718
85.673
85.6748
85.6753
85.6754
85.6761
85.6772
85.6783
85.6795
85.6832
85.6844
85.6863
85.6876
85.6889
85.6895
85.6903
85.6948
85.7006
85.7032
85.7043
85.7062
85.711
85.711
85.7151
85.7179
85.719
85.719
85.7199
85.7288
85.7294
85.73
85.7341
85.7363
85.738
85.7435
85.7444
85.752
85.7523
85.7524
85.7527
85.7575
85.7627
85.7634
85.7649
85.7654
85.767
85.7671
85.7677
85.769
85.7699
85.7702
85.7752
85.7767
85.7778
85.7796
85.781
85.7819
85.782
85.7851
85.7853
85.786
85.7876
85.7903
85.7919
85.7939
85.7955
85.7963
85.7991
85.8015
85.8015
85.8026
85.8059
85.8082
85.8189
85.8202
85.8244
85.8246
85.8261
85.8267
85.8274
85.8274
85.8287
85.8324
85.8346
85.8355
85.8372
85.8395
85.8399
85.8436
85.849
85.8562
85.8565
85.8579
85.8583
85.8648
85.8741
85.8765
85.8765
85.8769
85.8771
85.8822
85.8827
85.8842
85.8854
85.888
85.8948
85.8954
85.8954
85.8995
85.9045
85.9116
85.9137
85.9138
85.9161
85.9213
85.9274
85.9287
85.9295
85.9345
85.9387
85.94
85.9418
85.9441
85.9484
85.9491
85.9543
85.9579
85.9585
85.9592
85.9665
85.9702
85.9709
85.9724
85.9738
85.9747
85.976
85.9784
85.9833
85.9837
85.9858
85.9891
85.9899
85.9906
85.9907
85.9929
85.9955
85.9981
85.9996
86
86.0006
86.0047
86.0052
86.0093
86.0093
86.0102
86.0147
86.0148
86.0172
86.0292
86.0321
86.0345
86.0393
86.0431
86.045
86.0478
86.0482
86.0483
86.0514
86.0516
86.0531
86.0558
86.0564
86.0578
86.0602
86.0622
86.0626
86.0632
86.0643
86.065
86.0652
86.0658
86.0677
86.0691
86.0701
86.0749
86.0781
86.08
86.0804
86.0807
86.082
86.0823
86.085
86.0866
86.0872
86.0889
86.0935
86.0984
86.0992
86.1027
86.1028
86.1062
86.1076
86.113
86.1132
86.1145
86.1162
86.1167
86.1172
86.1181
86.1241
86.1245
86.1256
86.1284
86.1288
86.1295
86.1317
86.1326
86.1326
86.133
86.1332
86.1348
86.1365
86.1391
86.1426
86.145
86.1459
86.1469
86.1477
86.1496
86.1506
86.1545
86.1548
86.1567
86.1574
86.1581
86.1665
86.1685
86.1727
86.1752
86.176
86.1764
86.1773
86.1781
86.179
86.1816
86.1827
86.1835
86.1865
86.1885
86.1925
86.1971
86.1997
86.203
86.2038
86.2076
86.2099
86.2123
86.2146
86.2216
86.2247
86.2277
86.2292
86.231
86.2334
86.2346
86.2355
86.2388
86.2394
86.2399
86.2403
86.2432
86.2433
86.2471
86.249
86.2501
86.2506
86.2514
86.2536
86.2545
86.2553
86.2583
86.2605
86.2612
86.2625
86.2666
86.2678
86.2732
86.2766
86.2851
86.2945
86.2968
86.3011
86.3031
86.3043
86.3064
86.3075
86.3076
86.3079
86.3094
86.3135
86.3152
86.32
86.32
86.3206
86.3209
86.3227
86.3231
86.3261
86.3278
86.3283
86.3295
86.3309
86.3324
86.3356
86.338
86.3409
86.3421
86.343
86.3431
86.3462
86.3513
86.3519
86.3543
86.3591
86.3612
86.3618
86.3625
86.3628
86.3649
86.3671
86.3677
86.3681
86.3722
86.3757
86.3815
86.3816
86.3831
86.384
86.3847
86.3848
86.3925
86.3957
86.3997
86.4004
86.4052
86.4065
86.4084
86.409
86.4097
86.4104
86.416
86.4166
86.4173
86.4188
86.4195
86.4197
86.422
86.4242
86.4269
86.4286
86.4297
86.4311
86.432
86.4361
86.4364
86.4414
86.4416
86.444
86.4444
86.4449
86.447
86.4483
86.4545
86.4557
86.4563
86.4586
86.4618
86.4647
86.468
86.4759
86.4761
86.4766
86.481
86.4839
86.4882
86.4912
86.4924
86.4935
86.4944
86.4973
86.5008
86.5035
86.5073
86.5087
86.5088
86.5095
86.519
86.5196
86.5225
86.5231
86.5239
86.5253
86.5288
86.5381
86.5392
86.542
86.5442
86.5483
86.5528
86.5529
86.5531
86.557
86.5628
86.5628
86.5656
86.5717
86.5733
86.5737
86.574
86.575
86.5759
86.5768
86.5768
86.5768
86.5793
86.581
86.5828
86.5833
86.5875
86.5892
86.5893
86.5911
86.5921
86.5992
86.6025
86.6032
86.607
86.6092
86.6094
86.6115
86.6118
86.6138
86.6142
86.6176
86.6197
86.6202
86.6207
86.6231
86.6256
86.6265
86.6276
86.6355
86.638
86.6424
86.6436
86.6456
86.6465
86.6477
86.6503
86.6508
86.6527
86.6529
86.6539
86.6558
86.6579
86.6584
86.6598
86.661
86.6621
86.6635
86.6638
86.664
86.6662
86.6701
86.6709
86.6718
86.6723
86.6727
86.6739
86.6749
86.675
86.6788
86.6797
86.6824
86.6831
86.6842
86.6853
86.6872
86.6901
86.6948
86.6957
86.6996
86.7029
86.7033
86.7056
86.7058
86.7086
86.7091
86.7093
86.712
86.7155
86.7175
86.719
86.7193
86.7219
86.7225
86.7277
86.7293
86.7365
86.7373
86.7378
86.7401
86.7424
86.7441
86.7472
86.748
86.7504
86.7519
86.753
86.7576
86.7609
86.7615
86.7617
86.762
86.7635
86.765
86.7659
86.771
86.7745
86.7749
86.7775
86.7786
86.7811
86.7821
86.7862
86.7871
86.7879
86.7884
86.7945
86.7952
86.797
86.8
86.8003
86.8018
86.8028
86.8035
86.8047
86.8062
86.8062
86.8082
86.8112
86.8128
86.8167
86.8207
86.8234
86.8253
86.8287
86.8341
86.8436
86.845
86.8481
86.8489
86.8491
86.8516
86.8549
86.8558
86.8649
86.8685
86.87
86.8706
86.8732
86.8787
86.8815
86.8822
86.884
86.885
86.8909
86.8914
86.8933
86.8943
86.8974
86.9003
86.9065
86.9106
86.9113
86.9113
86.9117
86.9134
86.9147
86.9154
86.9266
86.9303
86.9367
86.9389
86.9407
86.9411
86.9421
86.945
86.9473
86.9482
86.9486
86.9535
86.9567
86.9592
86.9641
86.9679
86.9697
86.9707
86.9724
86.9729
86.9736
86.9785
86.9789
86.9833
86.9848
86.9864
86.9887
86.9892
86.9895
86.99
86.9905
86.9919
86.9925
86.995
86.9977
87.0008
87.0017
87.0023
87.0029
87.0041
87.0047
87.0052
87.0074
87.0091
87.0143
87.0143
87.0177
87.0197
87.0201
87.0209
87.0217
87.0239
87.0241
87.0247
87.0263
87.0271
87.0303
87.0323
87.0344
87.0363
87.0382
87.0386
87.0403
87.0426
87.0444
87.0471
87.0482
87.0535
87.0535
87.0542
87.0548
87.0603
87.0613
87.0633
87.0649
87.0658
87.0693
87.074
87.0786
87.0788
87.087
87.0871
87.0876
87.0904
87.0912
87.0942
87.0951
87.0965
87.0978
87.0993
87.1034
87.1105
87.1135
87.1153
87.1194
87.12
87.1278
87.1291
87.1302
87.1312
87.1318
87.1381
87.1383
87.1402
87.141
87.1429
87.1471
87.1474
87.1502
87.1502
87.1507
87.1576
87.1592
87.1592
87.1595
87.1628
87.1652
87.1662
87.1688
87.17
87.1706
87.1712
87.1738
87.1748
87.175
87.1785
87.1817
87.1863
87.1864
87.1878
87.1919
87.1933
87.1945
87.1966
87.197
87.1973
87.1974
87.1992
87.2009
87.2041
87.2062
87.2091
87.2125
87.217
87.2314
87.237
87.2388
87.2393
87.2407
87.2423
87.2441
87.2449
87.247
87.2493
87.2499
87.2512
87.2541
87.2595
87.2608
87.261
87.2683
87.2698
87.27
87.2701
87.2749
87.2929
87.2946
87.2958
87.2969
87.3039
87.305
87.3061
87.3067
87.3083
87.3097
87.3108
87.3119
87.3197
87.3249
87.3296
87.3316
87.3371
87.3392
87.3435
87.3443
87.3471
87.3603
87.3613
87.3617
87.3691
87.3702
87.3795
87.3799
87.3817
87.3877
87.3881
87.3913
87.3935
87.3939
87.3947
87.3992
87.4047
87.4048
87.4052
87.4057
87.4058
87.4075
87.4093
87.4119
87.413
87.4134
87.414
87.414
87.4188
87.4219
87.4271
87.4349
87.4378
87.4384
87.4405
87.4407
87.4458
87.4464
87.4474
87.4549
87.4588
87.4593
87.4675
87.4686
87.4703
87.4718
87.4749
87.4768
87.478
87.4785
87.4812
87.4846
87.4847
87.4882
87.4898
87.4907
87.4933
87.4946
87.4955
87.4971
87.5025
87.5043
87.5079
87.5087
87.5101
87.5136
87.5147
87.5182
87.5182
87.5196
87.5249
87.5313
87.5324
87.5479
87.5503
87.5525
87.5556
87.5563
87.5564
87.5586
87.5596
87.5617
87.5707
87.5726
87.5753
87.5793
87.5799
87.5801
87.5834
87.5836
87.5839
87.588
87.5932
87.5964
87.5965
87.5986
87.5988
87.5996
87.6043
87.6054
87.6071
87.6104
87.6109
87.611
87.6175
87.6206
87.6221
87.6222
87.6227
87.6244
87.6244
87.6291
87.6294
87.6302
87.6345
87.6374
87.6398
87.6398
87.6441
87.6454
87.648
87.6492
87.6505
87.6512
87.6521
87.6524
87.6537
87.6538
87.6547
87.6571
87.6594
87.6643
87.6665
87.6702
87.6731
87.6784
87.6796
87.6798
87.6811
87.687
87.6889
87.6911
87.694
87.6995
87.7024
87.7056
87.7122
87.7142
87.7175
87.7186
87.7199
87.7202
87.722
87.722
87.7226
87.7306
87.7306
87.7307
87.7337
87.7337
87.7351
87.7467
87.7473
87.7497
87.7503
87.7509
87.7531
87.7539
87.7545
87.7548
87.7568
87.7601
87.7634
87.7661
87.7693
87.7703
87.7818
87.7825
87.7861
87.7906
87.791
87.7947
87.8014
87.8023
87.8036
87.8084
87.8104
87.8104
87.8125
87.8145
87.815
87.8216
87.8218
87.8286
87.8305
87.8339
87.8426
87.846
87.8479
87.8483
87.8585
87.8602
87.8616
87.8628
87.8655
87.8662
87.8664
87.8682
87.8692
87.8727
87.8778
87.8829
87.8832
87.8836
87.8886
87.8888
87.8931
87.8951
87.9012
87.9012
87.9033
87.9048
87.9061
87.9091
87.9103
87.9106
87.9154
87.9224
87.9228
87.9236
87.9269
87.9282
87.9315
87.9337
87.9357
87.9429
87.9454
87.9524
87.954
87.9563
87.9568
87.9581
87.9599
87.9631
87.9633
87.9672
87.9679
87.9709
87.9781
87.9887
87.9888
87.9934
87.9938
87.9971
87.9989
88.0001
88.0026
88.0034
88.0059
88.0067
88.0072
88.0121
88.0125
88.014
88.0147
88.0151
88.0167
88.0242
88.027
88.0276
88.0295
88.0307
88.0324
88.0384
88.0407
88.0413
88.0427
88.0482
88.0526
88.0539
88.0633
88.0675
88.0681
88.0684
88.0697
88.0719
88.079
88.0827
88.0859
88.0869
88.0882
88.0882
88.0907
88.0963
88.101
88.102
88.103
88.1072
88.1113
88.1208
88.1223
88.1253
88.1267
88.1274
88.1285
88.1318
88.134
88.1377
88.139
88.1407
88.1432
88.1486
88.1541
88.1567
88.1605
88.161
88.1636
88.1672
88.169
88.1705
88.171
88.1793
88.187
88.1886
88.1907
88.1917
88.1955
88.1975
88.2009
88.2047
88.2085
88.2126
88.2131
88.2144
88.2167
88.2178
88.2207
88.2229
88.2262
88.2271
88.2278
88.2296
88.2331
88.2401
88.2412
88.2442
88.2448
88.2489
88.2509
88.2544
88.2574
88.2607
88.2626
88.2642
88.2668
88.2682
88.2691
88.2726
88.2729
88.283
88.2901
88.2932
88.2973
88.3004
88.3025
88.3078
88.31
88.3101
88.3171
88.3188
88.3223
88.3226
88.3244
88.3304
88.3312
88.3341
88.3355
88.3358
88.3375
88.3377
88.3378
88.3413
88.3436
88.3486
88.3516
88.3591
88.3634
88.3762
88.3764
88.3771
88.3792
88.3814
88.3848
88.3859
88.3867
88.392
88.3932
88.3974
88.4038
88.4137
88.4165
88.4187
88.4228
88.424
88.4281
88.4401
88.4421
88.4425
88.4426
88.4433
88.4443
88.4455
88.4532
88.455
88.4557
88.4601
88.4743
88.479
88.4806
88.481
88.4873
88.4906
88.4928
88.4946
88.4952
88.4964
88.4994
88.5118
88.5163
88.5181
88.52
88.5207
88.5214
88.5284
88.5339
88.5443
88.55
88.5614
88.5676
88.5687
88.5732
88.5757
88.5762
88.5774
88.5801
88.5814
88.589
88.5924
88.6021
88.6025
88.6029
88.6054
88.6058
88.6241
88.6246
88.632
88.6356
88.6553
88.6569
88.6571
88.6576
88.6589
88.6594
88.6598
88.6616
88.6647
88.671
88.6763
88.677
88.6777
88.6787
88.6795
88.6833
88.6888
88.6949
88.6966
88.6973
88.7025
88.7031
88.7056
88.7094
88.7112
88.7152
88.7155
88.7167
88.7174
88.7196
88.7357
88.7377
88.7418
88.7564
88.759
88.7619
88.7711
88.7749
88.7768
88.7817
88.7824
88.7825
88.7857
88.7906
88.7985
88.8107
88.8263
88.8304
88.8306
88.8389
88.8411
88.8428
88.8482
88.8539
88.8664
88.8667
88.8692
88.8703
88.8725
88.8733
88.8813
88.8834
88.8864
88.8923
88.893
88.8935
88.8947
88.8984
88.8991
88.9007
88.902
88.9026
88.9052
88.9064
88.9177
88.9193
88.921
88.9234
88.9263
88.9267
88.9274
88.9309
88.9323
88.9393
88.9401
88.9407
88.9408
88.9438
88.9459
88.947
88.9501
88.9519
88.9544
88.9562
88.9616
88.9694
88.9862
88.9882
88.99
88.9981
89.0041
89.0046
89.005
89.0092
89.0123
89.0133
89.0135
89.0141
89.0167
89.0181
89.0283
89.0345
89.0393
89.0459
89.0487
89.0496
89.0501
89.0502
89.0538
89.0625
89.0642
89.0649
89.0756
89.0886
89.094
89.1004
89.1005
89.1028
89.1095
89.1197
89.1212
89.1353
89.1441
89.1454
89.1457
89.148
89.1604
89.1651
89.1652
89.1684
89.1731
89.1749
89.1848
89.1863
89.1956
89.2066
89.2115
89.2172
89.2201
89.2221
89.2264
89.2354
89.239
89.2441
89.245
89.2497
89.2555
89.257
89.2609
89.2648
89.2672
89.2675
89.2685
89.2697
89.27
89.2873
89.29
89.2931
89.2935
89.2976
89.3101
89.3117
89.3163
89.3202
89.3326
89.3363
89.3398
89.3406
89.3418
89.3488
89.358
89.361
89.3732
89.3761
89.3769
89.3824
89.3825
89.3867
89.3886
89.3992
89.4043
89.4066
89.4097
89.4098
89.4155
89.4235
89.4306
89.4326
89.4376
89.439
89.4411
89.4534
89.4575
89.4605
89.4636
89.4652
89.4677
89.4709
89.471
89.4716
89.4783
89.4884
89.4914
89.4934
89.4945
89.5003
89.5023
89.5145
89.5167
89.523
89.5266
89.5286
89.541
89.5484
89.55
89.5526
89.5583
89.5632
89.5638
89.5695
89.5716
89.5755
89.583
89.5865
89.6142
89.6317
89.6353
89.6459
89.6521
89.658
89.6677
89.6714
89.6843
89.6933
89.7003
89.7177
89.7345
89.7379
89.7452
89.746
89.7495
89.7528
89.7673
89.7704
89.7704
89.775
89.7767
89.7773
89.781
89.7896
89.7904
89.7939
89.7995
89.8181
89.8246
89.828
89.828
89.8318
89.8428
89.8443
89.8466
89.8497
89.8524
89.8537
89.8713
89.8722
89.8763
89.8774
89.8793
89.8908
89.895
89.8968
89.9034
89.9079
89.9113
89.9202
89.9296
89.9321
89.9363
89.941
89.942
89.9445
89.9534
89.9536
89.9695
89.9696
89.9793
89.9806
89.9983
89.9993
90.0003
90.0166
90.0195
90.0263
90.0538
90.0554
90.0745
90.0755
90.0782
90.0907
90.0914
90.0969
90.0969
90.1068
90.1129
90.1139
90.1158
90.1195
90.1202
90.1241
90.1292
90.1303
90.1313
90.1314
90.1378
90.1478
90.1584
90.1619
90.1715
90.1799
90.1851
90.1935
90.1971
90.1994
90.2054
90.2104
90.2234
90.2281
90.2328
90.233
90.2382
90.2543
90.263
90.2634
90.2684
90.2723
90.2863
90.2865
90.3129
90.3218
90.3285
90.3491
90.3497
90.3549
90.3645
90.3653
90.3659
90.3809
90.3829
90.3875
90.3895
90.3928
90.3936
90.3938
90.3962
90.3967
90.3979
90.4014
90.4183
90.4283
90.4301
90.4323
90.4411
90.442
90.4427
90.451
90.4526
90.4578
90.458
90.4607
90.4668
90.4682
90.4767
90.4803
90.4944
90.4992
90.5075
90.5191
90.5239
90.5398
90.5423
90.5431
90.5436
90.5493
90.5523
90.5647
90.5649
90.5824
90.5829
90.5884
90.5916
90.594
90.6073
90.6317
90.6473
90.6649
90.6683
90.6711
90.6796
90.6823
90.7172
90.7182
90.721
90.7262
90.7436
90.7524
90.7623
90.7631
90.7813
90.7866
90.7931
90.7949
90.8044
90.8086
90.8173
90.8242
90.8275
90.8297
90.831
90.8361
90.8401
90.8631
90.8718
90.8721
90.8811
90.8817
90.8856
90.8961
90.9009
90.9031
90.9271
90.9271
90.9324
90.9622
90.9684
90.9883
91.0189
91.039
91.0404
91.0414
91.0421
91.0579
91.0587
91.0704
91.0848
91.0981
91.1111
91.1182
91.1203
91.1288
91.1367
91.1393
91.1414
91.1415
91.1421
91.1468
91.1486
91.1509
91.1647
91.1682
91.1781
91.1821
91.1911
91.2056
91.2129
91.2164
91.2214
91.2251
91.2276
91.2298
91.2306
91.2456
91.2471
91.2487
91.2501
91.2504
91.2519
91.258
91.26
91.2614
91.2651
91.2802
91.284
91.2878
91.2883
91.2949
91.3058
91.3296
91.336
91.3394
91.3537
91.3768
91.3839
91.3917
91.4029
91.4128
91.4164
91.424
91.4408
91.4438
91.455
91.4761
91.4778
91.4847
91.4851
91.4913
91.4939
91.4959
91.4972
91.5057
91.5172
91.522
91.5281
91.5283
91.5321
91.5403
91.5483
91.5514
91.5648
91.5689
91.5761
91.5767
91.5786
91.581
91.5833
91.5885
91.594
91.6054
91.6317
91.6388
91.648
91.6609
91.6669
91.6784
91.6806
91.7043
91.7158
91.7418
91.7442
91.7467
91.764
91.7659
91.7684
91.7913
91.8346
91.8673
91.8834
91.8914
91.9087
91.9243
91.9291
91.9294
91.9317
91.952
91.9591
91.9919
91.9972
92.0208
92.0248
92.0383
92.0535
92.0653
92.093
92.0952
92.1147
92.1176
92.125
92.1312
92.1448
92.1501
92.1709
92.1809
92.1953
92.1984
92.2234
92.2287
92.2293
92.2335
92.2447
92.2536
92.2801
92.3029
92.303
92.3593
92.3981
92.4019
92.4119
92.4158
92.4192
92.4239
92.4296
92.4483
92.4819
92.5003
92.5081
92.5183
92.5523
92.5617
92.5641
92.5901
92.5942
92.5951
92.6226
92.6232
92.6312
92.6402
92.667
92.6893
92.7119
92.7444
92.746
92.7538
92.758
92.7672
92.7675
92.7699
92.7868
92.7899
92.7951
92.8122
92.8315
92.8432
92.8517
92.8989
92.912
92.9222
92.9252
92.9464
92.9813
92.988
92.9962
93.038
93.047
93.0479
93.0581
93.0593
93.0652
93.0693
93.0711
93.0929
93.1149
93.1333
93.1626
93.1851
93.1886
93.1897
93.2035
93.2065
93.2307
93.2469
93.2575
93.2839
93.2959
93.302
93.3074
93.315
93.323
93.3393
93.3473
93.3497
93.3725
93.4061
93.4155
93.4393
93.4502
93.4815
93.5075
93.5205
93.5292
93.5301
93.5307
93.5315
93.5455
93.5861
93.5917
93.621
93.6236
93.6276
93.6451
93.6486
93.6538
93.6552
93.6796
93.6834
93.7178
93.7207
93.7216
93.7249
93.7291
93.7308
93.7527
93.7633
93.7725
93.7817
93.7902
93.8662
93.8676
93.8882
93.921
93.9406
93.9485
93.963
93.9714
93.973
93.9794
93.9939
94.0128
94.0319
94.0404
94.0467
94.0519
94.1118
94.1332
94.1335
94.1402
94.1409
94.1568
94.1643
94.1768
94.1833
94.225
94.2419
94.2787
94.2962
94.3241
94.3382
94.3414
94.3969
94.4098
94.4364
94.5407
94.5452
94.5592
94.5943
94.6229
94.6234
94.6432
94.6441
94.6526
94.6591
94.6991
94.7071
94.7189
94.7494
94.7792
94.8268
94.8297
94.8481
94.8584
94.8728
94.881
94.9075
94.9201
94.9546
94.9816
95.0054
95.0114
95.0131
95.0161
95.0167
95.1278
95.1301
95.188
95.1926
95.2237
95.2898
95.4029
95.4403
95.4626
95.5086
95.5189
95.6369
95.6373
95.6429
95.7401
95.7508
95.8084
95.8369
95.8416
95.867
95.8802
95.883
95.9049
95.9113
95.9136
95.9156
95.9296
95.994
95.996
96.0315
96.0588
96.0835
96.0888
96.1001
96.1071
96.1107
96.1111
96.1143
96.1168
96.1363
96.1437
96.1756
96.2185
96.2596
96.3433
96.3551
96.3965
96.4035
96.4176
96.4377
96.5
96.513
96.5171
96.5683
96.582
96.6063
96.6183
96.6566
96.667
96.6679
96.6996
96.7956
96.7958
96.7987
96.8631
96.9037
96.9711
97.0516
97.098
97.1057
97.1461
97.1543
97.2254
97.2919
97.3243
97.3436
97.3906
97.5121
97.5176
97.5824
97.5951
97.6159
97.6257
97.6342
97.651
97.6813
97.7161
97.7267
97.8322
97.8407
97.8856
97.9111
97.9463
98.0024
98.0418
98.0522
98.0681
98.0817
98.1253
98.2091
98.2164
98.2389
98.2493
98.254
98.257
98.3562
98.3584
98.3924
98.3971
98.4654
98.519
98.6164
98.6236
98.6747
98.6882
98.6887
98.6887
98.8774
98.9937
98.9955
99.0368
99.113
99.1631
99.188
99.2034
99.2141
99.2141
99.2726
99.3541
99.3994
99.4206
99.4458
99.4699
99.5542
99.6808
99.6918
99.698
99.9231
99.9913
99.9961
100.015
100.029
100.185
100.197
100.324
100.341
100.384
100.486
100.492
100.547
100.59
100.6
100.627
100.641
100.869
100.87
100.945
100.956
100.982
101.077
101.2
101.329
101.403
101.407
101.565
101.704
101.734
101.85
101.854
102.241
102.38
102.417
102.468
102.58
102.712
102.737
102.753
102.794
103.208
103.294
103.315
103.396
103.485
103.622
103.623
103.624
103.868
103.92
103.921
104.416
104.567
104.642
104.651
104.71
105.232
105.371
105.374
105.517
105.61
105.649
105.651
106.003
106.07
106.141
106.416
106.535
106.665
106.974
107.223
107.253
107.327
107.382
107.563
107.812
107.876
107.887
108.418
108.443
108.717
108.778
109.128
109.142
109.174
109.367
109.94
110.358
110.498
110.727
169.45
175.083
175.159
179.266
181.379
186.747
