75.7176
75.9365
75.9825
76.3151
76.3831
76.3833
76.7218
76.76
76.8487
76.8674
76.8761
76.8983
76.9214
76.9503
77.0174
77.0246
77.0591
77.0702
77.0782
77.082
77.1618
77.222
77.2365
77.2372
77.2856
77.2897
77.3521
77.4011
77.4118
77.423
77.4313
77.4442
77.4657
77.4839
77.4867
77.4935
77.5007
77.5045
77.506
77.5259
77.6159
77.6227
77.6613
77.7123
77.7141
77.7391
77.754
77.758
77.7628
77.7721
77.7772
77.7789
77.7976
77.7999
77.8125
77.8364
77.8375
77.8938
77.9031
77.9078
77.9202
77.9483
77.9565
77.9579
77.9865
78.0253
78.0421
78.0668
78.0863
78.1216
78.1238
78.1781
78.1851
78.1914
78.2072
78.2139
78.2184
78.23
78.2405
78.2525
78.2528
78.3049
78.3198
78.3233
78.3265
78.3275
78.3344
78.343
78.3511
78.3632
78.3661
78.3758
78.3868
78.3946
78.4207
78.4212
78.4271
78.4278
78.4466
78.4678
78.4722
78.4777
78.488
78.4918
78.4935
78.5021
78.5033
78.533
78.5337
78.5567
78.5614
78.5618
78.5732
78.5744
78.5868
78.6156
78.6177
78.6186
78.6306
78.6459
78.6467
78.6504
78.6742
78.6769
78.6835
78.7007
78.7081
78.7124
78.7167
78.723
78.7419
78.7428
78.755
78.777
78.7799
78.7808
78.7914
78.7923
78.7933
78.8021
78.808
78.8216
78.8487
78.851
78.8735
78.874
78.8748
78.8895
78.8929
78.8934
78.8965
78.9005
78.91
78.9212
78.9324
78.9366
78.9395
78.9503
78.9525
78.958
78.9607
78.9729
78.9749
78.9897
78.9967
79.0036
79.0043
79.0052
79.0056
79.0293
79.0372
79.0374
79.0489
79.0539
79.0739
79.0756
79.0819
79.0856
79.0904
79.1243
79.133
79.1332
79.1446
79.1503
79.1524
79.1526
79.156
79.1646
79.165
79.1811
79.1838
79.1914
79.2005
79.2051
79.2162
79.2249
79.2317
79.2445
79.2535
79.2653
79.2675
79.293
79.3002
79.3003
79.3129
79.3181
79.3221
79.3228
79.3236
79.3262
79.3507
79.3633
79.373
79.374
79.3753
79.3811
79.3866
79.3995
79.4111
79.4131
79.4175
79.433
79.4373
79.4493
79.4542
79.4589
79.4699
79.4766
79.4961
79.5046
79.5256
79.5268
79.535
79.5387
79.5423
79.543
79.5462
79.556
79.5687
79.5864
79.5878
79.6063
79.6123
79.6186
79.6245
79.6308
79.6318
79.6383
79.6456
79.6586
79.6661
79.678
79.682
79.6925
79.7013
79.7112
79.7165
79.7325
79.735
79.7386
79.7424
79.7435
79.7477
79.7609
79.7627
79.7789
79.7866
79.8021
79.8153
79.8229
79.8229
79.8243
79.8277
79.8317
79.8376
79.8396
79.8418
79.853
79.8551
79.8605
79.8687
79.886
79.8932
79.8935
79.9067
79.9086
79.9121
79.9141
79.9268
79.9301
79.9369
79.9444
79.9529
79.9548
79.9578
79.9713
80.0099
80.0304
80.0305
80.0367
80.0449
80.0508
80.0537
80.0625
80.0632
80.0635
80.064
80.0676
80.076
80.0768
80.0817
80.0918
80.0941
80.1104
80.1222
80.1373
80.1385
80.1479
80.1598
80.1608
80.1725
80.1914
80.1916
80.1956
80.2019
80.2045
80.2049
80.2161
80.2173
80.2214
80.2297
80.239
80.2414
80.2418
80.2456
80.2463
80.2562
80.2669
80.2686
80.2734
80.28
80.2807
80.2933
80.3031
80.3034
80.3119
80.3224
80.3291
80.3335
80.3462
80.3613
80.3663
80.3731
80.3745
80.3841
80.3869
80.3975
80.4002
80.4038
80.4133
80.4135
80.4167
80.4167
80.4366
80.4379
80.443
80.447
80.4804
80.4849
80.4917
80.4971
80.5069
80.5078
80.5106
80.5178
80.5292
80.5362
80.5383
80.5516
80.5619
80.5712
80.5793
80.5919
80.593
80.6007
80.6014
80.6186
80.6267
80.6314
80.6378
80.6447
80.6599
80.6668
80.6679
80.6762
80.6789
80.6897
80.6983
80.7028
80.7182
80.7312
80.7378
80.7504
80.7624
80.7671
80.7677
80.7688
80.7779
80.7809
80.7817
80.7817
80.7819
80.7835
80.7913
80.7983
80.8071
80.8159
80.8183
80.8307
80.8368
80.8453
80.8708
80.8723
80.8728
80.8737
80.8783
80.8925
80.9139
80.9192
80.9302
80.9311
80.9354
80.9376
80.9393
80.9426
80.9459
80.9531
80.9543
80.9605
80.9619
80.9632
80.9741
80.9754
80.9792
80.9818
80.9839
80.9876
80.9902
81.0103
81.0191
81.0223
81.0261
81.0269
81.0654
81.0716
81.0808
81.0963
81.0993
81.1084
81.1154
81.1297
81.1431
81.154
81.1579
81.1754
81.183
81.1859
81.2144
81.2565
81.2575
81.2966
81.3019
81.3051
81.3111
81.3461
81.3494
81.3529
81.3789
81.388
81.3954
81.3995
81.4009
81.4055
81.4481
81.4648
81.4717
81.4779
81.4793
81.5012
81.5065
81.5247
81.5288
81.5363
81.5441
81.5483
81.554
81.5552
81.5569
81.5625
81.569
81.5879
81.5932
81.5967
81.5983
81.607
81.6128
81.6179
81.6206
81.6517
81.6587
81.671
81.6775
81.7082
81.7086
81.7121
81.7162
81.7212
81.7384
81.746
81.7523
81.7545
81.7642
81.7677
81.7708
81.7798
81.7918
81.813
81.8195
81.8229
81.8238
81.8526
81.8623
81.8775
81.9052
81.9056
81.9166
81.9384
81.9441
81.9504
81.9724
81.977
81.9928
81.9933
82.0046
82.0366
82.0528
82.0594
82.0695
82.0785
82.0886
82.1228
82.138
82.1589
82.1766
82.1873
82.1936
82.1947
82.2237
82.2341
82.2406
82.2454
82.2648
82.2734
82.2831
82.2916
82.3032
82.307
82.3529
82.353
82.3539
82.3541
82.3662
82.398
82.4048
82.4086
82.4154
82.4228
82.4384
82.4692
82.4786
82.4859
82.4877
82.5055
82.5175
82.5203
82.5253
82.5464
82.5576
82.5594
82.5649
82.5871
82.5896
82.6071
82.614
82.6175
82.6226
82.6348
82.6502
82.6515
82.6749
82.676
82.6841
82.6851
82.6944
82.7116
82.7419
82.7521
82.7528
82.7695
82.775
82.7964
82.8024
82.8061
82.813
82.8177
82.8572
82.8748
82.8791
82.8871
82.8947
82.9092
82.9252
82.946
82.9509
82.9557
82.9754
83.0435
83.0513
83.0648
83.0856
83.0939
83.0976
83.1376
83.1483
83.1558
83.1565
83.1693
83.1751
83.2218
83.2447
83.2473
83.2821
83.361
83.3654
83.372
83.4388
83.4816
83.5086
83.5395
83.5582
83.5621
83.6093
83.6381
83.6437
83.6514
83.6545
83.6625
83.6655
83.6661
83.6705
83.6842
83.6888
83.7195
83.7525
83.7711
83.7736
83.7965
83.813
83.8188
83.8196
83.8222
83.8239
83.9665
84.0237
84.0365
84.0455
84.0624
84.1177
84.1319
84.1377
84.1874
84.2065
84.2467
84.3009
84.3026
84.3058
84.3196
84.3271
84.3941
84.4172
84.4173
84.4238
84.449
84.4592
84.4678
84.4812
84.5556
84.5625
84.6341
84.6573
84.6599
84.733
84.8268
84.8293
84.8332
84.8536
84.8809
84.8835
85.0523
85.0694
85.1693
85.1812
85.184
85.2287
85.2486
85.2733
85.278
85.3466
85.4212
85.4218
85.4901
85.5552
85.5656
85.5784
85.6107
85.632
85.6384
85.6591
85.6725
85.6941
85.7751
85.7779
85.7819
85.8528
85.8886
85.9791
86.0029
86.0469
86.0869
86.1174
86.132
86.1685
86.2205
86.2266
86.2318
86.3108
86.3245
86.3683
86.4203
86.4344
86.4841
86.5227
86.5654
86.6004
86.6545
86.667
86.7147
86.7192
86.7414
86.7789
86.8053
86.8525
86.9291
86.9472
86.9572
87.0339
87.0539
87.1012
87.3863
87.444
87.4685
87.494
87.5221
87.6121
87.6132
87.6437
87.6527
87.7759
87.7886
87.8092
87.9078
88.0246
88.0386
88.156
88.2389
88.2819
88.288
88.2984
88.333
88.3812
88.4039
88.5641
88.5979
88.6325
88.6826
88.9817
89.053
89.0713
89.1825
89.2191
89.2555
89.263
89.3393
89.3486
89.3576
89.4006
89.6212
89.9186
89.9317
90.1367
90.1497
90.2116
90.2214
90.2416
90.3708
90.3903
90.4385
90.4822
90.9279
90.9779
91.2303
91.6469
91.8408
91.9553
92.1616
92.4064
92.4626
92.5148
92.7273
93.2024
93.3122
93.333
93.3974
93.4817
93.8397
94.3616
94.4756
95.0475
95.8762
95.9131
95.9889
96.4007
96.4984
96.931
97.0442
97.082
97.1543
97.2816
97.4876
97.5365
97.7034
98.0247
98.0472
98.2049
98.7922
99.1835
99.2733
99.5445
99.8191
99.949
100.548
101.771
102.607
102.928
103.877
157.459
161.01
