74.0673
74.388
74.6364
74.7155
75.1233
75.3951
75.451
75.5127
75.5341
75.7276
75.7848
75.792
75.9787
75.9967
76.0548
76.0881
76.1515
76.1783
76.2305
76.2679
76.3055
76.3728
76.4181
76.5869
76.6219
76.6672
76.689
76.762
76.7665
76.8074
76.8481
76.8777
76.9492
76.956
76.99
76.9951
77.0325
77.0803
77.2264
77.2712
77.3039
77.3359
77.3476
77.3679
77.3963
77.4038
77.4154
77.4949
77.4973
77.518
77.5411
77.5964
77.7008
77.7419
77.7556
77.7642
77.8135
77.8512
77.917
78.2043
78.353
78.3699
78.3788
78.4232
78.4251
78.5148
78.5276
78.5449
78.5818
78.6943
78.7059
78.7878
78.7932
78.8505
78.926
78.9841
79.0127
79.0385
79.0452
79.1016
79.1661
79.1855
79.2107
79.3627
79.5013
79.504
79.5093
79.5557
79.5779
79.619
79.6222
79.7082
79.7826
79.8195
80.1129
80.1242
80.1272
80.1293
80.1731
80.1756
80.1941
80.3768
80.4225
80.4473
80.5591
80.6225
80.6732
80.8135
80.848
80.9907
81.023
81.1568
81.2735
81.554
81.5589
81.6358
81.7346
81.7609
81.9945
82.0413
82.1158
82.1512
82.1975
82.2537
82.26
82.2882
82.497
82.8713
82.9986
83.7192
85.1272
85.1889
85.4174
85.7536
86.4301
86.7064
88.4227
88.579
88.7488
90.7823
90.8381
91.8766
92.8781
93.4815
102.177
102.927
102.943
283.581
284.387
286.305
