81.3798
81.4699
81.6359
81.6962
81.759
81.7913
81.7963
81.8644
81.9538
82.0087
82.0169
82.0723
82.0739
82.1097
82.1482
82.1692
82.1705
82.2576
82.2899
82.3079
82.3256
82.3277
82.3452
82.3533
82.4027
82.4071
82.4099
82.4179
82.4379
82.4491
82.4699
82.4792
82.4837
82.4844
82.4872
82.4892
82.4924
82.498
82.5008
82.5026
82.5067
82.5113
82.564
82.5788
82.5954
82.5972
82.5986
82.6175
82.6269
82.6486
82.6489
82.673
82.6808
82.6843
82.6887
82.7064
82.7112
82.7289
82.7504
82.7568
82.7702
82.8015
82.8094
82.81
82.8354
82.8474
82.8547
82.8577
82.8669
82.8756
82.8813
82.8817
82.8959
82.8993
82.9146
82.9158
82.9322
82.9325
82.9379
82.9432
82.9465
82.9548
82.9583
82.9623
82.9754
82.9789
82.9798
82.9889
82.9916
82.9945
82.9962
82.9987
82.9997
83.0088
83.0161
83.0236
83.0278
83.034
83.0468
83.0483
83.0486
83.0576
83.0585
83.0607
83.0613
83.0672
83.0674
83.0818
83.0855
83.0865
83.0909
83.0915
83.0978
83.1028
83.1069
83.1074
83.1108
83.1131
83.1185
83.1229
83.1338
83.14
83.1484
83.1488
83.1749
83.1784
83.1812
83.1901
83.1908
83.1908
83.1913
83.1928
83.1943
83.2038
83.2053
83.21
83.2151
83.2159
83.2312
83.2355
83.2391
83.2422
83.2423
83.2435
83.2453
83.2455
83.2457
83.2492
83.2503
83.2524
83.253
83.2549
83.2549
83.2572
83.2632
83.265
83.2672
83.2677
83.2734
83.2786
83.2789
83.2798
83.2821
83.2846
83.2857
83.2931
83.3
83.3021
83.3039
83.3039
83.309
83.3164
83.3171
83.3186
83.3224
83.3232
83.3262
83.3263
83.3266
83.3271
83.3279
83.3334
83.3383
83.342
83.3513
83.3544
83.3592
83.3652
83.3664
83.3721
83.3727
83.3728
83.3764
83.3786
83.3806
83.3893
83.3921
83.3964
83.3998
83.4028
83.417
83.424
83.4272
83.4277
83.4361
83.4436
83.4606
83.4606
83.4653
83.467
83.4743
83.4801
83.4813
83.4819
83.4877
83.4906
83.4962
83.4986
83.4996
83.5007
83.521
83.5223
83.5253
83.5257
83.5278
83.5296
83.5301
83.5306
83.5328
83.5334
83.5365
83.5373
83.5373
83.5383
83.5447
83.545
83.5487
83.5487
83.5503
83.5521
83.5581
83.5588
83.5592
83.5617
83.5657
83.5692
83.5718
83.5738
83.5753
83.5831
83.584
83.5851
83.5867
83.5886
83.5957
83.5984
83.6064
83.6114
83.6119
83.6122
83.613
83.6143
83.6179
83.6239
83.6242
83.6267
83.6312
83.633
83.6335
83.6423
83.6426
83.6452
83.6491
83.6523
83.6526
83.6606
83.6669
83.6736
83.6804
83.6805
83.6844
83.6856
83.6874
83.6879
83.689
83.6898
83.6903
83.6944
83.6975
83.6987
83.699
83.7021
83.7082
83.7106
83.7176
83.7196
83.7303
83.7308
83.7384
83.7417
83.7422
83.7439
83.7445
83.7494
83.7547
83.7549
83.7572
83.76
83.7611
83.7666
83.7713
83.7722
83.7722
83.7744
83.7746
83.7753
83.7769
83.7771
83.7803
83.7817
83.7896
83.7927
83.7965
83.7967
83.7987
83.8024
83.8044
83.8047
83.8051
83.8068
83.8102
83.8125
83.8167
83.8175
83.8209
83.8227
83.8241
83.8247
83.8251
83.8256
83.8264
83.8291
83.8343
83.8385
83.8403
83.8416
83.8442
83.8467
83.8472
83.8508
83.8526
83.8544
83.863
83.8649
83.8679
83.8687
83.8689
83.8696
83.8703
83.8711
83.8752
83.8767
83.8774
83.8777
83.8792
83.8826
83.8835
83.885
83.8853
83.8857
83.8859
83.8894
83.8991
83.8992
83.8999
83.902
83.9053
83.9063
83.9129
83.9161
83.9177
83.9245
83.9268
83.9343
83.9353
83.9382
83.9392
83.9393
83.9418
83.9422
83.943
83.9506
83.9581
83.9591
83.9615
83.9641
83.9644
83.968
83.968
83.9696
83.9698
83.9703
83.9737
83.9762
83.9778
83.9824
83.9837
83.9857
83.9862
83.9885
83.9886
83.9895
83.9904
83.9916
83.9929
83.9934
83.9935
83.9943
83.9966
83.9967
84.0015
84.0056
84.0064
84.0125
84.0137
84.0148
84.0151
84.0154
84.0161
84.0192
84.0206
84.0216
84.0221
84.0236
84.0239
84.0258
84.0259
84.0262
84.0275
84.0277
84.0279
84.0318
84.0334
84.0351
84.0361
84.037
84.039
84.0391
84.0393
84.04
84.0422
84.0425
84.0426
84.044
84.0459
84.0468
84.0469
84.0505
84.0566
84.0571
84.059
84.0591
84.0609
84.0621
84.0629
84.0637
84.065
84.067
84.0689
84.0698
84.0718
84.0721
84.0727
84.0731
84.0776
84.0801
84.0827
84.094
84.1012
84.1031
84.1046
84.1047
84.1048
84.1102
84.1127
84.1181
84.1183
84.1209
84.1214
84.1252
84.126
84.1278
84.1336
84.148
84.1523
84.1545
84.1562
84.1597
84.161
84.1621
84.1633
84.1639
84.1641
84.1668
84.1689
84.1716
84.1726
84.1759
84.1773
84.178
84.1786
84.1794
84.1859
84.1864
84.1868
84.1893
84.1894
84.1903
84.1919
84.1974
84.1997
84.2027
84.2032
84.2056
84.2067
84.2091
84.2155
84.2174
84.2217
84.2218
84.2249
84.2249
84.2272
84.2277
84.2312
84.2343
84.2367
84.2369
84.2407
84.2409
84.2435
84.2456
84.2459
84.2462
84.2473
84.2492
84.2521
84.2559
84.259
84.2592
84.2613
84.2664
84.2669
84.269
84.272
84.2725
84.2741
84.2742
84.2752
84.2835
84.2868
84.2877
84.2894
84.29
84.2902
84.2902
84.2936
84.2946
84.302
84.3031
84.3042
84.3063
84.3069
84.3077
84.3111
84.3126
84.3129
84.3153
84.3167
84.3259
84.3277
84.3319
84.3321
84.3343
84.3347
84.3358
84.336
84.3364
84.338
84.3399
84.3423
84.3436
84.3443
84.3444
84.3444
84.3456
84.3502
84.3505
84.354
84.3543
84.3555
84.3562
84.3579
84.3626
84.3636
84.3646
84.3648
84.3653
84.3655
84.3667
84.3699
84.374
84.3772
84.3784
84.38
84.3828
84.383
84.3843
84.385
84.3878
84.3883
84.3889
84.3906
84.3914
84.392
84.3942
84.3957
84.396
84.3968
84.398
84.3981
84.3989
84.4001
84.4043
84.4052
84.4073
84.4075
84.4085
84.4121
84.4134
84.4168
84.4171
84.4194
84.4202
84.423
84.4243
84.4255
84.4257
84.4284
84.4311
84.4317
84.4332
84.4334
84.4341
84.4346
84.4421
84.4426
84.4447
84.4482
84.4484
84.4519
84.4543
84.4574
84.4589
84.4599
84.4609
84.4631
84.4636
84.4662
84.4689
84.4705
84.4729
84.4731
84.4745
84.4765
84.4816
84.4824
84.484
84.4923
84.4924
84.4943
84.4949
84.4978
84.4979
84.5004
84.5038
84.504
84.5088
84.5103
84.5138
84.5151
84.5192
84.5194
84.5228
84.5246
84.5266
84.5266
84.527
84.5284
84.5304
84.5312
84.5316
84.5316
84.537
84.5377
84.5425
84.5469
84.5524
84.5546
84.5587
84.5604
84.5639
84.5656
84.5658
84.567
84.5691
84.5712
84.5724
84.5728
84.5755
84.5766
84.5773
84.5777
84.5782
84.5822
84.5851
84.5861
84.5889
84.5892
84.5896
84.5898
84.5944
84.595
84.5951
84.5998
84.5998
84.6022
84.6026
84.603
84.6032
84.6085
84.6092
84.6095
84.6095
84.611
84.612
84.6133
84.6149
84.616
84.6168
84.6189
84.622
84.6268
84.6283
84.6311
84.6353
84.6354
84.6392
84.6401
84.643
84.6461
84.6492
84.6493
84.6503
84.6553
84.6559
84.6593
84.6596
84.6597
84.6599
84.6608
84.6626
84.6633
84.6639
84.6664
84.6699
84.6706
84.6709
84.6711
84.6717
84.6742
84.6759
84.6764
84.6812
84.6855
84.6883
84.6885
84.6887
84.6903
84.6916
84.6938
84.6948
84.6966
84.6974
84.6986
84.6995
84.7
84.7018
84.7022
84.7049
84.7066
84.7103
84.7104
84.7107
84.713
84.7137
84.7199
84.7221
84.7309
84.7317
84.7319
84.7348
84.7348
84.736
84.7424
84.7429
84.7461
84.7466
84.7502
84.7517
84.7548
84.7549
84.7571
84.7592
84.7602
84.761
84.7658
84.7697
84.7704
84.7706
84.771
84.7742
84.7804
84.7815
84.7826
84.7838
84.7846
84.7887
84.7896
84.7912
84.7917
84.7922
84.7923
84.7932
84.7986
84.8021
84.8026
84.804
84.8047
84.8055
84.8058
84.806
84.8071
84.809
84.8094
84.815
84.8171
84.8172
84.8198
84.8215
84.8226
84.8234
84.8237
84.8259
84.8312
84.8327
84.8352
84.8368
84.8384
84.8387
84.8392
84.8409
84.8421
84.8422
84.8438
84.8438
84.846
84.8506
84.8516
84.8522
84.8525
84.8537
84.8539
84.8551
84.8562
84.8596
84.8605
84.8621
84.8654
84.8662
84.8684
84.8739
84.8743
84.8758
84.8771
84.8808
84.8808
84.8823
84.8904
84.8909
84.8943
84.8986
84.8993
84.8995
84.9006
84.9021
84.9047
84.9062
84.9075
84.908
84.9092
84.9109
84.9126
84.9129
84.9168
84.9183
84.9201
84.9223
84.9229
84.925
84.9262
84.9326
84.9333
84.9333
84.9361
84.9395
84.9406
84.942
84.945
84.9454
84.9457
84.9478
84.9479
84.9562
84.9563
84.9603
84.9603
84.9633
84.964
84.9657
84.9698
84.9706
84.9715
84.9722
84.9736
84.9771
84.9777
84.9791
84.9827
84.9839
84.9873
84.9916
84.9933
84.994
84.9974
84.9974
84.998
84.9999
85.0019
85.0027
85.0031
85.0044
85.0057
85.0067
85.0071
85.0079
85.0092
85.0124
85.0131
85.0132
85.0155
85.0175
85.0217
85.0242
85.0242
85.0244
85.0261
85.028
85.0283
85.0288
85.029
85.032
85.0323
85.034
85.0347
85.0367
85.0374
85.0394
85.0407
85.0417
85.0426
85.0428
85.0466
85.0476
85.048
85.0482
85.0513
85.0567
85.0576
85.0581
85.0588
85.0604
85.0608
85.0617
85.0622
85.0641
85.0644
85.0648
85.065
85.0654
85.0663
85.0727
85.0748
85.0748
85.0759
85.0782
85.0784
85.0794
85.0801
85.082
85.0857
85.0882
85.0886
85.0889
85.09
85.0925
85.0926
85.0933
85.0963
85.1015
85.1022
85.1028
85.1052
85.1096
85.1111
85.1111
85.1161
85.1169
85.1176
85.1227
85.1237
85.1251
85.1267
85.1319
85.1322
85.1328
85.1336
85.1337
85.1338
85.1343
85.1345
85.1346
85.1346
85.135
85.1351
85.1352
85.1358
85.1367
85.1369
85.137
85.1394
85.1396
85.1407
85.1431
85.1445
85.1468
85.1508
85.1535
85.155
85.1587
85.1663
85.1705
85.171
85.1714
85.1736
85.1737
85.1747
85.1754
85.1762
85.1769
85.1793
85.1809
85.1815
85.1837
85.185
85.1853
85.1885
85.1905
85.1916
85.1921
85.1925
85.1934
85.1936
85.1953
85.1983
85.1988
85.2027
85.2031
85.2045
85.2046
85.2062
85.2088
85.2108
85.2108
85.214
85.2146
85.2171
85.22
85.2231
85.2237
85.2242
85.2248
85.2249
85.2271
85.2277
85.2286
85.2297
85.2298
85.2315
85.2325
85.2334
85.2359
85.2364
85.2394
85.2398
85.2435
85.2436
85.2438
85.2442
85.2458
85.2467
85.2514
85.2525
85.2554
85.2564
85.257
85.2573
85.2579
85.2591
85.2594
85.2604
85.261
85.2628
85.2641
85.2645
85.2647
85.2648
85.2657
85.2677
85.2687
85.2702
85.2715
85.274
85.2767
85.2775
85.2789
85.2799
85.2799
85.28
85.2815
85.2868
85.288
85.29
85.2902
85.2912
85.2944
85.2946
85.3
85.301
85.3075
85.3088
85.3109
85.3118
85.3121
85.3142
85.3173
85.3186
85.322
85.3237
85.326
85.3287
85.3311
85.3313
85.3354
85.3363
85.3364
85.3366
85.3371
85.3374
85.3377
85.3391
85.3393
85.3459
85.3484
85.3486
85.351
85.3513
85.3519
85.3538
85.3577
85.3578
85.3604
85.3631
85.3662
85.3665
85.3701
85.3712
85.3713
85.3735
85.3746
85.3817
85.3818
85.3826
85.3842
85.3843
85.3851
85.3896
85.391
85.3921
85.3934
85.395
85.3991
85.3996
85.3998
85.4003
85.4014
85.4038
85.4055
85.4075
85.4083
85.4108
85.4114
85.418
85.4199
85.4214
85.423
85.4233
85.425
85.4259
85.4268
85.4283
85.4296
85.4307
85.4309
85.4361
85.4388
85.4407
85.4411
85.4434
85.4455
85.4459
85.4461
85.4541
85.4554
85.4565
85.4579
85.4587
85.4604
85.4615
85.4624
85.4694
85.4701
85.4716
85.4734
85.4747
85.475
85.4751
85.4752
85.4763
85.4782
85.4807
85.4815
85.4823
85.4824
85.4834
85.4907
85.4923
85.4924
85.4946
85.4965
85.4966
85.4969
85.4978
85.4983
85.4985
85.5038
85.5058
85.5062
85.5064
85.5066
85.5097
85.51
85.5169
85.523
85.5235
85.5238
85.5242
85.5244
85.5266
85.5301
85.5307
85.5321
85.5325
85.5357
85.5368
85.5368
85.5396
85.5399
85.5407
85.542
85.5443
85.5485
85.5493
85.557
85.5601
85.5605
85.561
85.5611
85.5613
85.5618
85.5628
85.563
85.564
85.5648
85.5654
85.5659
85.567
85.5719
85.5735
85.5736
85.5738
85.5772
85.5805
85.5825
85.583
85.5838
85.5857
85.5863
85.5898
85.5908
85.5919
85.593
85.5935
85.5984
85.6035
85.6064
85.6077
85.6085
85.6138
85.6142
85.6169
85.6187
85.6194
85.6205
85.6208
85.6218
85.6227
85.6231
85.6247
85.6252
85.6256
85.6277
85.6338
85.6342
85.6345
85.6346
85.6365
85.6382
85.6407
85.6443
85.6453
85.6493
85.6532
85.6536
85.6553
85.6561
85.6564
85.6565
85.6567
85.6683
85.6686
85.6693
85.6726
85.6755
85.6762
85.6769
85.677
85.6782
85.6785
85.679
85.6794
85.6795
85.6843
85.6886
85.6923
85.6928
85.6936
85.6986
85.6999
85.6999
85.7021
85.703
85.7033
85.7041
85.7076
85.7079
85.7117
85.7134
85.7135
85.7178
85.7207
85.7233
85.7251
85.7258
85.7293
85.7329
85.7337
85.7345
85.7351
85.7351
85.7377
85.739
85.7394
85.7432
85.7435
85.7447
85.745
85.7476
85.75
85.7556
85.7559
85.7567
85.7637
85.7681
85.7719
85.7754
85.781
85.7819
85.7845
85.7878
85.7879
85.7886
85.7905
85.7935
85.7964
85.7969
85.7976
85.8002
85.801
85.8019
85.8043
85.8104
85.8109
85.8153
85.8177
85.8206
85.8209
85.8221
85.8224
85.8228
85.8243
85.8257
85.8265
85.8272
85.8276
85.8281
85.8327
85.8342
85.8342
85.8344
85.8345
85.837
85.8377
85.839
85.8396
85.8417
85.8431
85.844
85.8465
85.8473
85.85
85.8515
85.8563
85.8567
85.8581
85.86
85.86
85.8608
85.8608
85.8613
85.8637
85.866
85.8664
85.8672
85.8682
85.8689
85.8702
85.8706
85.8714
85.8717
85.8719
85.8722
85.876
85.8793
85.882
85.8847
85.8861
85.8863
85.8866
85.887
85.8941
85.8944
85.8946
85.8962
85.898
85.8987
85.8989
85.8995
85.8995
85.9055
85.9065
85.9074
85.9088
85.9089
85.9096
85.9113
85.9122
85.9134
85.9136
85.9149
85.9171
85.918
85.9227
85.9238
85.9256
85.9256
85.9311
85.9325
85.939
85.9396
85.9418
85.9438
85.9438
85.9485
85.9486
85.9491
85.9506
85.9524
85.9531
85.9547
85.9557
85.9578
85.9584
85.9622
85.9626
85.9628
85.9643
85.9662
85.9693
85.9704
85.9716
85.9729
85.9734
85.9735
85.9789
85.9807
85.9841
85.9847
85.9855
85.9886
85.9937
85.9959
85.9986
85.9999
86.0004
86.0029
86.0039
86.0045
86.0052
86.0061
86.0079
86.009
86.0107
86.0135
86.0149
86.021
86.0228
86.026
86.0284
86.0305
86.0313
86.0325
86.036
86.0388
86.0391
86.0406
86.0417
86.0443
86.0458
86.0474
86.0477
86.0518
86.0565
86.057
86.0594
86.0611
86.0615
86.0616
86.0628
86.0672
86.0694
86.07
86.0715
86.0728
86.0736
86.0737
86.0745
86.0751
86.0813
86.0821
86.0824
86.0875
86.0903
86.0915
86.0917
86.0919
86.0932
86.0951
86.0958
86.1028
86.1053
86.1068
86.1081
86.1082
86.1095
86.1101
86.1118
86.1219
86.1225
86.1251
86.1282
86.1285
86.1313
86.1333
86.1344
86.1344
86.1358
86.1359
86.1375
86.1377
86.1409
86.1435
86.1458
86.1484
86.1581
86.1585
86.1594
86.163
86.1632
86.1637
86.1642
86.1669
86.1692
86.1692
86.1698
86.1709
86.1741
86.1749
86.1753
86.1773
86.1777
86.1797
86.1894
86.1923
86.1925
86.195
86.195
86.1952
86.1989
86.2017
86.2124
86.2139
86.2146
86.2152
86.2153
86.2163
86.2182
86.2185
86.2232
86.2266
86.2281
86.2302
86.2323
86.2338
86.2366
86.2375
86.2388
86.2397
86.2437
86.245
86.248
86.2487
86.2503
86.251
86.2515
86.2562
86.2564
86.2565
86.2588
86.2622
86.2626
86.2632
86.2635
86.2641
86.2652
86.2658
86.2659
86.2696
86.273
86.2744
86.2747
86.2786
86.2791
86.2841
86.2852
86.2877
86.2925
86.2958
86.2989
86.3029
86.3036
86.3054
86.3124
86.3133
86.3196
86.3211
86.3215
86.3227
86.324
86.3249
86.3274
86.3296
86.33
86.3323
86.3368
86.3371
86.3378
86.3385
86.3432
86.3463
86.3466
86.3475
86.348
86.3485
86.349
86.3522
86.3569
86.3616
86.3668
86.3695
86.3706
86.3708
86.3713
86.3727
86.3728
86.3769
86.3838
86.3855
86.3865
86.3891
86.3932
86.3948
86.3955
86.3986
86.4018
86.4027
86.4028
86.4048
86.4049
86.4061
86.4075
86.4079
86.4122
86.4137
86.4165
86.4172
86.4178
86.4224
86.4275
86.4297
86.43
86.4303
86.4334
86.4374
86.4407
86.4415
86.444
86.4455
86.4482
86.4514
86.4527
86.4556
86.4573
86.458
86.46
86.465
86.4663
86.4678
86.469
86.4741
86.4741
86.4742
86.4792
86.4814
86.4817
86.4864
86.4911
86.4926
86.4939
86.494
86.4962
86.4995
86.4997
86.5006
86.5026
86.5034
86.5049
86.5056
86.5104
86.5117
86.5122
86.5145
86.522
86.5228
86.5237
86.5261
86.5308
86.5308
86.5352
86.5388
86.5392
86.5431
86.5435
86.5437
86.545
86.5467
86.5503
86.5519
86.5589
86.5595
86.56
86.5604
86.5608
86.5609
86.5649
86.5654
86.568
86.5695
86.5707
86.5726
86.573
86.5766
86.5811
86.586
86.5881
86.5889
86.5891
86.5913
86.5918
86.5925
86.594
86.5966
86.5972
86.5975
86.5979
86.5998
86.6013
86.6018
86.6021
86.6038
86.6043
86.6093
86.6107
86.614
86.6144
86.6153
86.6154
86.6164
86.6172
86.6183
86.6217
86.625
86.6297
86.6336
86.6343
86.6384
86.6402
86.6407
86.6471
86.6493
86.652
86.6531
86.6544
86.6551
86.6599
86.6632
86.6634
86.664
86.6649
86.6666
86.6729
86.6764
86.6791
86.6799
86.6802
86.6817
86.6825
86.693
86.6933
86.6949
86.7018
86.7061
86.707
86.7075
86.7121
86.7123
86.7166
86.7212
86.7226
86.7241
86.7267
86.7278
86.7295
86.7311
86.7337
86.7422
86.7429
86.7447
86.7451
86.746
86.7464
86.7467
86.7492
86.7572
86.7589
86.7614
86.7651
86.7659
86.7695
86.7698
86.7722
86.773
86.7739
86.7778
86.7779
86.7779
86.7785
86.7785
86.7787
86.7788
86.7801
86.787
86.7898
86.7934
86.7957
86.7969
86.7975
86.8083
86.8117
86.8127
86.8136
86.816
86.8175
86.8177
86.8185
86.8196
86.8208
86.8229
86.8277
86.8288
86.8296
86.8365
86.8446
86.8466
86.8484
86.8489
86.8491
86.8527
86.8536
86.8553
86.8597
86.8602
86.863
86.8634
86.8695
86.872
86.8733
86.8759
86.8805
86.8815
86.8837
86.8883
86.8893
86.8919
86.8931
86.8947
86.896
86.8983
86.9001
86.9001
86.9059
86.9062
86.9082
86.9098
86.9098
86.9103
86.9115
86.9123
86.9131
86.9181
86.9206
86.9211
86.9246
86.9267
86.9289
86.9311
86.9315
86.932
86.9332
86.9355
86.9369
86.9373
86.9423
86.9494
86.952
86.9563
86.9577
86.9641
86.9643
86.966
86.9666
86.968
86.9703
86.972
86.9729
86.974
86.9745
86.976
86.9763
86.9767
86.9786
86.9801
86.9818
86.9831
86.9845
86.985
86.9877
86.9898
86.9932
86.9958
86.9977
86.998
87.0005
87.0063
87.0099
87.0111
87.0114
87.0127
87.0129
87.0163
87.0174
87.0182
87.02
87.0211
87.0226
87.0256
87.0279
87.0292
87.03
87.0314
87.0328
87.0342
87.0353
87.0368
87.0378
87.0395
87.0408
87.0415
87.0447
87.045
87.0484
87.0484
87.0508
87.0544
87.0555
87.0568
87.0579
87.0586
87.0608
87.0609
87.0614
87.0649
87.0651
87.0659
87.0747
87.0768
87.0798
87.0853
87.0857
87.0906
87.0921
87.096
87.0988
87.0999
87.1005
87.1011
87.1057
87.1073
87.1097
87.1128
87.1146
87.1148
87.117
87.1189
87.1246
87.1254
87.1271
87.1286
87.1305
87.1336
87.1377
87.1424
87.1427
87.1428
87.1528
87.1531
87.1664
87.1675
87.17
87.1702
87.1705
87.1755
87.1767
87.1812
87.1842
87.1869
87.1887
87.1896
87.1905
87.1952
87.1956
87.1979
87.2015
87.2072
87.2076
87.2122
87.2125
87.2183
87.2224
87.2321
87.2374
87.2381
87.2402
87.2409
87.2448
87.2532
87.2543
87.2559
87.2561
87.2566
87.2574
87.259
87.2625
87.2649
87.2699
87.2724
87.2735
87.2756
87.2759
87.278
87.2813
87.2828
87.2851
87.2859
87.2877
87.289
87.295
87.2979
87.3009
87.3078
87.3117
87.3135
87.3152
87.3169
87.3193
87.3224
87.323
87.3378
87.339
87.3405
87.3416
87.3454
87.3461
87.3467
87.3501
87.3558
87.3563
87.3574
87.3576
87.3599
87.3652
87.3664
87.3711
87.3712
87.3719
87.3738
87.3792
87.3792
87.3811
87.3823
87.3889
87.3912
87.3925
87.3941
87.3968
87.3981
87.4116
87.4178
87.4184
87.4208
87.423
87.4255
87.4282
87.4307
87.4383
87.4407
87.4422
87.448
87.45
87.4504
87.4531
87.4552
87.4604
87.4648
87.4665
87.4675
87.4707
87.4755
87.4767
87.4773
87.4776
87.4825
87.4832
87.4895
87.4898
87.491
87.4963
87.4964
87.5004
87.5033
87.5062
87.5073
87.5087
87.5089
87.5148
87.5152
87.5167
87.5178
87.5181
87.5181
87.5204
87.5208
87.5333
87.5399
87.5457
87.5476
87.5479
87.5488
87.5513
87.5584
87.5644
87.5645
87.5647
87.5777
87.5784
87.581
87.5851
87.5898
87.5908
87.5931
87.5939
87.595
87.5953
87.5979
87.6006
87.6056
87.6092
87.6154
87.6164
87.6167
87.6186
87.619
87.6209
87.629
87.6302
87.6316
87.6368
87.6374
87.6381
87.6393
87.6427
87.6457
87.6464
87.6493
87.6514
87.6521
87.6601
87.6602
87.6609
87.6627
87.6675
87.6759
87.6774
87.6825
87.6832
87.6835
87.6857
87.6931
87.6996
87.7006
87.7024
87.7072
87.7082
87.7135
87.7168
87.7197
87.7264
87.7268
87.7315
87.7392
87.7425
87.7462
87.7466
87.7478
87.7509
87.7513
87.7544
87.7604
87.7733
87.7754
87.776
87.7805
87.7831
87.7833
87.7838
87.7845
87.793
87.7935
87.7943
87.8004
87.801
87.8028
87.803
87.8089
87.8099
87.81
87.811
87.8182
87.8185
87.8196
87.8218
87.8297
87.8349
87.8374
87.8403
87.8449
87.8455
87.8574
87.8575
87.8593
87.8631
87.8648
87.8697
87.8718
87.8724
87.8792
87.8887
87.8892
87.8893
87.8945
87.8951
87.8974
87.8984
87.9018
87.9042
87.9045
87.9046
87.9061
87.9091
87.9109
87.9109
87.9143
87.9214
87.9318
87.9385
87.9387
87.945
87.9459
87.946
87.956
87.9565
87.9587
87.9703
87.9706
87.9714
87.977
87.9776
87.9789
87.9801
87.9813
87.9831
87.9884
87.9939
87.9986
88.0162
88.0169
88.0215
88.031
88.032
88.0415
88.0429
88.0469
88.0499
88.0502
88.0519
88.0564
88.0588
88.0651
88.0715
88.0733
88.0739
88.0754
88.0781
88.081
88.0821
88.0857
88.0866
88.0898
88.0899
88.0949
88.0959
88.0997
88.0998
88.1125
88.114
88.1148
88.1151
88.1161
88.1173
88.1181
88.13
88.1379
88.1394
88.1397
88.1405
88.1405
88.1414
88.15
88.1589
88.1617
88.1619
88.1634
88.1658
88.167
88.1671
88.1674
88.1681
88.1711
88.1716
88.1796
88.1802
88.1814
88.183
88.1936
88.194
88.197
88.1978
88.2018
88.2021
88.2062
88.2072
88.2089
88.2098
88.2161
88.2176
88.2194
88.2263
88.2272
88.2291
88.2314
88.2371
88.2372
88.239
88.2439
88.2451
88.2586
88.2607
88.2612
88.2645
88.2661
88.2668
88.2721
88.2773
88.2785
88.2875
88.2904
88.2907
88.292
88.2951
88.2966
88.3004
88.3035
88.3047
88.3079
88.3099
88.3197
88.3215
88.3225
88.3304
88.3308
88.3319
88.335
88.3356
88.336
88.3447
88.3458
88.3458
88.3531
88.3535
88.3605
88.3648
88.367
88.3693
88.3698
88.3851
88.3881
88.3905
88.3922
88.3923
88.404
88.4077
88.414
88.4156
88.4159
88.4191
88.4201
88.4245
88.4325
88.4449
88.4534
88.4591
88.46
88.4706
88.4725
88.4808
88.4816
88.4861
88.4885
88.489
88.4893
88.4894
88.504
88.5057
88.5072
88.5208
88.5215
88.5251
88.5379
88.5391
88.5443
88.5457
88.5499
88.5513
88.5515
88.5553
88.5593
88.5649
88.566
88.577
88.5804
88.5837
88.5858
88.5861
88.5885
88.5893
88.5896
88.59
88.5933
88.5951
88.5961
88.6061
88.6102
88.6128
88.6139
88.6142
88.6178
88.618
88.6215
88.626
88.6263
88.6273
88.6358
88.6359
88.6362
88.6406
88.6462
88.6521
88.6537
88.6568
88.6694
88.6757
88.6809
88.6814
88.6827
88.6878
88.6919
88.7023
88.7089
88.7107
88.7114
88.7133
88.7153
88.7225
88.7253
88.7333
88.7368
88.7371
88.7435
88.7439
88.7445
88.7475
88.7549
88.76
88.7645
88.7692
88.77
88.7707
88.7791
88.7808
88.7838
88.7991
88.8003
88.8018
88.811
88.8117
88.8172
88.8331
88.8426
88.8453
88.8472
88.8485
88.8523
88.8552
88.86
88.8633
88.8637
88.8639
88.8639
88.8641
88.8656
88.8672
88.8712
88.8716
88.8733
88.8739
88.8754
88.8774
88.8779
88.8925
88.8972
88.9034
88.9058
88.906
88.9073
88.9073
88.9247
88.9264
88.93
88.9352
88.9377
88.9391
88.9408
88.9439
88.949
88.9507
88.9537
88.9581
88.9587
88.9694
88.9771
88.9812
88.9901
88.9921
88.9982
89.0007
89.0086
89.0185
89.0277
89.0358
89.036
89.0621
89.0645
89.068
89.0723
89.0786
89.0848
89.0883
89.0922
89.0936
89.0976
89.1002
89.1017
89.106
89.1095
89.1144
89.1145
89.1178
89.1201
89.1246
89.1248
89.1341
89.1367
89.1389
89.1427
89.1448
89.1482
89.1532
89.1542
89.1557
89.1585
89.1642
89.1688
89.1778
89.1791
89.1908
89.1929
89.1978
89.198
89.201
89.2027
89.2085
89.2104
89.2116
89.2188
89.2263
89.228
89.2284
89.2318
89.2331
89.2332
89.2353
89.2423
89.2424
89.2445
89.2455
89.2459
89.2484
89.2485
89.2538
89.2538
89.2581
89.2649
89.2654
89.2681
89.286
89.2861
89.2909
89.299
89.2995
89.3005
89.313
89.3163
89.3209
89.3241
89.333
89.3435
89.3437
89.3463
89.3511
89.3514
89.3514
89.3525
89.3543
89.3629
89.3664
89.3839
89.3848
89.3923
89.3981
89.4077
89.41
89.4188
89.4243
89.4318
89.4333
89.4391
89.4401
89.4424
89.443
89.4449
89.4622
89.4641
89.4647
89.4697
89.4771
89.4781
89.4788
89.4797
89.4831
89.4878
89.503
89.5077
89.5138
89.515
89.526
89.5302
89.5303
89.5306
89.5327
89.5362
89.5382
89.5446
89.5456
89.5616
89.5649
89.5672
89.5706
89.5707
89.5732
89.5785
89.5865
89.5942
89.5945
89.5951
89.6161
89.6358
89.6386
89.6461
89.6473
89.6563
89.6575
89.6621
89.663
89.6665
89.6669
89.6683
89.6806
89.7069
89.7093
89.7158
89.7255
89.7304
89.7309
89.7341
89.7342
89.737
89.756
89.7664
89.7724
89.7788
89.7877
89.7925
89.7984
89.8098
89.8153
89.8224
89.8228
89.8233
89.8269
89.8288
89.8327
89.8377
89.8411
89.845
89.846
89.8604
89.8683
89.8752
89.8753
89.8796
89.891
89.8933
89.894
89.8965
89.8978
89.8987
89.903
89.9065
89.9098
89.9149
89.9268
89.9296
89.9319
89.9404
89.944
89.9448
89.9468
89.9625
89.9696
89.9698
89.9713
89.9822
89.9887
89.9946
90.0207
90.0249
90.0282
90.0426
90.0488
90.0528
90.0555
90.0637
90.0672
90.0774
90.0856
90.0875
90.0886
90.1107
90.1175
90.1233
90.1318
90.1321
90.1463
90.1521
90.1563
90.1619
90.1717
90.178
90.1836
90.1874
90.1929
90.2085
90.2092
90.212
90.2219
90.2235
90.2237
90.2292
90.2323
90.2324
90.2407
90.243
90.2449
90.2455
90.2494
90.2546
90.2584
90.2632
90.2838
90.292
90.3073
90.3074
90.3131
90.3372
90.3394
90.3465
90.3468
90.359
90.3636
90.3681
90.3695
90.3696
90.3801
90.3862
90.4068
90.4078
90.415
90.4165
90.4189
90.4244
90.4341
90.4365
90.4385
90.4433
90.4645
90.5063
90.5123
90.5164
90.5201
90.5228
90.5246
90.5294
90.5302
90.5584
90.5678
90.5835
90.5947
90.5958
90.5975
90.6045
90.6059
90.6077
90.6098
90.6202
90.6231
90.6452
90.649
90.6508
90.6561
90.6827
90.6839
90.6912
90.6933
90.6982
90.7049
90.706
90.7134
90.7309
90.7404
90.7411
90.7455
90.7629
90.7632
90.7671
90.7746
90.7767
90.7775
90.7798
90.7817
90.7823
90.7849
90.7865
90.7898
90.798
90.8054
90.8128
90.8233
90.8282
90.8561
90.8606
90.8692
90.879
90.9043
90.9053
90.9197
90.9265
90.936
90.9366
90.9389
90.9486
90.9557
90.9589
90.9594
90.9605
90.9698
90.9709
90.9791
90.9821
90.9851
90.9899
90.9917
90.9922
90.9952
90.9997
91.0171
91.0234
91.0256
91.0265
91.0296
91.0312
91.0398
91.0405
91.0418
91.051
91.0512
91.0603
91.0638
91.0645
91.0722
91.0817
91.0821
91.0884
91.0918
91.1057
91.1084
91.1108
91.1328
91.1392
91.1406
91.1431
91.1476
91.1858
91.1878
91.2043
91.2117
91.2141
91.2189
91.2221
91.2224
91.2351
91.2513
91.2661
91.2738
91.2826
91.2834
91.2984
91.3271
91.3409
91.3572
91.381
91.3976
91.4021
91.4023
91.4195
91.4225
91.4326
91.4329
91.4537
91.455
91.4754
91.4855
91.4943
91.4951
91.5
91.5044
91.506
91.5121
91.5298
91.5381
91.5435
91.5474
91.5514
91.5536
91.5681
91.5695
91.5735
91.5745
91.5766
91.5846
91.5981
91.6052
91.6054
91.6088
91.6111
91.6222
91.6232
91.6427
91.643
91.6541
91.6563
91.6611
91.6798
91.6837
91.6973
91.7223
91.7239
91.7259
91.7333
91.7596
91.7639
91.8029
91.81
91.8255
91.8337
91.8445
91.8463
91.8473
91.8729
91.8808
91.8918
91.8963
91.9023
91.903
91.916
91.9221
91.9388
91.9568
91.9611
91.9948
92.0018
92.0089
92.0174
92.0208
92.0211
92.0238
92.0419
92.0498
92.0719
92.0732
92.0812
92.0984
92.1234
92.1435
92.1444
92.1475
92.1494
92.1678
92.1684
92.177
92.18
92.1812
92.1893
92.196
92.2006
92.2124
92.2225
92.2292
92.2343
92.2379
92.243
92.2477
92.2575
92.2619
92.2629
92.2708
92.2762
92.2875
92.3187
92.3626
92.3656
92.3701
92.3711
92.3787
92.3966
92.4006
92.407
92.4274
92.4321
92.435
92.461
92.4654
92.5133
92.561
92.5941
92.5984
92.602
92.6027
92.6275
92.6379
92.6379
92.6453
92.6657
92.6801
92.6877
92.7152
92.7253
92.7534
92.7582
92.7615
92.7711
92.7931
92.8157
92.8243
92.8344
92.846
92.871
92.8748
92.8871
92.9005
92.9109
92.9294
92.9317
92.9449
92.9514
92.9664
93.035
93.0544
93.0689
93.0854
93.092
93.0935
93.1027
93.111
93.1167
93.1207
93.1434
93.1565
93.1794
93.209
93.228
93.274
93.2812
93.3113
93.3126
93.3543
93.3836
93.4094
93.4143
93.4207
93.4543
93.4581
93.4722
93.4726
93.4905
93.5158
93.5247
93.5331
93.5341
93.5355
93.5628
93.57
93.5764
93.5999
93.6427
93.6619
93.6699
93.6731
93.6763
93.6847
93.7114
93.7228
93.741
93.7766
93.7885
93.7951
93.8183
93.854
93.863
93.9152
93.9318
93.9393
93.9636
93.9757
93.981
94.0009
94.0043
94.0251
94.0561
94.0725
94.0934
94.1126
94.113
94.1236
94.138
94.1409
94.1473
94.1738
94.1919
94.2074
94.2589
94.2772
94.2862
94.3235
94.3299
94.3314
94.3403
94.3441
94.3754
94.3896
94.3899
94.3984
94.4289
94.4299
94.4719
94.5372
94.5656
94.5755
94.5941
94.6033
94.6177
94.6636
94.6953
94.7194
94.7291
94.7555
94.7586
94.7637
94.7762
94.8024
94.8044
94.8122
94.8179
94.8279
94.8381
94.873
94.8827
94.9285
94.9427
94.943
94.9688
95.0118
95.0305
95.0305
95.0566
95.0686
95.116
95.143
95.1592
95.2044
95.2835
95.3004
95.3486
95.3557
95.3663
95.3743
95.3743
95.3753
95.3853
95.3884
95.3994
95.4058
95.4163
95.4254
95.4552
95.4631
95.4679
95.4815
95.4983
95.5446
95.5617
95.5651
95.7224
95.7256
95.7567
95.7763
95.799
95.8514
95.8829
95.9024
95.9454
95.9464
95.9962
96.0456
96.0598
96.1279
96.1928
96.2099
96.2127
96.2324
96.2768
96.2791
96.2933
96.3031
96.3799
96.3937
96.4725
96.4738
96.5156
96.5468
96.5692
96.5722
96.5781
96.5822
96.5978
96.6851
96.7435
96.7561
96.763
96.792
96.8083
96.8951
96.9037
96.9247
96.9545
96.9639
96.9808
96.9929
97.0021
97.0161
97.031
97.0665
97.0737
97.0914
97.1037
97.1193
97.1495
97.1694
97.1736
97.1793
97.1834
97.2812
97.4031
97.4904
97.521
97.533
97.5567
97.576
97.5923
97.6223
97.6476
97.6529
97.6787
97.7071
97.7371
97.7877
97.848
97.8705
97.9526
97.9973
98.0324
98.0635
98.0931
98.1345
98.2318
98.2546
98.3322
98.3665
98.3949
98.4161
98.4178
98.4195
98.4247
98.491
98.4919
98.5232
98.5292
98.6025
98.6163
98.6372
98.6377
98.7103
98.7936
98.8159
98.8376
98.8514
98.8893
98.9254
98.9863
98.9864
99.0064
99.0414
99.1268
99.1297
99.1313
99.1569
99.2051
99.2726
99.3265
99.4268
99.5468
99.6673
99.717
99.7377
99.7732
99.7969
99.8184
99.8426
99.8484
99.9624
99.9958
100.006
100.065
100.073
100.085
100.114
100.131
100.148
100.223
100.251
100.281
100.328
100.378
100.43
100.439
100.462
100.498
100.615
100.671
100.782
100.854
100.901
100.909
100.935
101.016
101.073
101.248
101.254
101.259
101.261
101.279
101.283
101.355
101.404
101.472
101.568
101.574
101.69
101.739
101.753
101.776
101.803
101.812
101.814
101.96
102.01
102.056
102.135
102.16
102.18
102.204
102.245
102.334
102.354
102.36
102.508
102.7
102.759
102.792
102.836
102.864
102.907
102.948
102.968
103.102
103.122
103.154
103.217
103.229
103.409
103.453
103.46
103.576
103.749
104.072
104.074
104.617
104.856
104.877
104.988
105.034
105.462
105.611
105.676
105.795
105.809
105.937
106.004
106.251
106.298
106.407
106.417
106.433
106.451
106.661
107.296
107.541
107.767
107.817
107.865
108.171
108.185
108.208
108.37
108.451
108.547
109.221
109.329
109.655
109.991
110.154
110.365
110.548
110.881
165.571
189.909
191.057
255.854
271.532
