88.4965
88.825
88.9828
89.0379
89.0774
89.1162
89.1621
89.2687
89.3254
89.3682
89.3682
89.3981
89.4403
89.4791
89.5202
89.5266
89.5309
89.6131
89.6211
89.6239
89.6528
89.669
89.686
89.694
89.7657
89.7808
89.817
89.8362
89.8599
89.8673
89.874
89.9131
89.9335
89.9357
89.9399
89.9532
89.9956
90.0004
90.0173
90.0456
90.0504
90.0543
90.0796
90.1097
90.1249
90.1273
90.1664
90.1846
90.2168
90.2172
90.2237
90.2265
90.228
90.2361
90.2642
90.2786
90.2788
90.279
90.2991
90.3195
90.3806
90.4359
90.4731
90.4829
90.4873
90.4906
90.4949
90.5065
90.511
90.5201
90.5344
90.5375
90.539
90.5726
90.5851
90.5904
90.6115
90.6239
90.6337
90.645
90.6513
90.6732
90.6871
90.692
90.7088
90.7154
90.7705
90.7757
90.7779
90.7803
90.7819
90.7853
90.7933
90.8071
90.8116
90.8143
90.8235
90.8519
90.8546
90.8645
90.8901
90.8917
90.8956
90.9149
90.9502
90.9885
91.0302
91.0322
91.0345
91.0394
91.0455
91.0566
91.0726
91.0817
91.0991
91.1074
91.1121
91.1239
91.1255
91.1262
91.1335
91.1522
91.1567
91.162
91.1654
91.1793
91.1857
91.1988
91.2007
91.205
91.227
91.2504
91.2617
91.262
91.2842
91.2869
91.2889
91.306
91.3201
91.3498
91.3536
91.3648
91.3667
91.3789
91.4151
91.4165
91.4166
91.4364
91.4433
91.447
91.476
91.4922
91.5151
91.5279
91.5524
91.5588
91.5672
91.5681
91.5768
91.5921
91.5921
91.6473
91.689
91.6895
91.7023
91.7156
91.7206
91.7334
91.741
91.7444
91.7455
91.7514
91.7595
91.7671
91.7734
91.8225
91.8249
91.8457
91.8481
91.8482
91.8563
91.8631
91.8682
91.8931
91.903
91.907
91.9192
91.9207
91.9388
91.964
91.9716
91.9914
91.9962
92.0077
92.0134
92.0266
92.036
92.0382
92.0538
92.0613
92.0637
92.0765
92.0932
92.0936
92.0966
92.136
92.1592
92.1792
92.1888
92.1927
92.2051
92.2198
92.2297
92.2433
92.2633
92.2863
92.3158
92.3183
92.3192
92.3285
92.3434
92.3455
92.3513
92.359
92.371
92.3721
92.3772
92.3891
92.3895
92.3971
92.4378
92.467
92.4795
92.4849
92.5077
92.5652
92.5689
92.5696
92.5728
92.5789
92.5848
92.599
92.6152
92.6517
92.6592
92.6607
92.6688
92.6694
92.6703
92.7113
92.7186
92.733
92.7357
92.7357
92.7443
92.7449
92.7498
92.7718
92.7778
92.7875
92.7968
92.8513
92.8611
92.8649
92.8732
92.8814
92.8994
92.9007
92.901
92.9201
92.9706
92.9784
92.9836
92.9885
92.9982
93.0058
93.0241
93.0395
93.0445
93.049
93.0544
93.0594
93.0846
93.0875
93.1057
93.1255
93.1575
93.1703
93.1727
93.2157
93.2206
93.2249
93.2345
93.2604
93.2668
93.2708
93.3286
93.3298
93.3401
93.3439
93.3454
93.3572
93.3593
93.3742
93.383
93.3926
93.4346
93.4399
93.4411
93.4486
93.4499
93.4668
93.4919
93.5313
93.5396
93.5519
93.5846
93.6014
93.6096
93.6234
93.6474
93.65
93.6667
93.692
93.7328
93.7619
93.8641
93.8721
93.9149
93.9227
93.997
94.0075
94.0207
94.0334
94.044
94.0493
94.0496
94.057
94.0709
94.0876
94.1706
94.1753
94.2
94.2002
94.2523
94.2558
94.2721
94.3034
94.3369
94.35
94.3571
94.3845
94.3868
94.4219
94.4242
94.4411
94.4894
94.4932
94.6108
94.6321
94.6353
94.6912
94.7007
94.7557
94.7671
94.8107
94.8123
94.813
94.9248
94.9255
94.9603
94.9616
95.1005
95.157
95.1746
95.1958
95.2366
95.2455
95.2908
95.2948
95.3551
95.3786
95.3831
95.4439
95.4739
95.5655
95.581
95.6596
95.6618
95.6764
95.7658
95.8036
95.8178
95.8735
95.881
95.93
95.9584
95.9709
96.0023
96.0712
96.2181
96.231
96.2553
96.3081
96.3654
96.3913
96.404
96.4326
96.6228
96.6735
96.7921
96.8278
96.8343
96.8417
96.8555
96.9036
96.9673
96.97
97.0164
97.0236
97.0807
97.0846
97.1464
97.1658
97.1764
97.2691
97.3767
97.4335
97.4808
97.5056
97.5648
97.5694
97.5886
97.6352
97.6771
97.6933
97.724
97.8136
97.8175
97.8438
97.9079
97.9116
97.952
97.9565
98.067
98.1186
98.2178
98.2773
98.3391
98.3513
98.3799
98.4136
98.4376
98.911
98.9416
99.0336
99.1177
99.2314
99.2421
99.2568
99.5563
99.5766
99.7237
100.045
100.125
100.327
100.449
100.633
100.966
101.026
101.072
101.078
101.084
101.279
101.34
101.364
101.673
101.868
101.888
102.036
102.08
102.167
102.38
102.435
102.66
102.696
102.863
103.053
103.354
103.407
104.038
104.068
104.624
104.903
104.981
104.992
105.001
105.021
106.076
107.07
107.095
107.961
108.329
108.817
109.135
109.609
109.945
111.551
112.001
114.586
114.879
114.978
115.894
117.383
