83.684
83.7662
84.1449
84.172
84.2455
84.4908
84.524
84.5265
84.7699
84.8433
84.8509
85.0632
85.0636
85.1264
85.173
85.1815
85.1858
85.1946
85.2574
85.3408
85.3679
85.5104
85.531
85.5375
85.5791
85.6177
85.7402
85.7462
85.7965
85.8364
85.8563
85.8639
85.9108
86.0113
86.0171
86.0255
86.1113
86.126
86.1576
86.1995
86.2703
86.2838
86.3179
86.4377
86.5356
86.5842
86.5947
86.6054
86.6879
86.8635
86.8861
86.8911
86.9052
86.9714
87.0226
87.0249
87.0425
87.1451
87.1749
87.2466
87.2922
87.3566
87.3946
87.4743
87.6926
87.7256
87.7691
87.7722
87.8164
87.8211
87.8244
87.8379
87.8751
87.8769
87.9238
87.9428
87.9499
87.9853
87.9867
87.9947
88.0113
88.0364
88.0379
88.0838
88.1028
88.1036
88.1259
88.1273
88.1277
88.1318
88.1342
88.1578
88.1594
88.1796
88.2492
88.2593
88.2666
88.2792
88.3132
88.3157
88.3268
88.3819
88.4085
88.4152
88.4229
88.435
88.4403
88.4667
88.4768
88.483
88.5269
88.5386
88.6295
88.6323
88.8359
88.8605
88.8762
89.0886
89.1345
89.1419
89.3329
89.3931
89.437
89.4786
89.479
89.4872
89.5267
89.6803
89.7801
89.8283
89.9001
89.9416
90.0093
90.0264
90.0276
90.0302
90.1019
90.2085
90.2413
90.3333
90.3548
90.3865
90.4234
90.4306
90.4521
90.5537
90.57
90.6068
90.7205
90.8716
90.9039
91.1413
91.1686
91.2236
91.3004
91.5869
91.6351
91.6399
91.6416
91.9239
92.0586
92.18
92.2567
92.3017
92.5968
92.627
92.6885
92.9011
93.1043
93.1863
93.3231
93.3715
93.4246
93.5028
93.5109
93.5481
93.6193
93.9662
94.2496
94.3176
94.4894
96.1603
96.3799
96.39
97.4448
97.9595
98.33
98.8419
99.8521
100.042
100.433
101.131
101.524
102.378
102.589
103.368
103.712
103.933
104.919
107.361
108.637
108.715
109.886
111.354
