87.6315
87.8401
88.1191
88.1344
88.1837
88.2143
88.3456
88.4586
88.4782
88.5392
88.542
88.561
88.6016
88.6429
88.7168
88.7476
88.7969
88.8199
88.8341
88.8467
88.8707
88.8734
88.8774
88.8876
88.9375
88.94
88.952
88.9638
89.0047
89.0284
89.081
89.1281
89.1382
89.169
89.1754
89.1882
89.2294
89.2339
89.2439
89.2639
89.265
89.2663
89.2808
89.2898
89.3022
89.3065
89.3075
89.3148
89.3266
89.334
89.3387
89.35
89.3514
89.3702
89.3774
89.3774
89.3852
89.3884
89.4201
89.423
89.4323
89.4405
89.4502
89.4511
89.4604
89.4623
89.4625
89.48
89.4831
89.4877
89.4923
89.493
89.4953
89.4984
89.4986
89.5139
89.5143
89.5206
89.523
89.5252
89.5253
89.5367
89.5386
89.5419
89.5461
89.5474
89.5489
89.5536
89.5541
89.5571
89.5674
89.5773
89.5788
89.5792
89.6074
89.6087
89.615
89.6326
89.6333
89.634
89.6476
89.6503
89.6546
89.6586
89.6608
89.6863
89.6922
89.7045
89.7072
89.7101
89.7195
89.7201
89.7247
89.7253
89.7268
89.7349
89.7408
89.7411
89.7416
89.7438
89.745
89.7488
89.7497
89.7501
89.7516
89.7613
89.7619
89.7627
89.7642
89.7662
89.7749
89.7783
89.7859
89.7876
89.7942
89.7977
89.8053
89.8055
89.808
89.8098
89.8232
89.8315
89.8419
89.8421
89.8443
89.8525
89.8583
89.8594
89.8618
89.8662
89.8664
89.8675
89.8744
89.8812
89.8812
89.8842
89.887
89.8928
89.902
89.9044
89.9057
89.9089
89.9134
89.9139
89.9178
89.9186
89.922
89.9262
89.9279
89.9297
89.9308
89.9351
89.9414
89.9421
89.9427
89.9549
89.972
89.9728
89.9792
89.9792
89.9815
89.9936
90.0005
90.0019
90.0106
90.0156
90.0199
90.0221
90.0264
90.0307
90.0309
90.0327
90.0401
90.0404
90.0437
90.0495
90.0515
90.0533
90.0536
90.0561
90.0579
90.0632
90.0723
90.0745
90.0804
90.0827
90.0835
90.0842
90.0917
90.0946
90.0962
90.0985
90.0991
90.1014
90.1043
90.1053
90.1063
90.1077
90.1181
90.1198
90.1211
90.1228
90.1262
90.1298
90.1304
90.1335
90.135
90.1355
90.1381
90.1396
90.1404
90.1432
90.1439
90.1445
90.1462
90.1465
90.1468
90.147
90.1498
90.1532
90.1599
90.1602
90.1608
90.1635
90.1641
90.1649
90.1674
90.1687
90.1711
90.1726
90.1767
90.1777
90.1805
90.1841
90.1858
90.1962
90.1975
90.2016
90.209
90.2114
90.2171
90.2205
90.2254
90.2278
90.2335
90.2349
90.2404
90.2409
90.241
90.244
90.2469
90.2538
90.26
90.2678
90.2679
90.2774
90.2777
90.2788
90.2828
90.2853
90.2867
90.2938
90.3003
90.3012
90.3017
90.3021
90.3067
90.3074
90.31
90.3111
90.3124
90.3157
90.3165
90.3171
90.3191
90.3217
90.3227
90.3256
90.3262
90.3313
90.3329
90.333
90.3337
90.334
90.3341
90.3345
90.337
90.3378
90.3398
90.3432
90.3455
90.3473
90.3488
90.3534
90.3544
90.3612
90.3614
90.3635
90.3694
90.3719
90.373
90.3733
90.378
90.3795
90.38
90.3804
90.3819
90.3829
90.3881
90.394
90.3942
90.3954
90.4012
90.4022
90.4041
90.4043
90.4046
90.407
90.4071
90.4084
90.4118
90.4122
90.4148
90.417
90.4257
90.4284
90.4306
90.4329
90.4332
90.4351
90.4351
90.4364
90.4367
90.4396
90.4406
90.4409
90.4421
90.4435
90.444
90.4483
90.4532
90.4553
90.4571
90.4586
90.46
90.4622
90.4647
90.465
90.4667
90.4677
90.469
90.4693
90.4755
90.4776
90.4777
90.4809
90.4838
90.4839
90.4843
90.4858
90.4861
90.4914
90.4917
90.4926
90.4927
90.4939
90.4958
90.4965
90.4967
90.4974
90.4981
90.4984
90.5071
90.5086
90.5087
90.51
90.5104
90.5118
90.5166
90.5204
90.5206
90.5222
90.5226
90.5229
90.5259
90.528
90.5314
90.5357
90.5372
90.5429
90.5429
90.5437
90.5447
90.5467
90.5494
90.5514
90.5557
90.5559
90.5566
90.5588
90.5591
90.5606
90.5611
90.5639
90.5668
90.5687
90.5695
90.5739
90.5755
90.5759
90.5772
90.5784
90.5787
90.5799
90.5861
90.5863
90.5868
90.5897
90.5954
90.5954
90.6029
90.6069
90.6072
90.6084
90.6093
90.6136
90.6188
90.625
90.6274
90.6315
90.6323
90.6328
90.633
90.6341
90.6349
90.6356
90.6404
90.6467
90.6516
90.6527
90.6549
90.6553
90.6571
90.658
90.6592
90.6597
90.6627
90.6627
90.6687
90.6691
90.6718
90.6722
90.6751
90.6796
90.685
90.6851
90.6882
90.6955
90.6967
90.7023
90.7035
90.7037
90.7043
90.706
90.7071
90.7085
90.71
90.7114
90.7135
90.7152
90.7157
90.7189
90.7193
90.7302
90.7318
90.7322
90.7351
90.739
90.7401
90.7406
90.742
90.7423
90.7497
90.751
90.7568
90.7574
90.7586
90.7596
90.7603
90.7613
90.7641
90.7677
90.7681
90.7689
90.77
90.7718
90.7737
90.7762
90.7777
90.7778
90.7859
90.786
90.7887
90.793
90.7973
90.7979
90.8027
90.8051
90.8098
90.8128
90.8145
90.8156
90.8167
90.817
90.8212
90.8233
90.8233
90.8246
90.8278
90.8307
90.8346
90.8351
90.839
90.8397
90.8415
90.843
90.8433
90.8436
90.8447
90.8455
90.8483
90.8487
90.8491
90.8492
90.8495
90.8504
90.852
90.8523
90.856
90.8603
90.8627
90.8627
90.8634
90.8635
90.8641
90.8668
90.867
90.8672
90.8705
90.8753
90.8774
90.8782
90.8783
90.8798
90.8808
90.8843
90.8845
90.8851
90.8876
90.8893
90.8928
90.8939
90.8951
90.8952
90.8967
90.8978
90.8983
90.8994
90.8995
90.9009
90.9018
90.9034
90.9041
90.9094
90.9106
90.9117
90.9126
90.913
90.9141
90.9144
90.9154
90.9182
90.9202
90.9209
90.9251
90.9253
90.9269
90.927
90.9283
90.9299
90.9299
90.93
90.9336
90.935
90.9351
90.9416
90.9417
90.9441
90.9453
90.946
90.9462
90.9477
90.9514
90.9524
90.9528
90.9535
90.9558
90.9565
90.9589
90.9589
90.9595
90.9614
90.9632
90.9633
90.9648
90.9671
90.9708
90.9712
90.9716
90.9733
90.9738
90.9745
90.9763
90.9778
90.9782
90.9794
90.9813
90.9836
90.9846
90.9866
90.9878
90.9879
90.9943
90.9957
90.9966
90.9984
90.9996
91.0002
91.0006
91.0009
91.0013
91.0038
91.0052
91.0053
91.0059
91.008
91.0082
91.0111
91.0111
91.0113
91.0123
91.0147
91.0181
91.0233
91.0244
91.0253
91.0265
91.0271
91.0271
91.0273
91.0275
91.0286
91.0291
91.0306
91.0317
91.0322
91.0349
91.0356
91.0372
91.04
91.0425
91.0439
91.045
91.046
91.0462
91.0468
91.0469
91.0478
91.0491
91.0493
91.0498
91.0527
91.0531
91.0551
91.056
91.0584
91.0602
91.0605
91.0606
91.0636
91.067
91.0682
91.0696
91.0752
91.0762
91.0799
91.0826
91.083
91.0838
91.0839
91.086
91.0872
91.0878
91.0884
91.0887
91.0896
91.0897
91.0897
91.0899
91.0899
91.0905
91.0919
91.0921
91.0922
91.0934
91.0937
91.0959
91.0964
91.0974
91.0974
91.0996
91.1016
91.1023
91.1028
91.1034
91.1046
91.1058
91.1061
91.1086
91.1111
91.1127
91.1169
91.1193
91.1193
91.1203
91.1207
91.1223
91.124
91.1251
91.1257
91.1266
91.1268
91.1271
91.1272
91.1276
91.1283
91.1302
91.1307
91.1333
91.1335
91.1342
91.1365
91.1384
91.1387
91.1391
91.1395
91.1408
91.1419
91.1444
91.1447
91.1458
91.1471
91.1475
91.148
91.1499
91.15
91.1509
91.1541
91.1547
91.1556
91.1567
91.1571
91.1588
91.1595
91.1605
91.1611
91.1618
91.1621
91.163
91.1645
91.1656
91.1679
91.1685
91.1685
91.1705
91.1725
91.1763
91.1788
91.1802
91.181
91.1812
91.1817
91.1819
91.1881
91.19
91.1901
91.1906
91.1929
91.1933
91.1951
91.1956
91.1963
91.1982
91.202
91.2037
91.2057
91.2064
91.2078
91.208
91.2093
91.2099
91.2122
91.2157
91.2158
91.217
91.2223
91.2225
91.2244
91.2253
91.2277
91.2322
91.2322
91.2326
91.237
91.2394
91.2398
91.2399
91.2423
91.243
91.2436
91.2438
91.2498
91.2501
91.2505
91.2518
91.2522
91.2558
91.257
91.2592
91.26
91.2617
91.2618
91.2631
91.2641
91.2644
91.267
91.2682
91.2701
91.2713
91.2728
91.2735
91.2738
91.2746
91.2767
91.2778
91.2809
91.2821
91.2824
91.2824
91.2836
91.2872
91.2879
91.2901
91.292
91.2925
91.2931
91.2944
91.2955
91.3007
91.3011
91.3015
91.3015
91.3021
91.3026
91.3041
91.3061
91.3062
91.3062
91.3078
91.3081
91.3083
91.3097
91.3097
91.31
91.3108
91.3112
91.3127
91.3143
91.3149
91.3161
91.3164
91.3181
91.3195
91.3196
91.3208
91.3211
91.3213
91.3226
91.3228
91.3242
91.3249
91.3267
91.3276
91.3283
91.3288
91.3291
91.3305
91.3315
91.3344
91.3344
91.3345
91.335
91.3364
91.3379
91.3384
91.3425
91.3426
91.3431
91.346
91.3469
91.3501
91.3514
91.3518
91.355
91.3559
91.356
91.3577
91.3578
91.3584
91.3606
91.3616
91.3636
91.3638
91.3643
91.3645
91.3647
91.3685
91.3709
91.3729
91.373
91.3736
91.3741
91.3765
91.3765
91.3778
91.3788
91.3809
91.3816
91.3829
91.3837
91.3882
91.389
91.3898
91.3904
91.3904
91.3924
91.3927
91.3961
91.3976
91.3981
91.4011
91.4028
91.4033
91.4034
91.4042
91.4045
91.405
91.4052
91.4059
91.4099
91.4105
91.4113
91.4113
91.4113
91.4121
91.4138
91.4141
91.4181
91.4186
91.4188
91.42
91.4227
91.4236
91.4243
91.4262
91.4311
91.4326
91.4327
91.4328
91.4333
91.4334
91.4345
91.4353
91.4368
91.4389
91.4395
91.4398
91.44
91.4403
91.4476
91.4493
91.4508
91.4538
91.456
91.4574
91.4583
91.4596
91.4601
91.4614
91.4614
91.462
91.4622
91.4624
91.4625
91.4635
91.4636
91.4673
91.4675
91.4684
91.4687
91.4691
91.4692
91.4728
91.4738
91.4739
91.4747
91.4752
91.4764
91.4782
91.4788
91.4792
91.4795
91.4808
91.4856
91.4862
91.4867
91.4868
91.4869
91.4878
91.4951
91.4955
91.4959
91.4973
91.4977
91.4984
91.5011
91.5022
91.5028
91.5072
91.5073
91.5077
91.5113
91.5118
91.5121
91.515
91.5166
91.5177
91.5206
91.5214
91.5241
91.5244
91.5247
91.5251
91.5259
91.5262
91.5263
91.5291
91.5309
91.5311
91.5314
91.5322
91.5333
91.5337
91.5355
91.537
91.5373
91.5386
91.5401
91.5414
91.5434
91.5439
91.549
91.5497
91.5499
91.5506
91.5517
91.5518
91.5518
91.5527
91.5532
91.5544
91.5553
91.5574
91.5576
91.5588
91.5605
91.561
91.563
91.5643
91.5644
91.5647
91.5658
91.5659
91.5659
91.5667
91.5705
91.5708
91.5709
91.571
91.5718
91.5725
91.5734
91.5767
91.578
91.5784
91.5794
91.5807
91.5813
91.5818
91.5823
91.5824
91.5832
91.5847
91.5866
91.5874
91.5897
91.5923
91.5965
91.5974
91.5995
91.5999
91.6016
91.6021
91.6045
91.6058
91.6089
91.6099
91.6134
91.6148
91.6152
91.6166
91.6173
91.6195
91.6206
91.6207
91.6208
91.6209
91.6218
91.6232
91.6236
91.6243
91.626
91.6271
91.6277
91.6279
91.6292
91.6299
91.6311
91.6318
91.6335
91.6337
91.6341
91.6351
91.6351
91.6351
91.6366
91.6374
91.6416
91.6423
91.6425
91.6426
91.6427
91.6442
91.6444
91.6462
91.6472
91.6482
91.6484
91.649
91.649
91.6499
91.651
91.6516
91.6528
91.655
91.6569
91.6573
91.6574
91.658
91.6586
91.6589
91.662
91.6629
91.6632
91.6637
91.665
91.6653
91.6659
91.6666
91.6675
91.668
91.6714
91.6719
91.6722
91.6748
91.6762
91.6766
91.6766
91.6786
91.6788
91.6793
91.6799
91.6812
91.6826
91.6826
91.6854
91.6856
91.6889
91.6918
91.6928
91.6932
91.6932
91.6946
91.6948
91.6948
91.6965
91.6972
91.6975
91.698
91.6982
91.6996
91.7
91.7013
91.7059
91.7082
91.7093
91.7109
91.7128
91.7137
91.7143
91.7149
91.7159
91.7167
91.7189
91.7193
91.7204
91.7204
91.7212
91.7215
91.7225
91.7233
91.7234
91.724
91.7248
91.7258
91.7274
91.7293
91.7296
91.7324
91.7326
91.7326
91.7347
91.736
91.7372
91.7373
91.7374
91.7382
91.7415
91.7417
91.7431
91.7439
91.7441
91.7455
91.7455
91.747
91.7486
91.7493
91.7499
91.7504
91.7504
91.7508
91.7511
91.7514
91.7522
91.7527
91.7533
91.7536
91.7547
91.7554
91.7555
91.7563
91.7571
91.7585
91.7586
91.7602
91.761
91.7618
91.7633
91.764
91.765
91.7651
91.7656
91.7661
91.7661
91.7674
91.7722
91.7744
91.7757
91.7763
91.7773
91.7785
91.7787
91.782
91.7821
91.7825
91.7828
91.7847
91.7861
91.7889
91.7907
91.791
91.7916
91.793
91.7947
91.7951
91.7954
91.7961
91.7969
91.7981
91.7983
91.7987
91.7989
91.7997
91.8003
91.8007
91.8026
91.8029
91.8032
91.8045
91.8055
91.8058
91.8086
91.8088
91.8088
91.8091
91.8124
91.8127
91.8129
91.8137
91.8138
91.8142
91.8157
91.8163
91.8164
91.8167
91.8169
91.8179
91.8187
91.819
91.8192
91.8194
91.8202
91.8203
91.8205
91.8209
91.8219
91.8232
91.8239
91.8244
91.8257
91.8263
91.8264
91.8265
91.828
91.8288
91.8292
91.8302
91.8302
91.8311
91.8329
91.834
91.8355
91.8366
91.8371
91.8378
91.838
91.8388
91.8391
91.8398
91.84
91.8405
91.8408
91.8449
91.8462
91.8486
91.8511
91.852
91.852
91.8532
91.8557
91.856
91.8578
91.8578
91.8581
91.859
91.8598
91.8606
91.8623
91.8628
91.8633
91.8642
91.8645
91.8646
91.8654
91.8658
91.8675
91.8676
91.8707
91.8717
91.8727
91.8729
91.874
91.8741
91.8749
91.8752
91.8753
91.8756
91.8764
91.8769
91.8793
91.8793
91.8795
91.8799
91.8811
91.8812
91.8817
91.8833
91.8837
91.884
91.8871
91.8892
91.8895
91.8901
91.8904
91.8929
91.8932
91.8961
91.8983
91.8987
91.8999
91.9
91.9005
91.9007
91.9013
91.9024
91.9029
91.9072
91.9074
91.9077
91.9077
91.9088
91.9109
91.9112
91.9121
91.9133
91.9136
91.9153
91.9157
91.9162
91.9166
91.9174
91.9174
91.9175
91.9192
91.921
91.9218
91.9218
91.9224
91.9229
91.923
91.9239
91.9241
91.9253
91.9253
91.9255
91.926
91.9292
91.9308
91.9322
91.9343
91.9347
91.9354
91.9366
91.9368
91.9374
91.9374
91.9382
91.9404
91.9413
91.9423
91.9424
91.9425
91.9429
91.943
91.9432
91.9439
91.9444
91.9467
91.9487
91.9496
91.9505
91.9513
91.9516
91.9531
91.9535
91.9536
91.9547
91.9549
91.9551
91.9554
91.9557
91.9559
91.9559
91.9564
91.957
91.9583
91.9584
91.9588
91.9597
91.9603
91.961
91.9614
91.9635
91.9643
91.9676
91.9688
91.9689
91.9694
91.9722
91.9732
91.9733
91.976
91.9762
91.9772
91.9773
91.9778
91.9788
91.9799
91.98
91.9802
91.9806
91.9807
91.9809
91.9811
91.9817
91.984
91.9844
91.9865
91.9867
91.9874
91.9878
91.9881
91.9897
91.9902
91.991
91.9915
91.9919
91.9919
91.9923
91.9923
91.9948
91.995
91.9966
91.9976
91.9977
91.9977
91.9981
92.0003
92.0007
92.0019
92.0024
92.0026
92.0029
92.0031
92.0032
92.0045
92.0065
92.0068
92.0072
92.0091
92.0092
92.0094
92.0096
92.0128
92.0131
92.0131
92.0144
92.0155
92.0178
92.0181
92.0212
92.0221
92.0234
92.0239
92.0261
92.027
92.0286
92.0293
92.0302
92.0325
92.0331
92.0353
92.0413
92.0417
92.0428
92.0436
92.0442
92.0451
92.0454
92.0459
92.046
92.0465
92.0467
92.0476
92.0481
92.0509
92.0528
92.0555
92.0565
92.0566
92.057
92.0601
92.0607
92.0618
92.0626
92.0646
92.0661
92.0673
92.068
92.0713
92.0736
92.0749
92.0752
92.0773
92.0785
92.0797
92.0809
92.0823
92.0834
92.0834
92.084
92.0872
92.0887
92.0887
92.089
92.0906
92.0911
92.0917
92.0933
92.0998
92.1002
92.1011
92.102
92.103
92.1055
92.106
92.1062
92.1068
92.1071
92.1106
92.1114
92.112
92.1127
92.1131
92.1153
92.1161
92.1164
92.1171
92.1181
92.1185
92.1199
92.1202
92.1203
92.1209
92.1209
92.1222
92.1237
92.1273
92.1288
92.1289
92.1299
92.1306
92.131
92.131
92.1325
92.1327
92.1334
92.134
92.1342
92.1346
92.135
92.135
92.1352
92.1353
92.1365
92.1374
92.1393
92.1422
92.1423
92.1425
92.1462
92.1467
92.1488
92.1506
92.1508
92.1513
92.1519
92.152
92.1524
92.1558
92.1586
92.1592
92.1646
92.1649
92.1657
92.1677
92.1692
92.1697
92.17
92.1708
92.1714
92.1738
92.1738
92.1759
92.1795
92.1824
92.1832
92.1858
92.186
92.1883
92.1906
92.1913
92.1919
92.194
92.1948
92.1952
92.1981
92.1986
92.1986
92.1999
92.201
92.2011
92.202
92.2022
92.2024
92.2025
92.2028
92.2037
92.2042
92.2044
92.2053
92.2054
92.2055
92.2063
92.2075
92.2081
92.2091
92.2093
92.2098
92.2107
92.2107
92.2108
92.2111
92.2112
92.2112
92.2117
92.2131
92.2136
92.2136
92.215
92.2152
92.2152
92.2164
92.2179
92.2196
92.2201
92.2219
92.2244
92.2263
92.2286
92.2295
92.2305
92.2306
92.2311
92.2321
92.2324
92.2338
92.2354
92.2364
92.2372
92.2377
92.2385
92.2402
92.2421
92.2444
92.2447
92.2459
92.2472
92.2476
92.248
92.2486
92.2496
92.2547
92.2551
92.2561
92.2568
92.2571
92.2592
92.2599
92.2601
92.2606
92.2619
92.2621
92.2633
92.2635
92.2662
92.2665
92.268
92.2692
92.2693
92.2699
92.2704
92.2713
92.2729
92.2734
92.2745
92.2761
92.279
92.2793
92.2797
92.2815
92.2819
92.2823
92.2836
92.2842
92.2849
92.2855
92.2858
92.2868
92.2885
92.2892
92.2893
92.2909
92.291
92.2923
92.2924
92.2935
92.2943
92.2975
92.2976
92.2979
92.2989
92.3024
92.3028
92.3046
92.3054
92.3056
92.306
92.3068
92.3078
92.3088
92.3094
92.3094
92.3117
92.3142
92.3142
92.315
92.3165
92.3171
92.3183
92.3188
92.3192
92.3214
92.3218
92.3236
92.324
92.3241
92.3277
92.3289
92.329
92.3299
92.3347
92.3363
92.3385
92.3387
92.3394
92.3403
92.3406
92.342
92.3422
92.3427
92.3442
92.3448
92.3455
92.3463
92.35
92.3502
92.3504
92.3505
92.351
92.3514
92.3519
92.3553
92.3557
92.3561
92.3584
92.3588
92.3593
92.3603
92.3623
92.3627
92.3651
92.3659
92.366
92.3666
92.3667
92.37
92.3706
92.3717
92.3723
92.3734
92.3749
92.3762
92.3776
92.3776
92.3784
92.3807
92.384
92.3851
92.3865
92.388
92.3881
92.3887
92.3887
92.39
92.3912
92.3919
92.393
92.3948
92.3953
92.3956
92.3965
92.3969
92.3975
92.3982
92.3984
92.3997
92.3998
92.4006
92.401
92.4019
92.4029
92.4033
92.4041
92.4045
92.4064
92.4071
92.4078
92.4082
92.4088
92.4091
92.4113
92.4122
92.4122
92.4131
92.4134
92.4142
92.415
92.415
92.4151
92.4158
92.416
92.4192
92.4211
92.4242
92.4244
92.4245
92.4257
92.4259
92.4272
92.4274
92.4286
92.4291
92.4291
92.4304
92.4315
92.4345
92.4357
92.4368
92.4369
92.4374
92.4374
92.4377
92.4377
92.4384
92.4388
92.4403
92.4407
92.4411
92.4425
92.445
92.4451
92.4454
92.4495
92.4498
92.4498
92.4528
92.453
92.4535
92.4544
92.456
92.4565
92.4593
92.4616
92.4618
92.4639
92.4644
92.466
92.4668
92.467
92.4684
92.4687
92.4718
92.4723
92.4735
92.4757
92.4778
92.4799
92.4815
92.4822
92.483
92.4835
92.484
92.4841
92.4842
92.4855
92.4861
92.4865
92.4872
92.4881
92.4889
92.4897
92.4898
92.4909
92.4911
92.4914
92.4918
92.4933
92.4935
92.4935
92.4941
92.4957
92.4986
92.4999
92.5001
92.5032
92.5038
92.5046
92.5054
92.5055
92.5063
92.508
92.508
92.5084
92.5091
92.5111
92.5121
92.513
92.5145
92.5152
92.5157
92.5168
92.5169
92.5192
92.5203
92.5204
92.5228
92.5232
92.5244
92.5248
92.525
92.5256
92.5258
92.5265
92.5272
92.5274
92.5282
92.5291
92.5305
92.5327
92.533
92.5338
92.5352
92.5357
92.5357
92.5386
92.5399
92.5399
92.5408
92.5414
92.5416
92.5427
92.5428
92.5436
92.5438
92.5443
92.5457
92.5459
92.5459
92.5462
92.5495
92.5498
92.5529
92.5551
92.5556
92.5558
92.5566
92.5566
92.5568
92.5576
92.5607
92.5609
92.5612
92.563
92.5644
92.565
92.5665
92.5665
92.5683
92.5687
92.5689
92.5692
92.5699
92.5701
92.5703
92.5711
92.5713
92.5722
92.5747
92.575
92.575
92.5754
92.5757
92.5763
92.5763
92.5782
92.5803
92.5805
92.5807
92.5813
92.5829
92.5836
92.5838
92.5839
92.5876
92.5877
92.589
92.5893
92.5902
92.5906
92.5922
92.5933
92.5938
92.5941
92.5947
92.5955
92.597
92.597
92.5974
92.5981
92.5997
92.6016
92.6017
92.6029
92.6031
92.6042
92.6047
92.6052
92.6058
92.606
92.6077
92.6086
92.6086
92.6095
92.6121
92.613
92.6144
92.6162
92.6163
92.6182
92.6186
92.6188
92.6205
92.6215
92.622
92.6232
92.6244
92.6245
92.6248
92.6255
92.6262
92.6301
92.6305
92.631
92.6318
92.6318
92.6333
92.6341
92.6352
92.6355
92.6368
92.6386
92.6401
92.6402
92.6407
92.6424
92.6426
92.6429
92.6436
92.6451
92.6463
92.6467
92.6469
92.6487
92.6501
92.6506
92.6526
92.6528
92.6532
92.6541
92.6545
92.6549
92.6552
92.6554
92.6569
92.6578
92.6584
92.6589
92.6596
92.6608
92.6662
92.6678
92.6687
92.6718
92.674
92.6785
92.6819
92.6822
92.683
92.6831
92.6841
92.6867
92.6868
92.6872
92.6888
92.6891
92.6892
92.6901
92.6908
92.6911
92.6921
92.6937
92.6941
92.6943
92.696
92.6993
92.6999
92.7
92.7038
92.7039
92.7048
92.7064
92.7085
92.7086
92.7088
92.7091
92.7096
92.7115
92.712
92.7122
92.7122
92.7126
92.7127
92.7134
92.7135
92.7147
92.7164
92.7165
92.718
92.7183
92.7192
92.7192
92.7206
92.7206
92.7215
92.7218
92.7218
92.7221
92.7222
92.7242
92.7245
92.7252
92.7267
92.7284
92.729
92.7308
92.7314
92.7318
92.7342
92.7351
92.7368
92.7393
92.7395
92.7411
92.7413
92.7425
92.7427
92.7437
92.7444
92.7452
92.7465
92.7467
92.7472
92.7477
92.7483
92.7488
92.7519
92.753
92.7554
92.7573
92.7585
92.7591
92.7602
92.7605
92.7609
92.7642
92.7645
92.7648
92.7649
92.7663
92.7675
92.7685
92.7689
92.7697
92.77
92.7702
92.7702
92.7709
92.7721
92.7738
92.7741
92.7745
92.7746
92.7752
92.7758
92.7774
92.7791
92.7798
92.7801
92.7813
92.7824
92.7843
92.785
92.7853
92.7855
92.7876
92.7885
92.7922
92.793
92.7935
92.795
92.7972
92.7973
92.7973
92.7973
92.7975
92.7982
92.7985
92.8004
92.8018
92.8025
92.8047
92.8048
92.8076
92.8112
92.8116
92.8129
92.8142
92.8156
92.8167
92.8172
92.818
92.8192
92.8193
92.8202
92.8207
92.822
92.8243
92.8252
92.8267
92.8278
92.8283
92.8285
92.8322
92.8328
92.836
92.838
92.8381
92.8381
92.8387
92.8393
92.8405
92.8412
92.8413
92.8419
92.8422
92.8428
92.8445
92.8479
92.848
92.8489
92.8497
92.8548
92.8548
92.856
92.8561
92.8567
92.8583
92.8588
92.859
92.8597
92.8602
92.8617
92.8619
92.8629
92.8632
92.8633
92.8638
92.8639
92.8662
92.8663
92.8663
92.8676
92.8698
92.8707
92.8737
92.8737
92.8758
92.8771
92.8775
92.8781
92.8785
92.8804
92.8815
92.882
92.8822
92.8838
92.8847
92.8857
92.8872
92.888
92.8888
92.8889
92.8893
92.8896
92.8898
92.8917
92.8937
92.8944
92.8949
92.896
92.8967
92.9004
92.9025
92.903
92.9044
92.905
92.905
92.9053
92.906
92.9064
92.9075
92.9075
92.9078
92.909
92.9107
92.9108
92.913
92.9145
92.9146
92.9151
92.9154
92.9158
92.9165
92.9181
92.9182
92.9188
92.9201
92.921
92.9218
92.9219
92.9227
92.9232
92.9234
92.924
92.9258
92.9274
92.9305
92.9306
92.9307
92.9336
92.9341
92.9344
92.9348
92.9359
92.9361
92.9366
92.9368
92.9391
92.94
92.9401
92.9408
92.9409
92.9425
92.943
92.9467
92.9469
92.9491
92.9509
92.9515
92.9522
92.9568
92.957
92.9578
92.9592
92.9602
92.9605
92.9611
92.9625
92.9627
92.9631
92.965
92.9663
92.9671
92.9683
92.9683
92.9684
92.9687
92.9687
92.969
92.9692
92.9705
92.9708
92.9713
92.9719
92.9726
92.9727
92.9738
92.9743
92.9749
92.9751
92.9757
92.9794
92.9801
92.9816
92.9839
92.9847
92.9851
92.9867
92.9869
92.9872
92.9873
92.9877
92.9886
92.9887
92.9913
92.9923
92.9931
92.9932
92.9935
92.9955
92.9969
92.9973
92.9993
92.9998
93
93.0003
93.0011
93.004
93.0081
93.0081
93.0131
93.0136
93.0137
93.0137
93.0137
93.0139
93.0153
93.0154
93.0159
93.0162
93.0167
93.017
93.0171
93.0175
93.02
93.0221
93.0233
93.0257
93.0262
93.0265
93.0273
93.028
93.029
93.031
93.0313
93.034
93.0341
93.0343
93.0345
93.0399
93.041
93.0419
93.0419
93.0424
93.0437
93.0441
93.0444
93.0459
93.0482
93.05
93.0503
93.0521
93.0524
93.0553
93.0561
93.0565
93.0569
93.0578
93.0592
93.0606
93.0609
93.0625
93.0629
93.0651
93.0668
93.0679
93.0694
93.0701
93.0705
93.0709
93.0724
93.0725
93.073
93.0732
93.0734
93.0739
93.0757
93.0757
93.0758
93.0769
93.078
93.0784
93.0787
93.0805
93.0811
93.0824
93.0827
93.0827
93.0832
93.0839
93.0841
93.0842
93.0849
93.0865
93.0871
93.0872
93.0882
93.0898
93.0905
93.0908
93.0937
93.0979
93.0984
93.0985
93.099
93.0992
93.0992
93.0993
93.0995
93.1005
93.1008
93.1012
93.1021
93.1022
93.1026
93.1039
93.1056
93.1057
93.1063
93.1068
93.1076
93.1078
93.1086
93.1088
93.1089
93.109
93.1099
93.1121
93.1124
93.1126
93.1129
93.1136
93.1159
93.1166
93.1171
93.1178
93.119
93.119
93.1192
93.1197
93.1198
93.1207
93.1217
93.1218
93.1235
93.1244
93.1245
93.1274
93.1277
93.1304
93.1315
93.1318
93.1323
93.1334
93.1339
93.1345
93.1348
93.135
93.1352
93.1363
93.138
93.14
93.1428
93.1434
93.1445
93.1496
93.1498
93.1507
93.1529
93.1535
93.1536
93.1545
93.1547
93.1555
93.1559
93.157
93.1574
93.1577
93.1591
93.1596
93.1596
93.1602
93.1616
93.1623
93.1645
93.1647
93.1674
93.1691
93.1703
93.1716
93.1719
93.1719
93.1732
93.1743
93.1743
93.1767
93.1767
93.1774
93.1792
93.1803
93.1807
93.1815
93.1818
93.182
93.1861
93.1863
93.1871
93.1873
93.1883
93.1887
93.1898
93.191
93.1911
93.1925
93.193
93.1949
93.1958
93.1959
93.1969
93.197
93.198
93.1986
93.1987
93.199
93.1994
93.1995
93.2001
93.2007
93.202
93.203
93.2033
93.2057
93.207
93.2074
93.2078
93.2085
93.2106
93.2109
93.2112
93.2119
93.2132
93.2135
93.2139
93.22
93.221
93.2251
93.2274
93.2283
93.2283
93.2296
93.2305
93.2311
93.2327
93.2336
93.2355
93.2366
93.2376
93.2385
93.2388
93.239
93.2397
93.2416
93.2422
93.2423
93.2452
93.2481
93.2514
93.2519
93.2519
93.2535
93.2537
93.2542
93.256
93.2569
93.257
93.258
93.2586
93.2588
93.2602
93.2615
93.2627
93.2637
93.2645
93.2645
93.2653
93.2671
93.2672
93.2698
93.2698
93.2714
93.2735
93.2739
93.2764
93.2772
93.2776
93.2778
93.2782
93.2784
93.2785
93.2786
93.2786
93.2797
93.2804
93.2819
93.2836
93.2839
93.2844
93.2847
93.2852
93.2857
93.2871
93.2873
93.2884
93.2905
93.2906
93.2909
93.291
93.2917
93.2922
93.2938
93.2947
93.295
93.2975
93.2977
93.3006
93.3037
93.3064
93.3069
93.3079
93.3108
93.3143
93.3156
93.3166
93.318
93.3181
93.3191
93.3224
93.3234
93.3234
93.3238
93.3243
93.3248
93.3263
93.3272
93.3274
93.3282
93.3291
93.3311
93.3317
93.3328
93.3331
93.3339
93.3341
93.3347
93.3359
93.3362
93.3384
93.3391
93.3394
93.3408
93.341
93.3418
93.3443
93.3449
93.3458
93.3463
93.3478
93.3503
93.3514
93.3517
93.3542
93.3543
93.3548
93.3562
93.3575
93.3585
93.3592
93.3601
93.3604
93.3609
93.3631
93.3677
93.3682
93.3704
93.3719
93.3719
93.373
93.3741
93.3752
93.3767
93.3773
93.3777
93.3791
93.3796
93.3797
93.3807
93.3817
93.3844
93.3848
93.3852
93.3866
93.3881
93.3888
93.3906
93.3908
93.3908
93.3909
93.391
93.3917
93.3935
93.3952
93.3958
93.3996
93.4004
93.4004
93.4012
93.4012
93.4026
93.4048
93.4053
93.4068
93.4074
93.4076
93.4085
93.4087
93.4098
93.4143
93.4157
93.4186
93.4186
93.4186
93.4188
93.4208
93.4232
93.4234
93.4254
93.4261
93.4266
93.4288
93.4291
93.4314
93.4324
93.4335
93.4367
93.4381
93.4428
93.4442
93.4448
93.4449
93.4451
93.4456
93.4509
93.4517
93.4518
93.4538
93.4549
93.4552
93.4553
93.4555
93.4557
93.4564
93.4574
93.4602
93.4611
93.4612
93.4614
93.4631
93.4648
93.4662
93.4673
93.4675
93.4683
93.4694
93.4706
93.4711
93.4712
93.4716
93.4716
93.4737
93.4742
93.4742
93.4795
93.4805
93.4806
93.4833
93.4848
93.488
93.4884
93.4909
93.4916
93.4917
93.4917
93.4962
93.4964
93.4977
93.4979
93.5003
93.5019
93.5029
93.5039
93.5041
93.5045
93.5075
93.508
93.5086
93.5095
93.5112
93.5118
93.5118
93.513
93.5152
93.5179
93.5217
93.522
93.5227
93.5232
93.5238
93.5256
93.527
93.5288
93.5288
93.5314
93.5332
93.534
93.5345
93.5349
93.5366
93.5388
93.539
93.5408
93.5411
93.5418
93.5427
93.5438
93.5514
93.5527
93.5541
93.5557
93.5559
93.5578
93.5594
93.5603
93.5605
93.5607
93.5612
93.5616
93.5623
93.5635
93.5636
93.5637
93.5677
93.5725
93.5747
93.5768
93.5779
93.5795
93.5799
93.5818
93.5833
93.5858
93.587
93.5875
93.5882
93.5884
93.5901
93.5909
93.5927
93.5931
93.5956
93.5959
93.5994
93.6031
93.6035
93.6052
93.6053
93.6056
93.6065
93.6066
93.6078
93.6084
93.6088
93.6111
93.6122
93.613
93.6149
93.6157
93.6178
93.6226
93.6248
93.6252
93.6254
93.6257
93.6258
93.6265
93.6307
93.632
93.6337
93.6349
93.6356
93.6379
93.6403
93.6427
93.6437
93.644
93.646
93.6479
93.6486
93.6513
93.6531
93.6536
93.6537
93.6542
93.655
93.6566
93.6575
93.6593
93.6598
93.6603
93.6632
93.664
93.6646
93.6647
93.6691
93.6725
93.6727
93.6749
93.6755
93.6758
93.6762
93.6762
93.678
93.6796
93.6797
93.68
93.6807
93.6807
93.6822
93.6826
93.6832
93.6839
93.6857
93.687
93.6877
93.6893
93.6916
93.6943
93.6945
93.6954
93.6979
93.6999
93.7013
93.7048
93.7054
93.7063
93.7077
93.7082
93.7087
93.7096
93.7099
93.7147
93.7159
93.7175
93.7183
93.7189
93.7203
93.7203
93.7215
93.7223
93.7248
93.7255
93.7266
93.7318
93.732
93.7323
93.7323
93.7329
93.7345
93.7348
93.737
93.7381
93.7395
93.741
93.7411
93.7422
93.7423
93.7436
93.7441
93.7508
93.7518
93.7536
93.7558
93.7578
93.7619
93.7625
93.7627
93.7641
93.7645
93.7658
93.7692
93.7725
93.7734
93.7749
93.7753
93.7769
93.7781
93.7782
93.7793
93.7823
93.7825
93.7828
93.7842
93.7851
93.7853
93.7855
93.786
93.7866
93.7872
93.7876
93.7884
93.7885
93.7908
93.7916
93.7918
93.793
93.7944
93.7968
93.798
93.7982
93.7985
93.7993
93.8006
93.8007
93.8015
93.8025
93.8057
93.8072
93.8093
93.8099
93.8105
93.8106
93.8125
93.8129
93.8131
93.8141
93.8151
93.8155
93.8163
93.8212
93.8213
93.822
93.8244
93.8251
93.8277
93.8285
93.8293
93.8302
93.8304
93.8307
93.8312
93.8314
93.8335
93.8347
93.8353
93.8365
93.8365
93.8371
93.8376
93.8395
93.8399
93.8434
93.8464
93.8476
93.8477
93.8529
93.8542
93.8544
93.8545
93.8546
93.8546
93.8547
93.8549
93.8571
93.8577
93.8592
93.8599
93.8616
93.862
93.8629
93.8636
93.8643
93.8684
93.8714
93.8749
93.8754
93.8755
93.8774
93.8799
93.8816
93.8832
93.8845
93.8848
93.8866
93.8882
93.8886
93.8941
93.8955
93.8957
93.8962
93.8979
93.8983
93.8992
93.9014
93.9023
93.9031
93.9038
93.9047
93.9055
93.9098
93.9105
93.9156
93.9156
93.9159
93.917
93.92
93.9203
93.9207
93.9209
93.9215
93.9222
93.9236
93.9268
93.927
93.9294
93.9305
93.9306
93.9311
93.9314
93.9331
93.935
93.9358
93.9374
93.9381
93.9399
93.9402
93.9404
93.9409
93.9421
93.943
93.9433
93.9436
93.9459
93.9492
93.9506
93.951
93.9527
93.9572
93.9574
93.9585
93.9587
93.9609
93.9609
93.9629
93.9637
93.966
93.9693
93.9704
93.9708
93.9709
93.9712
93.9713
93.9735
93.9739
93.9754
93.9754
93.9759
93.9789
93.9793
93.9822
93.9841
93.9851
93.9884
93.9889
93.9891
93.9896
93.9924
93.9945
93.9946
93.9947
93.9951
93.9958
93.997
93.9976
93.999
93.9999
94.001
94.0027
94.0035
94.0047
94.0079
94.0082
94.0123
94.0126
94.0133
94.0134
94.0134
94.0149
94.0174
94.019
94.0195
94.0199
94.021
94.0216
94.024
94.024
94.0256
94.0259
94.026
94.0293
94.0313
94.0322
94.0327
94.0338
94.0343
94.0379
94.0425
94.0432
94.0454
94.0482
94.0502
94.0503
94.0517
94.0527
94.0528
94.0554
94.0556
94.0579
94.058
94.0582
94.059
94.0603
94.0712
94.0721
94.0727
94.0734
94.0744
94.0752
94.0773
94.0773
94.0806
94.0816
94.0831
94.0831
94.084
94.0866
94.0895
94.0897
94.0907
94.0913
94.094
94.0941
94.0958
94.0964
94.1004
94.101
94.1022
94.1049
94.1068
94.1073
94.1085
94.1101
94.1136
94.1163
94.1238
94.1243
94.1262
94.1308
94.131
94.1315
94.1321
94.1322
94.133
94.1331
94.1345
94.1345
94.1383
94.1386
94.1404
94.1413
94.1416
94.1419
94.1439
94.1443
94.1471
94.1473
94.1479
94.1489
94.1495
94.1508
94.1515
94.1519
94.1555
94.1569
94.158
94.1582
94.1591
94.1592
94.1608
94.1625
94.1639
94.1699
94.1709
94.1717
94.1718
94.1762
94.177
94.1773
94.1781
94.1833
94.1844
94.1852
94.1854
94.186
94.1866
94.1901
94.1901
94.1937
94.1952
94.1971
94.2003
94.2004
94.2005
94.2011
94.2028
94.203
94.2033
94.2053
94.2057
94.2103
94.2118
94.2119
94.2128
94.2137
94.2169
94.217
94.22
94.2219
94.2222
94.2244
94.2269
94.2275
94.2296
94.2311
94.2325
94.2335
94.2339
94.2362
94.2422
94.244
94.2454
94.2454
94.2502
94.2527
94.2528
94.253
94.2536
94.2546
94.2552
94.2555
94.2556
94.2607
94.2629
94.2659
94.2687
94.2712
94.2714
94.2764
94.2772
94.2774
94.2805
94.2806
94.2816
94.2819
94.2842
94.2852
94.2855
94.2858
94.2871
94.2872
94.2881
94.2944
94.2946
94.297
94.2977
94.3
94.3009
94.3011
94.303
94.3035
94.3057
94.3063
94.31
94.3102
94.3107
94.3125
94.3125
94.3146
94.3178
94.318
94.3219
94.3243
94.3277
94.3291
94.33
94.3302
94.3302
94.331
94.3317
94.3319
94.3321
94.3371
94.3372
94.3374
94.3389
94.3406
94.3415
94.3427
94.343
94.3435
94.3437
94.3438
94.3445
94.3496
94.3496
94.3498
94.3577
94.3581
94.3585
94.3586
94.3603
94.361
94.3634
94.3642
94.3659
94.3671
94.3713
94.3716
94.3735
94.3737
94.3742
94.3743
94.3744
94.3745
94.3777
94.379
94.3801
94.3824
94.3835
94.3844
94.3855
94.3884
94.3899
94.3932
94.3966
94.3966
94.4013
94.4017
94.4022
94.4024
94.4025
94.4026
94.4064
94.407
94.414
94.4149
94.4159
94.4178
94.4195
94.4198
94.4233
94.4271
94.4291
94.433
94.4369
94.4372
94.4382
94.4408
94.4413
94.4468
94.4484
94.4485
94.4498
94.45
94.4501
94.4522
94.4533
94.4535
94.4545
94.4546
94.4569
94.4602
94.4603
94.4604
94.4612
94.4651
94.468
94.4692
94.4707
94.4711
94.4713
94.4746
94.4749
94.4791
94.4792
94.4794
94.4827
94.4834
94.4858
94.4866
94.4881
94.4908
94.4914
94.4949
94.4962
94.4983
94.4984
94.4992
94.5003
94.502
94.5041
94.5051
94.5065
94.5069
94.5083
94.5085
94.5108
94.5115
94.512
94.5129
94.5138
94.5143
94.5145
94.515
94.5177
94.5177
94.5208
94.525
94.5254
94.5257
94.5303
94.5309
94.5326
94.5336
94.5341
94.5356
94.5373
94.5414
94.5433
94.5438
94.5441
94.5461
94.548
94.5498
94.5502
94.5508
94.5516
94.5524
94.5529
94.554
94.5543
94.5543
94.5558
94.5571
94.5598
94.5612
94.5617
94.5632
94.5642
94.5688
94.5738
94.5744
94.5782
94.581
94.5821
94.5874
94.595
94.5962
94.6043
94.605
94.6057
94.6092
94.6107
94.6109
94.6127
94.6131
94.6141
94.6152
94.6153
94.6166
94.6167
94.6167
94.622
94.6221
94.6228
94.6235
94.6237
94.6247
94.6249
94.6271
94.6296
94.631
94.6337
94.6346
94.6347
94.6382
94.6385
94.641
94.6443
94.6446
94.6459
94.6485
94.6499
94.65
94.65
94.6513
94.6518
94.6535
94.6618
94.6622
94.6632
94.6644
94.6681
94.67
94.6727
94.6732
94.6749
94.6766
94.678
94.6789
94.6818
94.6836
94.6854
94.6867
94.6868
94.695
94.6954
94.697
94.6974
94.6976
94.6985
94.6991
94.6999
94.7002
94.7029
94.7062
94.7084
94.7105
94.7106
94.7136
94.7139
94.7143
94.7145
94.7148
94.7168
94.7178
94.7179
94.7182
94.7217
94.7251
94.7267
94.7287
94.73
94.7301
94.7309
94.7312
94.7342
94.7398
94.7409
94.7413
94.7426
94.7437
94.7441
94.7456
94.7469
94.7494
94.7496
94.7503
94.7511
94.7532
94.7586
94.7593
94.7595
94.7597
94.7631
94.7631
94.7652
94.7655
94.766
94.7678
94.7784
94.7812
94.7842
94.7847
94.7871
94.788
94.7888
94.7907
94.7913
94.7914
94.7916
94.7945
94.7962
94.7972
94.7973
94.7974
94.8009
94.8012
94.8047
94.8086
94.8092
94.8093
94.8097
94.811
94.8149
94.8217
94.8218
94.824
94.8242
94.8254
94.8279
94.8297
94.8338
94.834
94.8409
94.8429
94.8446
94.8469
94.847
94.8474
94.848
94.8484
94.849
94.8505
94.8517
94.852
94.8525
94.8566
94.8588
94.8588
94.8634
94.8639
94.8658
94.8674
94.8707
94.8762
94.8796
94.8801
94.8803
94.8855
94.8864
94.8883
94.8895
94.8928
94.895
94.8961
94.9009
94.9032
94.9056
94.9061
94.9097
94.9134
94.9137
94.914
94.915
94.9153
94.9156
94.9161
94.9174
94.9183
94.9183
94.9183
94.9184
94.9199
94.9203
94.9222
94.9245
94.9252
94.9253
94.9279
94.9288
94.9294
94.9321
94.9326
94.9331
94.9351
94.9354
94.9355
94.9361
94.9471
94.952
94.9527
94.9546
94.9548
94.9549
94.9582
94.9591
94.9594
94.9631
94.9633
94.9651
94.9656
94.9664
94.9697
94.9698
94.9707
94.975
94.9765
94.9776
94.9804
94.981
94.9822
94.9837
94.9864
94.9895
94.9931
94.9937
94.9959
95.001
95.003
95.0036
95.004
95.0044
95.0045
95.0132
95.0135
95.0175
95.0212
95.0226
95.0234
95.0236
95.0255
95.0294
95.0345
95.0398
95.0409
95.0409
95.042
95.0426
95.0497
95.0522
95.0546
95.0575
95.0577
95.0653
95.0653
95.0654
95.0674
95.068
95.0683
95.0695
95.0726
95.0761
95.0764
95.0787
95.0864
95.0899
95.0908
95.091
95.0913
95.0932
95.0938
95.0956
95.1007
95.1016
95.1019
95.1026
95.1029
95.1033
95.1069
95.1088
95.1097
95.1108
95.1111
95.1126
95.1139
95.1141
95.1156
95.1158
95.1171
95.12
95.126
95.1262
95.1282
95.1302
95.1351
95.1381
95.1423
95.1479
95.1491
95.154
95.1567
95.157
95.158
95.1583
95.1611
95.1632
95.1669
95.1692
95.1706
95.1712
95.1728
95.174
95.1816
95.1841
95.1858
95.19
95.1908
95.1924
95.1961
95.1968
95.2006
95.201
95.2049
95.2064
95.2077
95.2096
95.2116
95.2126
95.2136
95.2137
95.2146
95.2146
95.2176
95.2185
95.2282
95.2301
95.2314
95.2321
95.2322
95.2344
95.2374
95.2377
95.2384
95.2392
95.2412
95.2425
95.2432
95.2445
95.2449
95.2451
95.2479
95.2485
95.2544
95.2558
95.2588
95.2627
95.2647
95.2672
95.2676
95.2682
95.2691
95.2696
95.2716
95.2736
95.2737
95.2758
95.2768
95.2787
95.281
95.2835
95.2838
95.2842
95.2846
95.285
95.2901
95.2926
95.2936
95.2958
95.2959
95.2964
95.2971
95.2997
95.3014
95.3034
95.3044
95.309
95.3115
95.3117
95.3131
95.3155
95.3171
95.318
95.3187
95.3193
95.3225
95.3232
95.327
95.3305
95.3305
95.3309
95.3344
95.3361
95.3391
95.3408
95.3411
95.343
95.3439
95.3445
95.3473
95.3492
95.3503
95.3506
95.3577
95.362
95.3633
95.3663
95.3693
95.3706
95.3764
95.3802
95.3803
95.3834
95.3857
95.39
95.3943
95.3948
95.396
95.3969
95.3972
95.3974
95.3999
95.3999
95.4009
95.4022
95.4043
95.4051
95.4099
95.4131
95.4162
95.4173
95.4178
95.4204
95.4218
95.4227
95.4245
95.4257
95.4283
95.4289
95.4324
95.4336
95.4353
95.4366
95.4374
95.4393
95.4395
95.4433
95.4456
95.448
95.4483
95.4497
95.4541
95.455
95.4554
95.4582
95.4623
95.4652
95.4699
95.4723
95.4732
95.4746
95.4754
95.4755
95.4759
95.4768
95.487
95.492
95.4924
95.4954
95.4976
95.4978
95.4998
95.5003
95.5037
95.504
95.511
95.5125
95.5133
95.5161
95.5164
95.5173
95.5189
95.5245
95.5256
95.53
95.5332
95.5333
95.5334
95.5348
95.5453
95.552
95.5612
95.5625
95.5645
95.5652
95.5709
95.5723
95.5742
95.575
95.5763
95.5781
95.5798
95.5873
95.5895
95.5907
95.5962
95.5976
95.5994
95.6004
95.6005
95.602
95.606
95.6069
95.6076
95.6103
95.6106
95.612
95.6156
95.6159
95.6192
95.6196
95.6198
95.6226
95.6259
95.6266
95.6271
95.6278
95.6283
95.6287
95.6296
95.6308
95.6326
95.6366
95.6371
95.638
95.6382
95.6386
95.64
95.6403
95.641
95.6424
95.644
95.6499
95.6527
95.6559
95.6624
95.6631
95.6686
95.6694
95.6741
95.6755
95.6787
95.681
95.6817
95.683
95.6852
95.686
95.687
95.6875
95.6917
95.6942
95.6954
95.698
95.6987
95.7002
95.7012
95.7061
95.7063
95.7071
95.7083
95.7101
95.714
95.717
95.7171
95.7188
95.72
95.7206
95.7218
95.7221
95.725
95.7268
95.7271
95.7299
95.7326
95.7356
95.7361
95.7371
95.7383
95.7384
95.7416
95.7417
95.7498
95.7577
95.761
95.7627
95.763
95.7633
95.7694
95.7727
95.7731
95.7812
95.7812
95.7814
95.7818
95.7925
95.8006
95.8047
95.8048
95.8086
95.814
95.8146
95.8161
95.8177
95.8189
95.8193
95.822
95.8229
95.8252
95.826
95.8262
95.8283
95.8294
95.8307
95.834
95.8351
95.8358
95.8389
95.8404
95.8426
95.8467
95.8514
95.8514
95.854
95.8558
95.8637
95.8639
95.8672
95.8679
95.8684
95.8719
95.8722
95.8727
95.8761
95.8765
95.8772
95.8816
95.8823
95.8838
95.8843
95.8881
95.8906
95.8918
95.8929
95.8993
95.8995
95.9033
95.9039
95.9115
95.913
95.9147
95.915
95.9174
95.9203
95.9315
95.9323
95.9344
95.935
95.9357
95.9366
95.9371
95.9495
95.9543
95.9565
95.9635
95.9682
95.971
95.9711
95.9753
95.9784
95.9793
95.9808
95.9809
95.9837
95.9857
95.9875
95.9912
95.9914
95.9928
95.9949
95.995
95.9957
95.9958
95.9963
95.9977
95.9995
96.0014
96.0096
96.01
96.0152
96.0165
96.0184
96.0196
96.0228
96.0237
96.0278
96.029
96.0322
96.0356
96.0416
96.0447
96.0513
96.0539
96.055
96.0635
96.0636
96.0656
96.0682
96.0691
96.0691
96.0698
96.0715
96.0717
96.073
96.0834
96.0857
96.0867
96.0882
96.0915
96.0941
96.1034
96.1045
96.1064
96.1118
96.1137
96.1141
96.1188
96.1218
96.1254
96.1259
96.1265
96.128
96.137
96.1374
96.1397
96.1398
96.1402
96.1453
96.1475
96.1528
96.1542
96.1545
96.1563
96.1564
96.1591
96.1602
96.1611
96.1659
96.1661
96.1675
96.1685
96.169
96.1693
96.1699
96.1703
96.1711
96.1723
96.1735
96.1768
96.1918
96.1929
96.195
96.1989
96.2019
96.2074
96.2083
96.2105
96.2112
96.2112
96.2134
96.2159
96.2193
96.2256
96.2288
96.2387
96.2388
96.241
96.2448
96.2492
96.2524
96.2572
96.2577
96.2591
96.2597
96.2604
96.2632
96.2656
96.2698
96.2727
96.2735
96.2817
96.2817
96.2846
96.2856
96.2859
96.2878
96.2924
96.2928
96.2984
96.2993
96.3011
96.3039
96.3041
96.305
96.3052
96.3058
96.3063
96.3063
96.3098
96.3132
96.3167
96.3172
96.3173
96.3312
96.3314
96.3343
96.3345
96.3351
96.3353
96.3452
96.3457
96.3468
96.3497
96.3497
96.3575
96.3579
96.3581
96.3592
96.3627
96.3629
96.363
96.3631
96.3638
96.3694
96.3698
96.3709
96.3753
96.3759
96.3759
96.3847
96.3936
96.3987
96.399
96.4013
96.4055
96.406
96.411
96.4116
96.4118
96.4159
96.416
96.4184
96.4236
96.4251
96.4278
96.4315
96.4329
96.4361
96.4381
96.4383
96.4388
96.4424
96.4426
96.4438
96.4458
96.4486
96.4496
96.4558
96.4558
96.4609
96.4676
96.468
96.4696
96.4742
96.4804
96.4849
96.4956
96.4961
96.4973
96.4997
96.5014
96.5026
96.5045
96.5052
96.5067
96.5076
96.5099
96.513
96.5138
96.5145
96.5153
96.5173
96.5195
96.5208
96.5213
96.5226
96.532
96.5339
96.5346
96.5347
96.5376
96.5433
96.5435
96.5438
96.5452
96.5542
96.5548
96.5565
96.5703
96.5797
96.5808
96.5815
96.5831
96.5849
96.5883
96.591
96.5934
96.5946
96.6003
96.6008
96.6061
96.6091
96.6129
96.6159
96.6174
96.618
96.6217
96.6222
96.6227
96.6227
96.6232
96.6251
96.6285
96.6292
96.6298
96.6302
96.6394
96.6423
96.6493
96.6493
96.6497
96.6498
96.651
96.6538
96.6558
96.6604
96.6621
96.6675
96.6705
96.6714
96.6789
96.6814
96.6828
96.6829
96.6849
96.6959
96.7029
96.7044
96.705
96.7124
96.7153
96.7232
96.7264
96.7328
96.7338
96.7391
96.7394
96.7413
96.747
96.7473
96.7521
96.7608
96.7614
96.7615
96.7728
96.7739
96.7786
96.7953
96.7996
96.8028
96.8032
96.8073
96.8126
96.8146
96.828
96.828
96.8282
96.8403
96.841
96.8438
96.8457
96.8461
96.8471
96.8494
96.8551
96.8565
96.8596
96.8663
96.8741
96.8749
96.877
96.8776
96.8777
96.8781
96.8787
96.889
96.8955
96.8959
96.9009
96.9019
96.9037
96.9039
96.9073
96.908
96.9148
96.925
96.9257
96.9276
96.9286
96.9304
96.9305
96.9315
96.9328
96.934
96.9366
96.9413
96.9431
96.9439
96.9469
96.9478
96.9497
96.9565
96.957
96.9619
96.962
96.963
96.9634
96.9649
96.965
96.9651
96.9707
96.9717
96.9904
96.9935
96.9962
96.9971
97.0046
97.0066
97.007
97.0166
97.0211
97.0256
97.0326
97.0328
97.0507
97.0551
97.0566
97.0597
97.0607
97.0647
97.0652
97.0685
97.071
97.0721
97.075
97.0825
97.0839
97.0901
97.0908
97.0927
97.0936
97.1013
97.1133
97.1169
97.1175
97.1183
97.1185
97.1211
97.1216
97.1261
97.1277
97.1288
97.1301
97.1321
97.1326
97.1335
97.1389
97.1401
97.1447
97.145
97.145
97.1484
97.1513
97.1538
97.1581
97.1583
97.1605
97.1624
97.1625
97.1663
97.1673
97.1772
97.187
97.1891
97.1891
97.1973
97.1996
97.2012
97.2033
97.2055
97.2062
97.2076
97.2088
97.2088
97.2096
97.2155
97.2247
97.2274
97.2361
97.2363
97.2369
97.2402
97.2459
97.2499
97.2518
97.2554
97.2555
97.2627
97.2668
97.2696
97.2809
97.2815
97.2834
97.2908
97.2964
97.3021
97.3037
97.3049
97.3062
97.3098
97.3121
97.313
97.3148
97.3156
97.3278
97.3311
97.3313
97.3343
97.3415
97.3565
97.3589
97.3637
97.3645
97.3691
97.37
97.3764
97.3798
97.3818
97.3834
97.3892
97.3906
97.3914
97.3969
97.3974
97.3985
97.4046
97.4061
97.412
97.4124
97.4127
97.4177
97.4227
97.4239
97.4242
97.4376
97.4404
97.4443
97.4536
97.4657
97.4663
97.4679
97.4727
97.4738
97.5022
97.5075
97.5109
97.5189
97.5209
97.5267
97.5317
97.535
97.541
97.5458
97.5497
97.5573
97.5623
97.5642
97.5642
97.5691
97.5747
97.5761
97.5771
97.5782
97.5854
97.5898
97.5984
97.5989
97.599
97.6024
97.603
97.6062
97.6155
97.6169
97.6176
97.6205
97.6246
97.6438
97.6455
97.6495
97.6557
97.6775
97.6814
97.6832
97.686
97.6904
97.6918
97.6928
97.6931
97.6964
97.6986
97.7021
97.7075
97.7081
97.7218
97.7262
97.7316
97.7455
97.7473
97.7484
97.7488
97.7524
97.7548
97.7597
97.7623
97.7656
97.7754
97.776
97.7789
97.7799
97.7802
97.787
97.7901
97.7993
97.8128
97.8165
97.823
97.8372
97.8396
97.8404
97.8425
97.8512
97.8562
97.8593
97.863
97.8643
97.8694
97.8701
97.871
97.8742
97.8803
97.8899
97.8933
97.8943
97.898
97.9002
97.9053
97.9071
97.9075
97.9085
97.9099
97.9158
97.9236
97.9299
97.9309
97.9432
97.9545
97.96
97.967
97.9704
97.9711
97.9742
97.9808
97.9832
97.9893
97.9954
97.9994
98
98.0053
98.0061
98.0149
98.0165
98.0177
98.0186
98.0196
98.0261
98.0296
98.0298
98.032
98.0381
98.0407
98.0432
98.0455
98.0459
98.0506
98.0603
98.0655
98.0661
98.0734
98.0765
98.0772
98.0807
98.0862
98.095
98.1001
98.1024
98.1055
98.1207
98.1267
98.1268
98.1272
98.1286
98.1286
98.1372
98.1395
98.1444
98.1463
98.1551
98.1635
98.1653
98.1806
98.1941
98.1959
98.1961
98.2019
98.2025
98.2084
98.2085
98.2091
98.2132
98.2275
98.2373
98.2386
98.2403
98.2427
98.245
98.2609
98.2653
98.2655
98.2655
98.279
98.2817
98.2854
98.2961
98.2978
98.3066
98.3198
98.3212
98.3238
98.3239
98.3241
98.3349
98.3352
98.3367
98.3384
98.3386
98.3387
98.3402
98.3432
98.3572
98.3632
98.3703
98.3728
98.3783
98.3789
98.3892
98.3931
98.3978
98.4133
98.4144
98.4238
98.4307
98.4376
98.4415
98.4431
98.4502
98.4544
98.466
98.4697
98.4771
98.485
98.4884
98.4932
98.4954
98.5003
98.5079
98.5103
98.5119
98.5178
98.5185
98.5257
98.5366
98.537
98.539
98.5437
98.55
98.5555
98.559
98.5694
98.5735
98.5818
98.5861
98.5921
98.5962
98.5971
98.6014
98.6066
98.6168
98.6282
98.631
98.64
98.6463
98.6465
98.6465
98.6506
98.6526
98.6536
98.6559
98.6678
98.6679
98.6687
98.6822
98.6929
98.6973
98.7268
98.7392
98.744
98.7461
98.7463
98.7543
98.7589
98.7598
98.7653
98.7688
98.7691
98.7754
98.7754
98.7781
98.7793
98.794
98.7953
98.7963
98.7965
98.8081
98.8086
98.8095
98.813
98.8435
98.8457
98.8546
98.8649
98.8669
98.8813
98.8922
98.9018
98.9057
98.916
98.9166
98.9203
98.9279
98.9286
98.9324
98.9398
98.9589
98.9595
98.9606
98.964
98.9648
98.9747
98.9788
98.9811
98.9927
98.993
99.0011
99.0047
99.0049
99.0084
99.0123
99.014
99.0239
99.0364
99.0479
99.0489
99.0554
99.0634
99.0743
99.077
99.0922
99.0957
99.0976
99.0984
99.0997
99.1051
99.1224
99.1255
99.1258
99.1363
99.1396
99.1398
99.1404
99.1445
99.1506
99.1548
99.1678
99.1816
99.1859
99.1942
99.2033
99.2109
99.2121
99.2154
99.2315
99.2492
99.2546
99.2641
99.2697
99.287
99.2951
99.2959
99.3035
99.3204
99.3236
99.3242
99.3253
99.3293
99.3305
99.334
99.3379
99.3543
99.3561
99.3567
99.3675
99.368
99.3705
99.3811
99.3845
99.4111
99.4151
99.4155
99.419
99.4294
99.433
99.4369
99.4439
99.4566
99.468
99.4792
99.4796
99.4961
99.5236
99.5268
99.5353
99.5512
99.5554
99.5677
99.5722
99.575
99.5794
99.5854
99.5867
99.5909
99.5961
99.5965
99.6036
99.6087
99.6115
99.6195
99.6269
99.6385
99.6394
99.6447
99.6564
99.6567
99.6649
99.6702
99.6758
99.6835
99.6862
99.6872
99.69
99.6946
99.7068
99.7086
99.7098
99.7145
99.7162
99.7294
99.7295
99.7397
99.7463
99.7634
99.7833
99.7849
99.7878
99.7939
99.8001
99.8101
99.8125
99.8151
99.8204
99.8465
99.8506
99.8556
99.8603
99.8679
99.8717
99.872
99.8844
99.8889
99.9046
99.9314
100.024
100.031
100.035
100.056
100.068
100.075
100.092
100.094
100.1
100.102
100.14
100.142
100.154
100.164
100.166
100.173
100.188
100.189
100.19
100.215
100.232
100.236
100.237
100.237
100.247
100.261
100.261
100.269
100.283
100.287
100.291
100.304
100.316
100.343
100.355
100.356
100.361
100.369
100.371
100.374
100.374
100.391
100.397
100.405
100.408
100.414
100.448
100.458
100.46
100.462
100.469
100.471
100.481
100.489
100.494
100.495
100.51
100.515
100.523
100.523
100.55
100.563
100.565
100.569
100.573
100.579
100.58
100.583
100.584
100.611
100.635
100.638
100.64
100.651
100.655
100.656
100.659
100.67
100.673
100.684
100.684
100.691
100.718
100.719
100.721
100.729
100.739
100.739
100.754
100.754
100.759
100.763
100.766
100.768
100.768
100.796
100.82
100.848
100.848
100.863
100.873
100.88
100.883
100.891
100.895
100.9
100.918
100.928
100.931
100.935
100.945
100.953
100.994
101.01
101.011
101.033
101.035
101.04
101.04
101.048
101.051
101.069
101.08
101.082
101.084
101.095
101.098
101.105
101.111
101.113
101.115
101.123
101.135
101.155
101.161
101.168
101.169
101.173
101.199
101.204
101.205
101.223
101.225
101.256
101.259
101.265
101.28
101.28
101.285
101.304
101.327
101.341
101.342
101.343
101.343
101.343
101.345
101.364
101.373
101.38
101.388
101.395
101.405
101.419
101.43
101.432
101.448
101.46
101.467
101.47
101.477
101.511
101.522
101.541
101.574
101.581
101.59
101.597
101.619
101.622
101.624
101.63
101.635
101.638
101.639
101.667
101.679
101.734
101.734
101.748
101.767
101.767
101.776
101.812
101.816
101.823
101.834
101.835
101.849
101.853
101.875
101.883
101.886
101.925
101.93
101.931
101.941
101.953
101.958
101.966
101.974
101.974
101.978
101.978
102.03
102.03
102.057
102.057
102.063
102.074
102.097
102.1
102.109
102.11
102.111
102.122
102.128
102.133
102.152
102.165
102.177
102.186
102.186
102.189
102.204
102.21
102.271
102.284
102.285
102.29
102.3
102.302
102.332
102.338
102.348
102.378
102.391
102.402
102.421
102.456
102.462
102.463
102.464
102.479
102.51
102.529
102.543
102.552
102.554
102.576
102.577
102.584
102.584
102.589
102.597
102.602
102.615
102.615
102.622
102.624
102.633
102.661
102.686
102.696
102.698
102.788
102.8
102.813
102.827
102.844
102.85
102.853
102.87
102.879
102.893
102.903
102.914
102.914
102.926
102.972
102.981
103.008
103.009
103.01
103.012
103.047
103.053
103.109
103.151
103.168
103.169
103.179
103.193
103.196
103.215
103.239
103.269
103.271
103.274
103.287
103.294
103.299
103.318
103.325
103.341
103.358
103.359
103.437
103.441
103.441
103.446
103.463
103.501
103.517
103.531
103.549
103.555
103.555
103.575
103.59
103.593
103.631
103.691
103.697
103.7
103.702
103.745
103.752
103.794
103.795
103.807
103.811
103.827
103.829
103.831
103.836
103.859
103.879
103.947
103.953
103.956
103.969
103.974
103.999
104.008
104.013
104.014
104.031
104.069
104.08
104.122
104.135
104.138
104.189
104.204
104.223
104.248
104.256
104.256
104.271
104.3
104.319
104.348
104.351
104.474
104.479
104.481
104.484
104.494
104.498
104.556
104.556
104.593
104.614
104.621
104.643
104.651
104.655
104.675
104.697
104.704
104.707
104.71
104.764
104.85
104.879
104.882
104.906
104.923
105.029
105.035
105.077
105.103
105.116
105.117
105.122
105.165
105.169
105.172
105.192
105.219
105.249
105.254
105.304
105.326
105.338
105.355
105.389
105.417
105.469
105.477
105.499
105.503
105.524
105.565
105.572
105.601
105.601
105.605
105.623
105.625
105.645
105.671
105.681
105.684
105.696
105.712
105.732
105.774
105.847
105.86
105.883
105.941
105.994
106.025
106.075
106.121
106.16
106.163
106.168
106.175
106.266
106.27
106.283
106.297
106.301
106.345
106.361
106.367
106.393
106.401
106.411
106.475
106.486
106.492
106.497
106.515
106.522
106.529
106.531
106.534
106.551
106.557
106.573
106.591
106.606
106.61
106.615
106.622
106.637
106.656
106.667
106.696
106.7
106.71
106.72
106.729
106.771
106.815
106.862
106.88
106.884
106.887
106.928
106.928
107.002
107.023
107.044
107.07
107.08
107.084
107.128
107.136
107.177
107.219
107.222
107.225
107.229
107.231
107.266
107.296
107.3
107.34
107.346
107.411
107.419
107.453
107.457
107.601
107.642
107.683
107.691
107.773
107.894
107.958
107.993
108.004
108.054
108.106
108.138
108.176
108.193
108.231
108.299
108.452
108.459
108.508
108.51
108.513
108.563
108.59
108.659
108.67
108.73
108.739
108.743
108.764
108.79
108.797
108.823
108.847
108.86
108.861
108.879
108.91
108.913
108.997
109.101
109.157
109.171
109.216
109.25
109.272
109.296
109.308
109.411
109.522
109.532
109.546
109.577
109.58
109.62
109.627
109.672
109.755
109.805
109.815
109.858
109.924
109.939
109.959
109.973
110.048
110.159
110.292
110.297
110.303
110.37
110.382
110.398
110.401
110.426
110.639
110.678
110.743
110.802
110.804
110.857
110.861
110.937
110.963
111.022
111.042
111.044
111.155
111.233
111.257
111.287
111.296
111.304
111.374
111.397
111.455
111.457
111.524
111.526
111.594
111.605
111.646
111.656
111.676
111.69
111.695
111.696
111.784
111.803
111.882
112.071
112.156
112.261
112.305
112.352
112.419
112.484
112.498
112.546
112.563
112.673
112.674
112.801
112.902
112.917
112.927
113.025
113.12
113.24
113.328
113.339
113.36
113.384
113.509
113.553
113.601
113.64
113.671
113.826
113.851
113.861
113.862
113.965
113.99
114.09
114.093
114.126
114.164
114.199
114.225
114.371
114.52
114.611
114.681
114.688
115.024
115.094
115.198
115.25
115.412
115.523
115.554
115.814
115.845
115.876
115.897
115.931
115.932
116.072
116.178
116.235
116.355
116.423
116.571
116.591
116.706
116.792
116.833
116.884
117.324
117.369
117.396
117.408
117.408
117.415
169.643
169.933
171.183
175.068
177.534
179.069
191.699
194.768
196.306
197.162
197.91
198.003
