96.5623
96.6341
97.2989
97.8964
97.9686
97.9793
98.1057
98.1838
98.2758
98.3106
98.3353
98.3607
98.5007
98.521
98.5696
98.625
98.6301
98.6438
98.6449
98.6839
98.7295
98.7299
98.7501
98.8155
98.83
98.8332
98.8412
98.8926
98.9124
98.922
98.9399
99.0008
99.0298
99.0356
99.0361
99.077
99.1396
99.1814
99.1878
99.2311
99.2648
99.2869
99.2927
99.3181
99.3927
99.394
99.3974
99.4244
99.4322
99.4444
99.4706
99.4827
99.5879
99.6035
99.6281
99.6516
99.6566
99.6705
99.6743
99.6803
99.6824
99.7082
99.727
99.7382
99.7489
99.7553
99.7565
99.7802
99.8039
99.8271
99.8411
99.8542
99.8576
99.8664
99.8787
99.8967
99.9507
100.01
100.027
100.041
100.051
100.061
100.091
100.107
100.115
100.148
100.154
100.159
100.218
100.22
100.223
100.237
100.265
100.278
100.293
100.308
100.317
100.328
100.332
100.353
100.364
100.366
100.382
100.426
100.496
100.52
100.539
100.594
100.629
100.655
100.659
100.661
100.671
100.726
100.729
100.742
100.797
100.829
100.842
100.842
100.86
100.893
100.901
100.934
100.946
100.96
100.967
100.974
100.976
100.997
101.008
101.016
101.022
101.072
101.091
101.12
101.155
101.165
101.17
101.189
101.196
101.224
101.257
101.258
101.267
101.272
101.31
101.313
101.329
101.36
101.389
101.434
101.459
101.484
101.489
101.5
101.508
101.538
101.59
101.595
101.6
101.632
101.655
101.66
101.662
101.672
101.728
101.787
101.848
101.891
101.933
102.009
102.011
102.029
102.081
102.122
102.132
102.133
102.266
102.282
102.298
102.332
102.433
102.583
102.625
102.664
102.705
102.707
102.801
102.82
102.827
102.845
102.845
102.851
102.886
102.904
102.943
103.014
103.074
103.115
103.162
103.199
103.213
103.233
103.273
103.355
103.36
103.45
103.465
103.479
103.489
103.514
103.588
103.589
103.699
103.701
103.86
103.869
103.893
104.005
104.055
104.282
104.343
104.368
104.434
104.458
104.472
104.537
104.694
104.737
104.838
104.881
104.888
104.897
104.97
105.055
105.103
105.136
105.233
105.401
105.465
105.471
105.551
105.619
105.641
105.866
105.89
106.008
106.053
106.08
106.142
106.188
106.257
106.313
106.34
106.378
106.383
106.705
106.777
106.823
107.076
107.134
107.365
107.579
108.696
108.964
109.012
109.399
109.481
110.206
110.215
110.507
110.633
111.065
111.867
111.896
112.114
112.123
112.72
113.334
113.884
114.404
114.683
114.936
115.265
115.34
115.81
115.95
116.247
117.317
117.396
118.917
121.5
122.826
124.228
124.724
