65.5844
65.6009
65.8759
66.0012
66.1534
66.1975
66.3302
66.3835
66.4825
66.4989
66.5073
66.5487
66.6208
66.6376
66.7389
66.7521
66.7921
66.8174
66.8445
66.8793
66.8807
66.8822
66.9221
66.9994
67.0015
67.0177
67.0389
67.0856
67.1091
67.1173
67.1327
67.1946
67.1953
67.1995
67.2368
67.238
67.247
67.2727
67.3309
67.3387
67.3628
67.368
67.3697
67.3944
67.4483
67.4992
67.5065
67.5082
67.5374
67.5444
67.5964
67.6038
67.6085
67.6134
67.6134
67.6251
67.6314
67.6707
67.672
67.6781
67.6962
67.7051
67.7085
67.7269
67.7328
67.7408
67.7856
67.7912
67.7964
67.7971
67.8288
67.8366
67.8491
67.8611
67.8645
67.8723
67.8838
67.8908
67.8914
67.8959
67.9034
67.9049
67.9107
67.9238
67.9395
67.9472
67.9545
67.9983
68.0064
68.0071
68.0264
68.0411
68.0455
68.0584
68.0733
68.1007
68.1129
68.1204
68.1354
68.1356
68.1368
68.1643
68.1778
68.1791
68.1837
68.1949
68.2215
68.2276
68.2315
68.2417
68.2505
68.2761
68.2784
68.2808
68.2817
68.2819
68.2867
68.3131
68.3144
68.3271
68.3341
68.3433
68.3513
68.381
68.4095
68.4186
68.4298
68.4431
68.4471
68.4527
68.461
68.4694
68.4832
68.4906
68.4978
68.5108
68.5132
68.5189
68.531
68.5432
68.563
68.5895
68.6011
68.6037
68.6191
68.6247
68.6376
68.6408
68.6543
68.6553
68.6596
68.6639
68.6742
68.687
68.696
68.7051
68.7155
68.7204
68.7382
68.7491
68.757
68.757
68.7576
68.763
68.7642
68.7659
68.7676
68.7749
68.7753
68.7856
68.804
68.8086
68.8183
68.8371
68.8414
68.851
68.8634
68.8683
68.8705
68.8716
68.8749
68.875
68.8773
68.8821
68.888
68.9201
68.9374
68.938
68.9389
68.9399
68.9406
68.941
68.9545
68.9702
68.9948
68.9956
68.9975
68.9984
69.0084
69.0222
69.0277
69.0337
69.0419
69.0559
69.0567
69.06
69.0661
69.0709
69.0744
69.0829
69.0916
69.1028
69.1031
69.1432
69.1442
69.1628
69.1634
69.1712
69.18
69.1911
69.2007
69.2028
69.2053
69.2179
69.241
69.2498
69.2536
69.2622
69.2858
69.2914
69.2984
69.3019
69.3033
69.3141
69.3434
69.3512
69.3536
69.3582
69.3712
69.3872
69.4068
69.4232
69.4307
69.4525
69.4569
69.4578
69.458
69.4606
69.4638
69.4858
69.4952
69.5035
69.518
69.5276
69.5293
69.5406
69.5457
69.5513
69.5599
69.5723
69.5741
69.5744
69.5783
69.5824
69.5874
69.5991
69.605
69.6111
69.6163
69.6272
69.6289
69.6568
69.6727
69.6786
69.6828
69.6867
69.6868
69.7037
69.7102
69.7119
69.721
69.7351
69.7401
69.7402
69.7466
69.7501
69.7566
69.7586
69.7618
69.772
69.7845
69.7887
69.8045
69.8275
69.8379
69.8578
69.8622
69.8765
69.8773
69.8811
69.8815
69.8947
69.9155
69.9162
69.9218
69.9315
69.9392
69.9414
69.9459
69.9685
69.9688
69.972
69.9752
69.9852
69.9932
70.0111
70.0136
70.0219
70.0342
70.0426
70.0428
70.0507
70.062
70.0889
70.0905
70.0961
70.1001
70.1131
70.1145
70.1153
70.1279
70.1448
70.169
70.177
70.1888
70.1921
70.1932
70.2051
70.2091
70.2202
70.229
70.2326
70.2378
70.243
70.2481
70.2553
70.2594
70.2625
70.267
70.2823
70.2825
70.2865
70.2892
70.2896
70.2921
70.3003
70.3005
70.3018
70.3024
70.3077
70.3384
70.3489
70.357
70.361
70.3687
70.3819
70.382
70.3965
70.4018
70.4042
70.4189
70.455
70.4604
70.463
70.4632
70.4682
70.4794
70.4872
70.4919
70.4926
70.4934
70.5105
70.5215
70.5279
70.5363
70.5418
70.5582
70.5589
70.5673
70.5713
70.575
70.5895
70.6155
70.6291
70.6293
70.6388
70.6503
70.6562
70.6714
70.675
70.694
70.6967
70.6976
70.7003
70.7022
70.7047
70.7067
70.7133
70.7164
70.7194
70.7206
70.7229
70.7331
70.7537
70.7622
70.7801
70.7901
70.8185
70.8255
70.8283
70.8475
70.8515
70.8638
70.8708
70.8718
70.8767
70.8777
70.8959
70.9024
70.904
70.9122
70.9129
70.9206
70.9232
70.9238
70.9239
70.9414
70.9485
70.9504
70.9576
70.9602
70.9708
70.9776
70.9864
70.9972
70.9974
71.0032
71.0164
71.02
71.0549
71.066
71.0718
71.0775
71.0807
71.0902
71.0953
71.1152
71.1197
71.1312
71.1481
71.1775
71.1839
71.1881
71.1886
71.2018
71.219
71.2373
71.2659
71.2669
71.2676
71.2909
71.2967
71.3375
71.3385
71.3484
71.3537
71.3665
71.4164
71.4167
71.417
71.4391
71.4617
71.4737
71.483
71.4934
71.4946
71.5003
71.5212
71.5271
71.5282
71.5366
71.5578
71.5666
71.5717
71.5725
71.594
71.6085
71.62
71.6514
71.6515
71.6596
71.6687
71.6761
71.6829
71.6903
71.6918
71.7183
71.7219
71.7288
71.7461
71.7509
71.7598
71.7696
71.7746
71.7976
71.8179
71.8597
71.8661
71.8921
71.8981
71.9034
71.916
71.9265
71.9724
71.9781
71.985
71.9862
71.9947
72.0043
72.0103
72.0153
72.0441
72.0941
72.0951
72.0985
72.104
72.1145
72.1218
72.1327
72.1452
72.1615
72.1823
72.1985
72.2128
72.2211
72.2397
72.2418
72.2448
72.2756
72.3575
72.3892
72.3949
72.4072
72.441
72.4542
72.4902
72.4923
72.4984
72.504
72.5195
72.5197
72.5549
72.5608
72.607
72.6308
72.6488
72.6586
72.7017
72.7218
72.7304
72.7317
72.7319
72.7403
72.747
72.7563
72.852
72.8543
72.8596
72.8736
72.9115
72.9403
72.9428
72.9621
72.9628
72.9898
73.0238
73.0334
73.0515
73.0576
73.081
73.0852
73.0908
73.1439
73.1472
73.1691
73.1714
73.1919
73.1986
73.2018
73.2434
73.2522
73.3005
73.3705
73.3938
73.3964
73.4079
73.4114
73.4115
73.4236
73.4277
73.4447
73.4544
73.4627
73.4768
73.4819
73.4907
73.5114
73.5491
73.5844
73.5941
73.6228
73.6291
73.6521
73.7374
73.7452
73.7626
73.8044
73.8166
73.9033
73.9377
73.999
74.0258
74.0313
74.0351
74.0857
74.1
74.1482
74.1908
74.1909
74.3462
74.3889
74.3996
74.463
74.5
74.5383
74.543
74.5605
74.6104
74.651
74.6892
74.7003
74.7041
74.7067
74.7196
74.7782
74.7791
74.8068
74.8761
74.8823
74.9039
75.1085
75.1337
75.143
75.1791
75.1819
75.2028
75.2532
75.2734
75.2791
75.2903
75.2908
75.3399
75.4326
75.4414
75.453
75.4644
75.4805
75.5075
75.5201
75.5558
75.6446
75.7133
75.7418
75.7769
75.8183
75.8695
75.8962
75.9113
75.9301
75.9498
76.019
76.0495
76.0965
76.1002
76.1189
76.1275
76.1738
76.1832
76.2222
76.2618
76.2702
76.3492
76.9244
76.9524
76.9664
76.9745
77.0551
77.0833
77.0982
77.1715
77.1724
77.2068
77.3225
77.4417
77.4434
77.7841
77.8385
77.8943
78.0448
78.0501
78.1368
78.3194
78.3482
78.3556
78.4079
78.4796
78.5425
78.6079
78.6816
78.7109
78.7272
78.735
78.811
79.0558
79.0775
79.1086
79.2314
79.3767
79.4295
79.7847
79.8529
79.8548
80.0203
80.0379
80.2723
80.339
80.5235
80.5291
80.6312
80.6814
80.8563
80.9956
81.0966
81.2121
81.2569
81.4354
81.613
81.6472
81.6529
81.757
81.833
82.2709
82.2908
82.3728
82.4658
82.5945
82.6312
82.9579
83.1359
83.2026
83.6644
83.7937
83.8734
83.9966
84.1405
84.2753
84.851
84.8753
85.763
85.877
86.3344
86.3391
86.7168
86.906
87.1513
87.3283
88.0165
88.8265
89.4409
91.541
92.7772
93.423
93.6671
93.7684
