78.3221
78.6374
78.8881
79.5535
79.6271
79.6279
79.884
80.0078
80.0303
80.1861
80.393
80.3958
80.4008
80.535
80.7605
80.7725
80.8957
81.2255
81.5917
81.6024
81.6266
81.7957
81.9586
82.3001
82.3044
82.3962
82.4121
82.4688
82.6665
82.942
83.0603
83.1106
83.4406
83.7623
83.9424
83.9547
84.0018
84.0809
84.1109
84.6364
84.6443
84.7981
84.8286
85.0086
85.1214
85.1954
85.4151
85.8734
85.9463
86.079
86.1955
86.2357
86.3891
86.9343
87.2729
87.6386
87.7783
89.6073
89.6378
89.7885
90.1625
90.9477
91.1712
91.1926
91.3564
91.752
91.8009
91.8924
93.3818
94.0462
97.6006
98.3679
100.696
