77.9897
78.6248
78.9363
78.9508
79.1348
79.2899
79.5604
79.5689
79.6576
79.7778
79.8771
80.0971
80.0999
80.1259
80.1995
80.2305
80.2927
80.3117
80.3252
80.3286
80.3413
80.3694
80.3899
80.4282
80.4377
80.4574
80.4687
80.4718
80.4738
80.4812
80.4852
80.5053
80.5181
80.5193
80.5543
80.5563
80.625
80.6954
80.7101
80.7257
80.7541
80.7769
80.779
80.7902
80.8083
80.8151
80.8158
80.817
80.8216
80.8268
80.8823
80.8838
80.9009
80.9153
80.9914
81.0152
81.0177
81.0601
81.0738
81.0781
81.0848
81.0948
81.0957
81.0999
81.1349
81.1491
81.1501
81.1512
81.1604
81.1808
81.1938
81.2045
81.2169
81.227
81.2479
81.2638
81.2684
81.2984
81.3117
81.3162
81.3257
81.3499
81.3518
81.3718
81.3776
81.3939
81.4663
81.4833
81.5055
81.5094
81.5165
81.5172
81.5188
81.5578
81.6102
81.6428
81.6544
81.6566
81.6636
81.6639
81.6711
81.6802
81.6933
81.7131
81.7298
81.7472
81.8023
81.8123
81.8853
81.8876
81.8953
81.9437
81.9502
81.9518
82.0077
82.0102
82.0304
82.0563
82.0597
82.0705
82.0881
82.0891
82.0897
82.0964
82.1146
82.1182
82.133
82.1488
82.1513
82.1517
82.1526
82.1614
82.1662
82.1711
82.1757
82.1823
82.1915
82.1993
82.2043
82.2325
82.2383
82.2404
82.2443
82.2669
82.2696
82.2733
82.3088
82.311
82.3137
82.3648
82.3702
82.3764
82.3825
82.3865
82.3904
82.3918
82.3933
82.3985
82.4369
82.4487
82.4599
82.4641
82.4643
82.4759
82.4825
82.4866
82.4978
82.5472
82.5644
82.5751
82.594
82.6006
82.6075
82.62
82.6265
82.6339
82.6517
82.6728
82.6772
82.6826
82.6876
82.6919
82.6968
82.7076
82.708
82.7214
82.7384
82.7514
82.7553
82.7663
82.7722
82.7907
82.8058
82.8253
82.8577
82.8581
82.865
82.8686
82.9193
82.9353
82.9378
82.9383
82.9408
82.9548
82.9574
83.0647
83.0667
83.0825
83.0939
83.0953
83.0998
83.1266
83.1506
83.1527
83.157
83.1844
83.1912
83.204
83.2112
83.2197
83.2328
83.2406
83.2714
83.2721
83.2867
83.2922
83.2937
83.299
83.3103
83.3204
83.3225
83.3319
83.3458
83.3622
83.3735
83.3872
83.4132
83.4144
83.4451
83.4459
83.4511
83.4847
83.4867
83.4934
83.5003
83.5036
83.5038
83.5291
83.5342
83.5407
83.5636
83.5873
83.6091
83.6161
83.6181
83.6192
83.6282
83.6362
83.6514
83.6777
83.694
83.7126
83.7264
83.7271
83.7675
83.7747
83.7755
83.7972
83.8054
83.8254
83.8286
83.8369
83.8461
83.8564
83.9087
83.9149
83.9242
83.9679
83.987
84.0134
84.0253
84.0409
84.0601
84.0946
84.1111
84.162
84.1701
84.1876
84.1886
84.2102
84.2188
84.2382
84.2441
84.2646
84.2649
84.2709
84.2768
84.2826
84.2867
84.2987
84.3064
84.314
84.3365
84.3452
84.3486
84.3536
84.383
84.3891
84.395
84.4035
84.4042
84.4277
84.4289
84.4602
84.4881
84.5143
84.5437
84.5611
84.563
84.5983
84.6655
84.6903
84.7582
84.7622
84.7717
84.7919
84.8227
84.8633
84.8702
84.9387
84.947
85.0277
85.0518
85.0572
85.0669
85.0672
85.0762
85.0878
85.1327
85.1739
85.2216
85.2997
85.3808
85.3875
85.4324
85.4502
85.4589
85.4724
85.4822
85.4847
85.4961
85.4978
85.5051
85.5105
85.5293
85.5385
85.5625
85.5961
85.6349
85.6414
85.6501
85.6713
85.6975
85.7098
85.7201
85.7337
85.739
85.7555
85.7862
85.7906
85.8223
85.8301
85.8318
85.8626
85.8699
85.889
85.9067
85.9276
85.945
85.978
85.9876
86.0172
86.0272
86.0772
86.0907
86.1374
86.1693
86.1991
86.2037
86.206
86.2104
86.239
86.2778
86.2891
86.3015
86.3069
86.3084
86.3153
86.3327
86.3739
86.3747
86.3911
86.4139
86.4558
86.4646
86.4684
86.519
86.5195
86.5335
86.6087
86.6293
86.6597
86.7571
86.7597
86.8
86.8069
86.8239
86.8957
86.897
86.9683
86.9966
87.0003
87.0424
87.1198
87.169
87.1885
87.2321
87.3131
87.3992
87.438
87.4637
87.5392
87.5536
87.5712
87.575
87.6057
87.6328
87.6452
87.6865
87.6947
87.6967
87.7001
87.7142
87.7372
87.8367
87.8693
87.9618
88.1073
88.1474
88.1679
88.431
88.4845
88.4856
88.5311
88.7178
88.7916
88.8722
88.9798
89.0126
89.072
89.1194
89.1524
89.2099
89.3478
89.352
89.4862
89.5093
89.6077
89.7667
89.8121
89.8175
89.8326
89.8443
89.9448
89.946
89.9541
90.0166
90.0379
90.0637
90.1285
90.1596
90.4308
90.5242
90.5548
90.5618
90.6035
90.6767
90.7479
90.8208
90.9423
91.1662
91.3182
91.4735
91.4736
91.482
91.5182
91.6641
91.7298
91.7934
91.8031
91.8211
92.005
92.0117
92.0361
92.2695
92.3202
92.3643
92.3859
92.6595
92.725
92.7278
92.7318
92.9825
93.0083
93.3868
93.4766
93.6663
93.8293
94.1545
94.3806
94.5042
94.6063
94.8498
94.9282
95.1914
95.4807
95.5772
95.6915
95.9096
96.5066
96.9076
97.0819
97.101
97.1742
97.3797
97.4007
97.8959
98.1013
98.2081
99.0201
99.1365
99.4558
99.6947
100.087
100.841
101.286
101.599
101.803
101.91
103.514
103.84
103.843
104.239
104.486
105.971
106.24
106.707
107.185
107.916
