115.851
116.042
116.388
116.552
116.794
116.891
117.118
117.121
117.129
117.182
117.353
117.377
117.402
117.411
117.494
117.539
117.548
117.552
117.566
117.591
117.628
117.729
117.779
117.819
118.062
118.078
118.098
118.134
118.257
118.35
118.416
118.507
118.598
118.621
118.656
118.675
118.697
118.744
118.77
118.772
118.818
118.915
118.953
119.024
119.181
119.285
119.288
119.315
119.489
119.511
119.536
119.566
119.719
119.855
119.916
119.962
119.971
120.099
120.128
120.18
120.486
120.564
120.638
120.696
121.035
121.216
121.393
121.407
121.422
121.443
121.635
121.668
121.874
121.99
122.06
122.375
123.01
123.071
123.517
123.566
123.66
124.688
124.698
124.779
125.293
126.197
127.43
128.069
128.571
129.132
129.662
132.604
133.769
134.401
