92.5941
93.9977
94.1966
94.3074
94.3514
94.3652
94.4232
94.4694
94.4995
94.5955
94.6579
94.7419
94.7461
94.8771
94.9224
94.9225
94.9628
94.9996
95.0921
95.1012
95.1498
95.2263
95.2492
95.3261
95.4107
95.4617
95.5027
95.5603
95.5835
95.5856
95.6163
95.6622
95.6678
95.6753
95.7003
95.7093
95.7614
95.9125
95.9148
95.9333
95.9586
96.0079
96.0343
96.0519
96.0584
96.0702
96.0723
96.0962
96.1025
96.1145
96.118
96.1388
96.1852
96.3166
96.331
96.3345
96.3415
96.359
96.3755
96.4242
96.5503
96.5712
96.5782
96.5849
96.6417
96.6455
96.8642
96.877
96.9421
96.9608
97.0011
97.0521
97.0781
97.1164
97.1463
97.1507
97.1576
97.1679
97.1802
97.1846
97.2075
97.2141
97.2429
97.2992
97.3211
97.3215
97.3746
97.3841
97.3882
97.3971
97.4428
97.4901
97.5014
97.5342
97.5573
97.6115
97.6255
97.6283
97.6391
97.6668
97.6885
97.7088
97.7232
97.7608
97.7846
97.8088
97.8097
97.8116
97.8238
97.8391
97.8715
97.8802
97.8846
97.917
97.9249
97.9301
97.9455
97.9629
97.9794
98.0229
98.0574
98.1021
98.1081
98.1285
98.146
98.1739
98.2198
98.2257
98.2392
98.2816
98.4033
98.4086
98.4149
98.4338
98.5039
98.5054
98.5427
98.5814
98.5822
98.5853
98.6154
98.6221
98.678
98.7071
98.7148
98.7303
98.7303
98.7474
98.7733
98.7892
98.8765
98.8979
98.9531
98.9792
98.9804
99.0308
99.0356
99.0497
99.0514
99.2082
99.2096
99.2146
99.2648
99.364
99.4093
99.4912
99.5087
99.51
99.5319
99.566
99.5873
99.6723
99.673
99.7917
99.8334
99.8634
99.9496
99.9757
100.14
100.178
100.187
100.192
100.226
100.256
100.277
100.31
100.324
100.334
100.349
100.397
100.416
100.45
100.503
100.509
100.512
100.551
100.603
100.63
100.708
100.729
100.759
100.771
100.825
100.872
100.905
100.907
100.936
100.979
101.019
101.058
101.095
101.104
101.139
101.406
101.453
101.537
101.563
101.793
101.86
101.926
102.289
102.542
102.576
102.706
102.721
102.767
102.942
103.021
103.026
103.157
103.163
103.214
103.416
103.515
103.524
103.528
103.636
103.637
103.817
103.818
103.914
104.216
104.533
104.581
104.751
105.143
105.337
105.423
106.065
106.231
106.308
106.351
106.385
106.435
106.627
106.646
107.38
107.591
107.642
107.798
108.192
108.539
108.548
108.684
108.868
108.903
109.052
109.317
109.499
109.683
110.151
110.162
110.565
110.672
111.021
111.486
111.671
112.139
113.047
113.223
113.443
113.495
114.622
114.984
115.004
115.098
116.125
118.117
120.992
121.542
