89.0969
89.2313
89.4504
89.5038
89.7997
90.0728
90.1165
90.4128
90.6647
90.7752
90.7801
90.8513
90.9729
91.0006
91.0047
91.0513
91.176
91.49
91.545
91.5739
91.6514
91.7073
91.7523
91.9454
91.9788
92.1085
92.2317
92.5232
92.5591
92.5881
92.5941
92.6875
92.691
92.7574
92.8344
93.0242
93.0289
93.1672
93.1861
93.3205
93.3886
93.3925
93.3928
93.4078
93.4628
93.7874
93.8118
93.8379
93.8663
93.9381
94.1183
94.2089
94.209
94.2641
94.3489
94.4129
94.4796
94.4942
94.5979
94.6855
94.9748
95.0115
95.0155
95.0427
95.0667
95.1784
95.2801
95.2817
95.289
95.3564
95.438
95.5802
95.6131
95.6317
95.6335
95.6422
95.9673
96.1072
96.1346
96.1525
96.2836
96.478
96.5206
96.6176
96.7447
97.3351
97.481
97.6843
98.0282
98.1718
98.1935
98.2661
98.4114
98.5169
98.8084
99.1059
99.2277
99.2998
99.9056
100.7
101.071
102.562
102.638
103.044
103.087
103.108
103.864
104.34
104.488
104.908
106.087
108.516
110.667
114.164
