81.7908
81.8695
81.8858
81.9786
82.0609
82.0966
82.0991
82.137
82.1622
82.2069
82.2313
82.2563
82.2889
82.3329
82.368
82.3755
82.3865
82.406
82.4195
82.4601
82.4642
82.4701
82.4715
82.4977
82.4982
82.5377
82.5734
82.5811
82.608
82.609
82.6166
82.6167
82.6207
82.6393
82.6579
82.7036
82.7297
82.7538
82.7655
82.7792
82.7891
82.7935
82.7946
82.7989
82.8063
82.8105
82.8473
82.8474
82.8495
82.8598
82.8697
82.8817
82.8903
82.9029
82.9272
82.9282
82.944
82.9627
82.969
82.9697
82.9752
82.9845
82.9874
82.99
82.9948
83.0022
83.0098
83.0123
83.0257
83.0344
83.0462
83.052
83.0553
83.0578
83.0589
83.0671
83.0714
83.1008
83.1048
83.1205
83.1226
83.1246
83.1274
83.1292
83.1306
83.1451
83.1452
83.1599
83.1605
83.1724
83.1822
83.1946
83.1981
83.1983
83.2112
83.2126
83.2184
83.2273
83.2301
83.2347
83.2365
83.2366
83.2435
83.2471
83.2571
83.2617
83.2623
83.2627
83.2628
83.2787
83.2996
83.33
83.3438
83.3627
83.363
83.3653
83.3703
83.3812
83.3856
83.3924
83.4056
83.408
83.4083
83.4153
83.4247
83.4277
83.4318
83.4436
83.4484
83.4618
83.4645
83.4648
83.4671
83.4716
83.4728
83.4728
83.4738
83.4854
83.4867
83.491
83.4945
83.4983
83.5004
83.5013
83.5061
83.509
83.5097
83.5155
83.5159
83.518
83.5212
83.522
83.5225
83.527
83.5309
83.5438
83.5459
83.5523
83.5569
83.5751
83.5789
83.5797
83.5882
83.5894
83.5911
83.5937
83.5947
83.5956
83.5976
83.6038
83.6113
83.6132
83.6185
83.6208
83.6218
83.6228
83.6248
83.626
83.6305
83.6329
83.6477
83.6587
83.6641
83.673
83.6882
83.6894
83.6905
83.6909
83.6911
83.6937
83.6965
83.6983
83.6991
83.7003
83.7017
83.704
83.714
83.7168
83.7172
83.7188
83.7328
83.7366
83.7419
83.7547
83.7597
83.7604
83.7623
83.7633
83.7647
83.785
83.7881
83.799
83.7991
83.8006
83.8037
83.8157
83.8203
83.8304
83.8317
83.8337
83.8377
83.8427
83.8449
83.8473
83.8496
83.85
83.8525
83.8604
83.8606
83.8642
83.8661
83.8662
83.8729
83.8732
83.8873
83.8886
83.8889
83.8913
83.8926
83.8935
83.8948
83.8986
83.8998
83.9022
83.9057
83.9113
83.9141
83.9219
83.9226
83.9246
83.9265
83.9361
83.9371
83.9377
83.9382
83.9388
83.939
83.9403
83.9426
83.9449
83.9471
83.9486
83.9518
83.9547
83.9575
83.9583
83.9615
83.9618
83.9665
83.9705
83.9712
83.975
83.9775
83.9803
83.9816
83.9834
83.9838
83.9849
83.9895
83.9965
84.0073
84.0092
84.0099
84.0129
84.0162
84.0215
84.0227
84.0261
84.028
84.0337
84.0337
84.0362
84.0517
84.058
84.0694
84.0724
84.0737
84.0739
84.076
84.0775
84.0779
84.0827
84.0869
84.1002
84.1028
84.1035
84.1037
84.1131
84.1139
84.1142
84.1175
84.1189
84.1234
84.1262
84.1326
84.1372
84.1442
84.1446
84.1474
84.1512
84.152
84.1523
84.154
84.156
84.1565
84.1571
84.1623
84.1658
84.1686
84.1719
84.1735
84.1736
84.1781
84.1784
84.1825
84.1844
84.1877
84.1892
84.1933
84.1945
84.1974
84.1981
84.2021
84.2076
84.2091
84.2097
84.2106
84.2122
84.2206
84.2229
84.224
84.2256
84.2281
84.2327
84.2353
84.2358
84.2363
84.2398
84.2462
84.2484
84.2487
84.2505
84.2538
84.2567
84.2642
84.2651
84.2655
84.2668
84.2675
84.2692
84.2698
84.2749
84.2753
84.2796
84.2806
84.283
84.2912
84.292
84.2943
84.2983
84.2993
84.3042
84.3081
84.3092
84.3117
84.3326
84.3335
84.3339
84.3343
84.3362
84.3402
84.341
84.3454
84.346
84.3475
84.3485
84.3496
84.354
84.3544
84.3579
84.3595
84.3663
84.3667
84.3712
84.3798
84.3821
84.3845
84.3858
84.3877
84.3892
84.3926
84.3943
84.4003
84.4014
84.4021
84.4082
84.4086
84.4103
84.4104
84.4104
84.4134
84.4224
84.4227
84.4237
84.4297
84.4303
84.4322
84.4324
84.4334
84.4462
84.4539
84.4571
84.4577
84.4632
84.4637
84.464
84.4669
84.4685
84.4693
84.4721
84.4723
84.473
84.4732
84.4771
84.4822
84.4826
84.483
84.4864
84.4894
84.4906
84.4924
84.4925
84.4931
84.4991
84.5058
84.5066
84.509
84.5136
84.5159
84.5196
84.5198
84.5204
84.5228
84.5272
84.5288
84.5298
84.533
84.5337
84.5389
84.5404
84.5412
84.5468
84.5509
84.5572
84.5575
84.5579
84.559
84.5606
84.5656
84.5674
84.5721
84.5806
84.5812
84.5818
84.5821
84.5836
84.5861
84.5865
84.5873
84.5884
84.5915
84.5934
84.594
84.5997
84.6018
84.6025
84.6035
84.605
84.6064
84.6081
84.6116
84.613
84.6132
84.6132
84.6156
84.6173
84.618
84.6212
84.6272
84.6292
84.6296
84.6301
84.631
84.6344
84.6344
84.6379
84.6394
84.6435
84.6441
84.6442
84.6453
84.6535
84.6545
84.6578
84.6583
84.6594
84.6627
84.6656
84.6715
84.6715
84.6748
84.675
84.6755
84.6824
84.6875
84.689
84.6918
84.6922
84.694
84.6943
84.6957
84.7001
84.701
84.7022
84.7025
84.7067
84.7081
84.7104
84.7113
84.7126
84.7131
84.7169
84.7202
84.7208
84.7209
84.7226
84.7249
84.725
84.7256
84.7266
84.7287
84.7302
84.7324
84.7324
84.7369
84.7422
84.7422
84.7448
84.7451
84.7491
84.7567
84.7594
84.7605
84.7663
84.7677
84.7697
84.7732
84.7753
84.7776
84.7781
84.7806
84.7812
84.7861
84.7872
84.7881
84.7902
84.7917
84.7933
84.7962
84.7971
84.7972
84.7986
84.8098
84.8118
84.8122
84.8136
84.8153
84.8185
84.8186
84.8197
84.8224
84.8231
84.8256
84.8266
84.8276
84.8283
84.8306
84.8356
84.845
84.8494
84.8494
84.8501
84.8601
84.8613
84.8633
84.8637
84.8647
84.8647
84.8678
84.8698
84.8699
84.8706
84.8733
84.8756
84.8793
84.89
84.8913
84.8941
84.895
84.8954
84.8962
84.897
84.8972
84.8979
84.8982
84.9005
84.9014
84.9032
84.9042
84.9063
84.9078
84.9089
84.909
84.9094
84.9123
84.9127
84.9144
84.9181
84.9192
84.9205
84.9218
84.923
84.9245
84.9255
84.9276
84.9318
84.9326
84.9329
84.9369
84.9376
84.9381
84.9439
84.9449
84.9511
84.9519
84.9537
84.9589
84.9631
84.9673
84.9674
84.9681
84.9686
84.9694
84.9699
84.9708
84.9715
84.9718
84.9736
84.9737
84.9797
84.9798
84.9801
84.9824
84.9836
84.985
84.9864
84.9877
84.9882
84.9929
84.9972
85.0017
85.0041
85.0052
85.0077
85.0122
85.0145
85.0175
85.0194
85.0217
85.0217
85.0233
85.0239
85.0261
85.0265
85.0273
85.0278
85.0329
85.034
85.0342
85.0371
85.0411
85.0411
85.0418
85.042
85.0459
85.0467
85.0481
85.0565
85.058
85.0589
85.0606
85.0629
85.0659
85.0668
85.0696
85.0717
85.0733
85.074
85.0753
85.076
85.0762
85.0765
85.0779
85.0782
85.0813
85.0845
85.0852
85.0865
85.0886
85.0895
85.0929
85.0995
85.1002
85.1005
85.1037
85.1075
85.1138
85.1141
85.1157
85.1174
85.1241
85.1248
85.126
85.1285
85.1292
85.1319
85.133
85.141
85.144
85.1453
85.1462
85.1469
85.1487
85.1492
85.1495
85.1499
85.1511
85.1523
85.1541
85.1546
85.1584
85.1607
85.161
85.1614
85.1636
85.1651
85.1657
85.1672
85.1688
85.1716
85.1735
85.1761
85.1817
85.1842
85.1851
85.1855
85.1871
85.1885
85.19
85.1913
85.1924
85.1955
85.1964
85.1989
85.2019
85.2025
85.2028
85.2065
85.2074
85.2075
85.2134
85.2212
85.2228
85.2265
85.2269
85.2275
85.2355
85.2418
85.2421
85.2435
85.2446
85.2461
85.2463
85.2473
85.249
85.2491
85.2498
85.2512
85.2533
85.2537
85.2571
85.2596
85.2611
85.2614
85.2626
85.2653
85.2689
85.2692
85.2699
85.2716
85.2755
85.2861
85.2885
85.2891
85.2947
85.2953
85.2972
85.2972
85.2972
85.3024
85.3044
85.3055
85.3093
85.3103
85.3153
85.32
85.3208
85.3227
85.3239
85.3254
85.3258
85.3283
85.3288
85.3299
85.331
85.3316
85.3332
85.3366
85.344
85.345
85.3473
85.3495
85.3532
85.3543
85.3568
85.3568
85.3576
85.3579
85.3587
85.3597
85.3608
85.3617
85.3647
85.3653
85.3667
85.3688
85.3698
85.3745
85.375
85.3765
85.3807
85.381
85.3822
85.3855
85.3858
85.3885
85.3889
85.389
85.3895
85.3912
85.3913
85.3914
85.3921
85.3936
85.3939
85.3941
85.3943
85.3974
85.3994
85.4007
85.4011
85.4013
85.4023
85.4085
85.4099
85.4125
85.4133
85.4136
85.4138
85.416
85.4208
85.4212
85.4218
85.4228
85.4234
85.4245
85.4296
85.4348
85.4351
85.4354
85.4374
85.4378
85.4407
85.4428
85.4452
85.4453
85.4474
85.4516
85.4525
85.4589
85.4622
85.4626
85.4631
85.4645
85.4653
85.468
85.4686
85.4731
85.4739
85.4787
85.4815
85.4856
85.4867
85.4878
85.4881
85.4881
85.4901
85.4928
85.493
85.4946
85.4952
85.4957
85.4958
85.4972
85.4978
85.4999
85.5004
85.5029
85.5063
85.5072
85.5077
85.5094
85.5111
85.5131
85.5138
85.5166
85.5175
85.5186
85.5223
85.5255
85.5282
85.5285
85.5296
85.5316
85.5328
85.5336
85.5336
85.5378
85.5445
85.545
85.5498
85.5517
85.5519
85.5541
85.5577
85.5602
85.5603
85.5616
85.5659
85.5662
85.5665
85.5691
85.5692
85.5701
85.5712
85.5721
85.5748
85.5756
85.5849
85.5859
85.5909
85.5915
85.5984
85.6019
85.6021
85.6032
85.6038
85.604
85.6043
85.6056
85.607
85.6083
85.6092
85.6107
85.6111
85.613
85.6158
85.6164
85.6223
85.6248
85.6253
85.6258
85.627
85.627
85.6287
85.629
85.6309
85.6358
85.6371
85.6378
85.6379
85.6387
85.6389
85.6424
85.6434
85.6435
85.6438
85.6483
85.6506
85.6509
85.6525
85.6537
85.6544
85.6575
85.6575
85.6662
85.6781
85.6787
85.6794
85.6854
85.6861
85.6865
85.6865
85.6872
85.6884
85.6899
85.6928
85.6953
85.6997
85.7022
85.7077
85.7088
85.7113
85.713
85.7132
85.7152
85.7163
85.7186
85.7221
85.7226
85.7233
85.7248
85.7254
85.7258
85.7259
85.7263
85.7284
85.7285
85.7325
85.735
85.7379
85.7381
85.7403
85.7413
85.7414
85.7416
85.7429
85.7433
85.7446
85.7467
85.7471
85.7477
85.748
85.7489
85.7492
85.751
85.7517
85.7528
85.7566
85.761
85.7611
85.7614
85.7619
85.7625
85.7627
85.7648
85.7651
85.7662
85.7711
85.7725
85.7729
85.7729
85.7756
85.7776
85.7817
85.782
85.7831
85.7852
85.7884
85.791
85.7915
85.7929
85.7939
85.7942
85.7945
85.7946
85.7954
85.7975
85.7984
85.8008
85.8043
85.8069
85.8116
85.8131
85.8142
85.815
85.8157
85.8221
85.8245
85.8252
85.827
85.8276
85.8278
85.8279
85.8283
85.8288
85.8315
85.8325
85.8329
85.8394
85.8446
85.8464
85.848
85.8502
85.8506
85.8526
85.8526
85.8539
85.855
85.8571
85.859
85.8624
85.863
85.8649
85.8657
85.8676
85.8706
85.8725
85.8746
85.8772
85.8782
85.8802
85.8805
85.8825
85.8828
85.8831
85.8843
85.8855
85.8872
85.8878
85.8896
85.8907
85.8911
85.8913
85.8915
85.8954
85.8977
85.898
85.8983
85.8984
85.905
85.9077
85.9086
85.9098
85.9111
85.9143
85.9153
85.9154
85.9165
85.9199
85.9234
85.9279
85.9289
85.9295
85.9319
85.9346
85.9359
85.9371
85.9374
85.9377
85.9401
85.9402
85.9408
85.9411
85.942
85.9424
85.9427
85.9448
85.9516
85.9537
85.9553
85.9557
85.9599
85.9611
85.9626
85.9638
85.9643
85.965
85.9656
85.966
85.9664
85.9702
85.9707
85.9712
85.9726
85.9742
85.9796
85.9877
85.9886
85.9888
85.9893
85.9917
85.9919
85.9924
85.9928
85.993
85.9973
85.9976
85.9978
86.0016
86.0032
86.007
86.0075
86.0127
86.013
86.0146
86.0146
86.015
86.0151
86.0205
86.0233
86.0251
86.0265
86.0271
86.0283
86.0309
86.0314
86.0351
86.0376
86.0378
86.0409
86.042
86.0425
86.043
86.0449
86.0457
86.0458
86.0502
86.0533
86.054
86.0585
86.0598
86.0599
86.0625
86.0632
86.0636
86.0654
86.0696
86.0704
86.0709
86.0719
86.0728
86.0731
86.0733
86.0773
86.0775
86.0827
86.0828
86.0854
86.0856
86.0861
86.0886
86.0889
86.0891
86.0903
86.0935
86.0992
86.1005
86.101
86.1036
86.1037
86.104
86.1045
86.1056
86.1078
86.1146
86.1191
86.1267
86.1284
86.1302
86.1317
86.1374
86.1378
86.1393
86.1418
86.142
86.1582
86.1651
86.1689
86.1721
86.1723
86.1735
86.1763
86.1767
86.1776
86.1779
86.178
86.1809
86.183
86.1887
86.1895
86.1918
86.1925
86.194
86.1944
86.1947
86.1954
86.1966
86.1981
86.1992
86.2038
86.2059
86.2095
86.2135
86.2139
86.2226
86.2296
86.2303
86.2316
86.2321
86.2338
86.234
86.2386
86.2392
86.2406
86.2419
86.2432
86.2478
86.249
86.25
86.2518
86.2518
86.2534
86.2535
86.2541
86.2563
86.2578
86.2598
86.2619
86.2622
86.2631
86.2637
86.2669
86.2729
86.2737
86.2773
86.2791
86.2828
86.285
86.2986
86.2987
86.2991
86.3018
86.3023
86.3027
86.3032
86.3036
86.3049
86.3053
86.3104
86.3126
86.3127
86.3129
86.3136
86.3194
86.3213
86.3233
86.3268
86.3272
86.3321
86.3322
86.3331
86.3396
86.3481
86.3492
86.3558
86.3566
86.358
86.3614
86.3615
86.3626
86.3701
86.3792
86.3829
86.3852
86.3908
86.3915
86.3961
86.3991
86.4
86.4023
86.4032
86.4038
86.4039
86.4079
86.4087
86.4123
86.4131
86.4139
86.4155
86.4159
86.4175
86.4213
86.4252
86.4263
86.4278
86.4285
86.43
86.4349
86.4355
86.4383
86.4397
86.4409
86.4421
86.4444
86.4458
86.446
86.4485
86.4497
86.4523
86.4561
86.4578
86.4597
86.4626
86.4652
86.4661
86.4702
86.4712
86.4768
86.4771
86.479
86.4796
86.4828
86.4834
86.4861
86.4871
86.4886
86.492
86.4921
86.4996
86.5066
86.5092
86.5096
86.5106
86.5141
86.5157
86.5198
86.5232
86.5233
86.5237
86.524
86.5357
86.5361
86.5371
86.5377
86.5379
86.5394
86.5411
86.5443
86.5453
86.5458
86.5495
86.5499
86.5507
86.5519
86.5552
86.5574
86.5586
86.5614
86.5623
86.5633
86.5666
86.5738
86.5784
86.5825
86.5835
86.586
86.5927
86.5927
86.5931
86.5987
86.6039
86.6071
86.6096
86.6109
86.612
86.6122
86.6183
86.6267
86.6271
86.632
86.6343
86.6353
86.6354
86.6359
86.6386
86.6425
86.6442
86.6461
86.6473
86.6479
86.6492
86.6501
86.6511
86.6517
86.6536
86.6543
86.6599
86.6606
86.661
86.6624
86.6629
86.6643
86.6661
86.6666
86.6688
86.6691
86.6704
86.6774
86.6782
86.6802
86.6839
86.6863
86.6869
86.6914
86.6944
86.695
86.6953
86.6975
86.7059
86.7096
86.7113
86.7123
86.718
86.7226
86.7231
86.7249
86.726
86.7271
86.7315
86.7341
86.7344
86.7391
86.7397
86.7425
86.7427
86.7473
86.7486
86.7499
86.7558
86.7593
86.7668
86.7683
86.7746
86.7769
86.7769
86.7873
86.7906
86.7942
86.7966
86.7997
86.8004
86.8006
86.8006
86.8092
86.8098
86.8121
86.8219
86.8258
86.826
86.8292
86.8293
86.8333
86.8366
86.8373
86.8381
86.8406
86.8456
86.8475
86.8499
86.8521
86.8558
86.8565
86.861
86.8618
86.8644
86.8663
86.8694
86.8696
86.8705
86.8706
86.8759
86.8764
86.879
86.8839
86.8861
86.8865
86.8881
86.8936
86.8945
86.8956
86.8997
86.9023
86.9042
86.9064
86.9078
86.9079
86.9115
86.9137
86.9163
86.9173
86.9174
86.918
86.918
86.9186
86.9189
86.9252
86.9271
86.9316
86.9325
86.9339
86.9376
86.9385
86.9415
86.9501
86.9529
86.9544
86.9546
86.9555
86.9597
86.962
86.9629
86.9637
86.9639
86.9667
86.9669
86.9689
86.9705
86.972
86.9756
86.9769
86.98
86.9808
86.9814
86.9826
86.9857
86.9873
86.9993
86.9996
87.0071
87.0135
87.0143
87.0154
87.0158
87.026
87.0279
87.0327
87.033
87.0334
87.0347
87.0432
87.0449
87.0479
87.0514
87.0532
87.0539
87.0576
87.063
87.0644
87.0653
87.0663
87.0672
87.0681
87.0782
87.0813
87.0875
87.0878
87.0891
87.0916
87.0919
87.0933
87.0938
87.0956
87.0989
87.1004
87.1026
87.1035
87.1061
87.1084
87.1096
87.1103
87.1112
87.1143
87.1165
87.1175
87.1203
87.1207
87.1226
87.1259
87.1264
87.134
87.1366
87.137
87.1379
87.141
87.1414
87.1452
87.1453
87.1455
87.1477
87.1494
87.1495
87.1498
87.1502
87.1503
87.152
87.1541
87.1547
87.155
87.1567
87.1595
87.1699
87.1744
87.1779
87.1797
87.1842
87.1895
87.1896
87.1899
87.1921
87.1966
87.1966
87.1998
87.2047
87.2084
87.2118
87.2195
87.2204
87.2238
87.224
87.2281
87.2285
87.2286
87.2386
87.2389
87.2401
87.2402
87.2406
87.2408
87.2415
87.2426
87.2428
87.2439
87.2449
87.2464
87.2484
87.25
87.257
87.2609
87.2614
87.2624
87.2643
87.2658
87.2722
87.2742
87.2768
87.2776
87.2805
87.2814
87.2828
87.2838
87.2845
87.2846
87.2891
87.2923
87.2953
87.2967
87.2992
87.3075
87.3081
87.309
87.3102
87.3133
87.3166
87.3227
87.3249
87.3276
87.3284
87.3301
87.3321
87.3347
87.3359
87.3365
87.3382
87.3401
87.341
87.3487
87.3508
87.3529
87.3531
87.3607
87.3613
87.3619
87.3624
87.3633
87.3685
87.3731
87.3753
87.3758
87.3758
87.3763
87.3782
87.3842
87.3863
87.3875
87.3932
87.3937
87.3949
87.3951
87.3968
87.4025
87.4055
87.41
87.4145
87.416
87.4263
87.429
87.4311
87.4321
87.4322
87.4335
87.4345
87.4352
87.436
87.4364
87.4382
87.4384
87.4402
87.4407
87.4426
87.4445
87.4447
87.446
87.4461
87.4468
87.4489
87.4515
87.4518
87.4527
87.4559
87.4565
87.4573
87.4578
87.4667
87.4739
87.4782
87.4812
87.4905
87.4937
87.4956
87.4964
87.5007
87.5013
87.5044
87.5084
87.5116
87.5134
87.5172
87.5189
87.5266
87.5268
87.5276
87.5276
87.5294
87.5311
87.5356
87.5364
87.5364
87.5382
87.544
87.5452
87.5454
87.5457
87.5475
87.5485
87.5489
87.5491
87.5538
87.5607
87.5617
87.5631
87.5664
87.5677
87.5699
87.571
87.5711
87.5729
87.5793
87.5794
87.5808
87.5843
87.5882
87.5903
87.5915
87.5927
87.5941
87.5947
87.5953
87.5966
87.5987
87.6006
87.605
87.6053
87.6056
87.6065
87.6073
87.6101
87.6123
87.616
87.619
87.6192
87.621
87.6221
87.628
87.6287
87.6306
87.6311
87.6346
87.6394
87.6421
87.6423
87.6459
87.6483
87.6502
87.6605
87.6605
87.6726
87.673
87.6742
87.6751
87.6775
87.6775
87.6782
87.6812
87.6825
87.6875
87.6892
87.6935
87.6942
87.6944
87.6975
87.6988
87.699
87.7005
87.7042
87.7083
87.7116
87.7133
87.7148
87.7152
87.7152
87.7208
87.723
87.7331
87.738
87.7385
87.7426
87.7481
87.7489
87.7515
87.7547
87.7553
87.7569
87.7667
87.7689
87.7717
87.773
87.7752
87.7807
87.7847
87.786
87.7862
87.7873
87.7887
87.7893
87.7943
87.7951
87.8019
87.8117
87.8141
87.8161
87.8163
87.8208
87.8209
87.8231
87.8251
87.8252
87.8282
87.83
87.8352
87.8382
87.8445
87.8455
87.8468
87.8486
87.8513
87.8674
87.8715
87.8726
87.8806
87.8877
87.8909
87.892
87.8922
87.8923
87.8935
87.8936
87.8948
87.8967
87.8974
87.9019
87.902
87.9037
87.9067
87.9132
87.9137
87.9249
87.9316
87.9362
87.9367
87.9395
87.9435
87.9437
87.9452
87.9489
87.9559
87.9566
87.9573
87.966
87.966
87.9684
87.9706
87.9755
87.979
87.9811
87.9811
87.9821
87.9827
87.9843
87.9851
87.993
87.9953
87.9956
88.0061
88.0084
88.0097
88.0142
88.0173
88.0222
88.0273
88.0335
88.034
88.0382
88.0416
88.0451
88.0464
88.053
88.059
88.0592
88.0624
88.064
88.0662
88.0748
88.0762
88.0785
88.0796
88.08
88.08
88.0808
88.0891
88.0912
88.0928
88.0935
88.095
88.0951
88.0957
88.0962
88.0972
88.099
88.1013
88.1039
88.1045
88.1179
88.1225
88.1235
88.1249
88.1287
88.1331
88.1371
88.1461
88.1461
88.1554
88.1624
88.1675
88.1715
88.1749
88.1753
88.177
88.1797
88.1849
88.1865
88.1912
88.194
88.1965
88.1986
88.2012
88.2054
88.2059
88.2116
88.2152
88.2184
88.225
88.226
88.226
88.2271
88.2299
88.2316
88.2328
88.2346
88.239
88.2433
88.2437
88.2466
88.2487
88.2517
88.2671
88.2722
88.2767
88.2813
88.2822
88.2909
88.2916
88.2937
88.2972
88.2977
88.2977
88.2995
88.3037
88.3088
88.3091
88.3134
88.3165
88.3191
88.322
88.3296
88.3313
88.3327
88.3447
88.35
88.3594
88.3623
88.3644
88.3645
88.3683
88.3708
88.3743
88.3759
88.3765
88.3788
88.3798
88.3807
88.3848
88.3867
88.3951
88.3957
88.3994
88.4039
88.4059
88.4082
88.4218
88.4233
88.4287
88.4307
88.4318
88.4346
88.4413
88.4414
88.4456
88.4461
88.4489
88.4538
88.4572
88.4607
88.4615
88.4633
88.4662
88.4694
88.474
88.4762
88.4781
88.4786
88.4992
88.5055
88.5064
88.5092
88.5128
88.5218
88.5321
88.535
88.5364
88.5454
88.5495
88.5526
88.5655
88.5767
88.5811
88.5868
88.5874
88.5907
88.5931
88.5943
88.6005
88.602
88.6052
88.6078
88.6101
88.6118
88.6173
88.6173
88.6184
88.619
88.6193
88.6198
88.62
88.6219
88.6225
88.6255
88.6353
88.6379
88.6434
88.6438
88.6532
88.6548
88.6631
88.664
88.6649
88.6685
88.6691
88.6713
88.6717
88.6834
88.6849
88.6933
88.6941
88.6987
88.6987
88.7032
88.7152
88.7219
88.7437
88.7509
88.7568
88.7573
88.7576
88.7617
88.7635
88.766
88.7682
88.7684
88.7729
88.773
88.7741
88.7749
88.7831
88.7842
88.7969
88.7971
88.7988
88.8034
88.807
88.8127
88.8131
88.8252
88.828
88.8411
88.8414
88.8442
88.8446
88.8546
88.8645
88.8713
88.88
88.8821
88.8896
88.8924
88.8929
88.8997
88.9136
88.917
88.9207
88.9251
88.9272
88.9291
88.9374
88.9453
88.946
88.9495
88.9512
88.9583
88.9707
88.9792
88.9815
88.9855
88.9905
88.9949
89.0041
89.0112
89.0129
89.0234
89.0269
89.0269
89.0371
89.0376
89.0385
89.0403
89.0432
89.0468
89.048
89.0504
89.0521
89.057
89.0643
89.0751
89.0822
89.0858
89.091
89.1035
89.1046
89.1142
89.1165
89.1183
89.1264
89.1286
89.1312
89.1338
89.1387
89.143
89.1474
89.1482
89.1542
89.1547
89.1564
89.1775
89.1777
89.1778
89.1784
89.195
89.1953
89.1976
89.1982
89.2009
89.2021
89.2035
89.2107
89.2126
89.2142
89.2154
89.2234
89.2372
89.2386
89.24
89.2414
89.2462
89.2527
89.2546
89.2621
89.2624
89.2689
89.2711
89.2733
89.2745
89.2778
89.2784
89.2836
89.2841
89.2855
89.2856
89.2946
89.3009
89.3016
89.3038
89.3087
89.3092
89.3159
89.3177
89.3329
89.3525
89.3567
89.3649
89.3844
89.3933
89.3942
89.396
89.4051
89.4137
89.4174
89.4244
89.425
89.4398
89.4412
89.4425
89.4455
89.4543
89.4557
89.4574
89.4581
89.4634
89.4709
89.4773
89.4808
89.4816
89.4852
89.4865
89.4869
89.4893
89.4917
89.4955
89.4981
89.5035
89.5062
89.5069
89.5099
89.5125
89.5128
89.5152
89.5178
89.5179
89.5189
89.554
89.5563
89.5623
89.5662
89.5677
89.5686
89.5868
89.5982
89.6165
89.6198
89.6217
89.6315
89.6363
89.6518
89.6582
89.6592
89.6609
89.6683
89.6719
89.6734
89.6872
89.6942
89.6954
89.6963
89.6998
89.7001
89.7022
89.7059
89.7062
89.709
89.7176
89.7332
89.7456
89.7456
89.7533
89.7587
89.7621
89.7631
89.7699
89.776
89.7767
89.7772
89.7785
89.7827
89.7941
89.7955
89.808
89.808
89.8083
89.8108
89.8336
89.836
89.8419
89.8568
89.8572
89.8636
89.8707
89.8804
89.8833
89.8942
89.8965
89.9014
89.9078
89.9161
89.9161
89.9324
89.9374
89.9516
89.9519
89.9545
89.9592
89.9613
89.9629
89.9641
89.9641
89.966
89.9692
89.9872
89.9942
89.9947
89.9989
89.9992
90.0074
90.0101
90.0137
90.0345
90.0403
90.0491
90.052
90.0601
90.0652
90.073
90.0799
90.0812
90.0827
90.1007
90.1033
90.1035
90.112
90.1156
90.1195
90.1288
90.1288
90.1291
90.1322
90.1418
90.1518
90.152
90.1612
90.1669
90.1683
90.1719
90.1892
90.1942
90.2023
90.2109
90.2219
90.2275
90.2435
90.2442
90.248
90.2555
90.2567
90.2703
90.2711
90.2943
90.2977
90.3109
90.3146
90.3205
90.3262
90.3354
90.3379
90.3381
90.3432
90.3497
90.3655
90.3695
90.3894
90.4007
90.4096
90.4147
90.4165
90.4199
90.4225
90.4394
90.4433
90.4464
90.4469
90.447
90.448
90.4638
90.4649
90.465
90.4714
90.4722
90.4741
90.4763
90.4778
90.4811
90.4897
90.4947
90.5014
90.5037
90.504
90.5082
90.5117
90.5148
90.5394
90.5477
90.5512
90.5564
90.5584
90.5604
90.5612
90.569
90.5703
90.5733
90.5849
90.5855
90.5961
90.6138
90.6253
90.626
90.6272
90.628
90.6333
90.655
90.6595
90.6609
90.665
90.6758
90.6808
90.683
90.6897
90.7001
90.7043
90.7088
90.7297
90.7298
90.7452
90.7462
90.7553
90.7688
90.7748
90.7785
90.7899
90.7925
90.8063
90.8135
90.8513
90.8525
90.8528
90.8559
90.8626
90.8716
90.8725
90.8846
90.8849
90.9046
90.9394
90.9599
90.964
90.9696
90.9774
90.9871
90.9905
90.9913
91.0135
91.0389
91.0431
91.0435
91.059
91.0695
91.0817
91.1005
91.1026
91.1059
91.1085
91.1149
91.1287
91.1392
91.1393
91.1489
91.1584
91.16
91.1816
91.1941
91.1988
91.2053
91.2133
91.22
91.2271
91.2344
91.259
91.2765
91.2783
91.2901
91.2959
91.3054
91.3368
91.3373
91.3413
91.3495
91.356
91.3611
91.3658
91.3949
91.3963
91.4015
91.4058
91.4413
91.4638
91.4661
91.4853
91.4911
91.4955
91.5068
91.5286
91.5395
91.5478
91.5509
91.5509
91.5571
91.5622
91.5631
91.5744
91.5864
91.6136
91.6244
91.6429
91.6452
91.6656
91.6705
91.6912
91.7054
91.7105
91.7258
91.7265
91.7487
91.7532
91.7605
91.763
91.7662
91.7905
91.8032
91.8108
91.8216
91.835
91.8375
91.8439
91.8635
91.8718
91.877
91.879
91.8798
91.8817
91.8907
91.9195
91.9212
91.9492
91.9628
91.9698
91.9849
91.9858
91.993
92.0058
92.0129
92.0149
92.0455
92.0461
92.0568
92.0622
92.0665
92.0738
92.0924
92.1199
92.1295
92.1422
92.1774
92.1893
92.2189
92.2196
92.2229
92.2277
92.2393
92.2678
92.2831
92.2859
92.2916
92.2955
92.3023
92.3349
92.3415
92.3791
92.3842
92.3908
92.3957
92.3958
92.3978
92.4069
92.4319
92.4403
92.4479
92.4481
92.4483
92.4495
92.4506
92.4542
92.4561
92.4743
92.4778
92.4883
92.5186
92.5334
92.5379
92.5487
92.563
92.5728
92.5792
92.5898
92.5989
92.6046
92.6054
92.621
92.6344
92.635
92.6371
92.6622
92.6825
92.6919
92.7231
92.7244
92.7334
92.7384
92.7577
92.7742
92.7814
92.7973
92.8114
92.8132
92.8207
92.8276
92.8371
92.8461
92.8475
92.8515
92.8771
92.8773
92.8779
92.9191
92.9327
92.9463
92.9569
92.9941
93.0086
93.0301
93.0407
93.0489
93.0516
93.0681
93.081
93.0967
93.1136
93.1164
93.1299
93.1494
93.1819
93.192
93.214
93.2153
93.2188
93.2283
93.2306
93.2346
93.2424
93.2425
93.2564
93.2665
93.2716
93.2814
93.3109
93.3112
93.3346
93.3653
93.3657
93.3675
93.4206
93.4231
93.4459
93.4519
93.4543
93.508
93.5112
93.512
93.5292
93.5475
93.569
93.593
93.6016
93.6027
93.633
93.6362
93.6414
93.6657
93.689
93.777
93.7815
93.8082
93.8096
93.8111
93.8246
93.8343
93.8562
93.8634
93.8697
93.8747
93.8808
93.9116
93.9164
93.9525
93.9531
93.9826
93.9933
94.0201
94.0269
94.0446
94.0491
94.0721
94.1331
94.1572
94.2002
94.2081
94.2088
94.2457
94.2526
94.2541
94.2748
94.2753
94.3119
94.3419
94.3517
94.3545
94.3602
94.37
94.3705
94.3768
94.4588
94.4646
94.4701
94.4823
94.4845
94.4864
94.4939
94.5027
94.5198
94.53
94.5475
94.5707
94.6546
94.6991
94.7048
94.7374
94.7875
94.7886
94.8034
94.8069
94.8108
94.8616
94.8728
94.8798
94.8941
94.9241
94.9441
94.961
94.9614
94.9616
94.9728
95.055
95.06
95.0733
95.1019
95.1112
95.1145
95.1223
95.1743
95.2309
95.2361
95.2825
95.3188
95.3325
95.367
95.4547
95.4583
95.4849
95.5437
95.5675
95.5676
95.5756
95.6126
95.6162
95.679
95.6827
95.6842
95.7575
95.8168
95.8305
95.8343
95.8363
95.8383
95.8387
95.8414
95.8909
95.9311
95.972
95.9988
96.0196
96.0396
96.0566
96.1088
96.1727
96.1947
96.2383
96.257
96.261
96.2643
96.3627
96.3676
96.3802
96.4495
96.4527
96.4589
96.5093
96.5367
96.5658
96.6657
96.6684
96.6914
96.7117
96.7167
96.7502
96.7546
96.7918
96.805
96.8278
96.9345
96.9472
96.9565
96.9705
96.9976
97.0979
97.101
97.1207
97.122
97.2262
97.2345
97.2413
97.2912
97.2918
97.2984
97.3086
97.3496
97.3574
97.3907
97.4807
97.5677
97.5782
97.6593
97.7279
97.7421
97.8033
97.8385
97.8853
97.8859
97.8942
97.9351
97.9509
97.9784
97.9796
97.9846
98.0211
98.0959
98.1263
98.1367
98.235
98.3124
98.3594
98.3667
98.3725
98.4262
98.4521
98.6278
98.6762
98.6793
98.6925
98.7932
98.8076
98.9543
98.9647
99.1128
99.1385
99.2118
99.2434
99.2751
99.2906
99.3077
99.3236
99.3674
99.4275
99.4314
99.4494
99.515
99.5161
99.549
99.5699
99.6094
99.6758
99.717
99.8067
99.8719
99.9006
99.9276
99.9833
100.016
100.025
100.06
100.116
100.172
100.186
100.307
100.389
100.395
100.431
100.468
100.57
100.587
100.6
100.646
100.697
100.824
100.851
100.922
101.152
101.213
101.228
101.28
101.283
101.32
101.421
101.421
101.432
101.454
101.519
101.527
101.527
101.587
101.715
101.85
101.878
102.049
102.094
102.142
102.184
102.2
102.254
102.268
102.302
102.303
102.369
102.391
102.483
102.627
102.755
102.843
102.86
102.922
103.106
103.579
103.585
103.631
103.698
103.791
103.873
103.949
103.962
104.011
104.03
104.033
104.196
104.362
104.406
104.708
104.879
104.984
105.227
105.641
105.65
105.732
105.765
105.785
105.839
105.943
105.987
106.127
106.369
106.916
106.925
106.948
107.21
107.267
107.342
107.387
107.423
107.788
107.882
108
108.236
108.273
108.438
108.629
108.676
108.765
108.789
108.876
108.913
108.944
108.992
109.095
109.218
109.538
109.618
109.644
109.787
110.149
110.231
110.297
110.345
110.59
110.596
110.665
110.746
110.789
111.352
111.647
111.652
163.279
166.352
167.602
167.89
170.285
171.842
184.528
188.469
319.498
326.465
