91.5937
91.6912
91.7415
91.9488
92.2946
92.4535
92.4747
92.4992
92.5603
92.6163
92.6185
92.6232
92.6427
92.7001
92.8072
92.8817
92.8968
92.936
92.9447
92.9978
93.008
93.0086
93.0337
93.1203
93.1503
93.1649
93.2065
93.2208
93.2425
93.2609
93.2707
93.2707
93.2726
93.2741
93.2851
93.2994
93.3668
93.3902
93.3963
93.4176
93.4676
93.479
93.4927
93.5376
93.5594
93.566
93.5672
93.6127
93.6199
93.621
93.6248
93.6282
93.6654
93.671
93.7092
93.7186
93.7403
93.749
93.7535
93.7549
93.7721
93.7786
93.7935
93.7989
93.8082
93.8094
93.8285
93.8417
93.8836
93.9032
93.9205
93.9272
93.9435
93.9527
93.9539
93.9601
93.9795
93.9897
93.992
93.9953
94.0109
94.0206
94.0222
94.0297
94.0343
94.0637
94.0717
94.081
94.0838
94.0918
94.102
94.1063
94.1217
94.1284
94.1377
94.1432
94.1448
94.1462
94.155
94.1629
94.17
94.1813
94.1839
94.1884
94.1895
94.2053
94.2328
94.2403
94.2405
94.2506
94.2808
94.2981
94.3008
94.3076
94.3129
94.3207
94.3266
94.3318
94.3331
94.3359
94.336
94.3378
94.346
94.3504
94.3527
94.366
94.3696
94.3768
94.3788
94.3814
94.3874
94.3933
94.3984
94.4037
94.4248
94.43
94.4317
94.4327
94.4385
94.446
94.4582
94.4615
94.4617
94.4632
94.4667
94.4668
94.4681
94.4715
94.4733
94.4763
94.4854
94.4946
94.4977
94.5034
94.5074
94.5082
94.5215
94.5276
94.5293
94.5299
94.531
94.5403
94.5464
94.5481
94.5578
94.5582
94.5628
94.5667
94.567
94.5671
94.5673
94.5758
94.5878
94.5918
94.6046
94.6056
94.6124
94.6149
94.6181
94.6326
94.6335
94.6436
94.6536
94.655
94.6656
94.6657
94.6659
94.6695
94.6734
94.6801
94.6827
94.6904
94.6911
94.6932
94.6964
94.6991
94.7059
94.7155
94.7213
94.7324
94.7362
94.7402
94.7446
94.7617
94.7647
94.7801
94.7842
94.7914
94.7994
94.8169
94.8243
94.8358
94.8428
94.847
94.8606
94.8609
94.8647
94.8658
94.8914
94.8936
94.9044
94.9143
94.9218
94.9219
94.9238
94.9246
94.9296
94.9451
94.9604
94.9698
94.983
94.9858
94.9991
95.0003
95.0044
95.0109
95.0162
95.0175
95.0299
95.0387
95.0396
95.0398
95.0426
95.0537
95.0638
95.0661
95.067
95.0806
95.0834
95.087
95.1185
95.1226
95.1242
95.1294
95.1297
95.1392
95.1511
95.159
95.1822
95.1852
95.1898
95.1925
95.2033
95.2067
95.2127
95.2351
95.2478
95.2627
95.2707
95.2755
95.2774
95.2795
95.2885
95.2936
95.3019
95.3076
95.3109
95.3149
95.315
95.3322
95.3412
95.3493
95.3511
95.3541
95.3648
95.3683
95.3844
95.3942
95.4087
95.4187
95.4235
95.4239
95.4239
95.4371
95.438
95.4569
95.4658
95.475
95.4764
95.4819
95.4947
95.4963
95.5235
95.527
95.5315
95.5321
95.5447
95.5501
95.5602
95.5654
95.5774
95.5961
95.5977
95.6011
95.6052
95.6112
95.6188
95.6292
95.6385
95.6583
95.6589
95.6717
95.6728
95.6768
95.6769
95.6781
95.6789
95.6792
95.6859
95.6897
95.7035
95.7044
95.7049
95.7183
95.744
95.7479
95.7557
95.7672
95.7685
95.775
95.7776
95.7884
95.8085
95.8092
95.8104
95.8108
95.8184
95.823
95.8289
95.8525
95.8539
95.8716
95.8735
95.8741
95.8762
95.8875
95.8888
95.9052
95.9075
95.9166
95.9194
95.936
95.939
95.9485
95.9743
95.9765
95.9803
96
96.0198
96.0245
96.0247
96.0297
96.0306
96.0516
96.0649
96.0874
96.0888
96.095
96.0987
96.1054
96.1136
96.1213
96.1229
96.1249
96.1265
96.1307
96.1371
96.1473
96.1744
96.175
96.1767
96.1805
96.1808
96.1852
96.1862
96.1995
96.2028
96.2185
96.239
96.2408
96.2483
96.2516
96.2614
96.2622
96.2627
96.2692
96.2697
96.2906
96.2997
96.3182
96.3334
96.3435
96.3509
96.3539
96.3571
96.3892
96.3959
96.4036
96.404
96.4048
96.4054
96.4171
96.4206
96.4211
96.4227
96.4368
96.4589
96.46
96.4643
96.4789
96.4815
96.4822
96.496
96.4972
96.5116
96.5129
96.5149
96.5166
96.522
96.5234
96.5281
96.5529
96.5757
96.5785
96.5811
96.5831
96.5854
96.5902
96.6177
96.6186
96.6253
96.6289
96.6317
96.6353
96.6387
96.6476
96.65
96.6571
96.6708
96.6833
96.686
96.6864
96.6873
96.6909
96.701
96.7035
96.7065
96.7097
96.7148
96.7342
96.7404
96.7452
96.7676
96.771
96.7718
96.7742
96.7829
96.7942
96.8023
96.8035
96.8495
96.8527
96.8949
96.9022
96.9245
96.9305
96.9384
96.9499
96.9713
96.9828
96.9916
97.0001
97.0029
97.0046
97.0151
97.0262
97.0299
97.0479
97.0485
97.0528
97.0751
97.0768
97.0821
97.084
97.089
97.096
97.0995
97.108
97.1191
97.1335
97.1398
97.1405
97.142
97.1563
97.1666
97.1763
97.1889
97.1963
97.2202
97.2289
97.23
97.2464
97.2535
97.2597
97.2641
97.2642
97.2661
97.2663
97.2698
97.271
97.2754
97.2792
97.2813
97.2859
97.301
97.3023
97.304
97.3058
97.3113
97.3758
97.38
97.3998
97.4702
97.4709
97.4763
97.4817
97.4874
97.4982
97.5167
97.5253
97.5289
97.5341
97.5421
97.5662
97.5844
97.5876
97.6097
97.6116
97.6266
97.6295
97.641
97.6467
97.66
97.6695
97.6746
97.6839
97.6915
97.7233
97.7319
97.7585
97.7812
97.7968
97.7999
97.8276
97.8284
97.8327
97.8655
97.8703
97.8826
97.9046
97.9153
97.9176
97.9204
97.9244
97.9282
97.957
97.9645
97.9746
97.98
97.984
97.9955
98.0002
98.0365
98.0567
98.0828
98.084
98.0846
98.0857
98.1125
98.1262
98.1449
98.1614
98.1629
98.2175
98.2373
98.2426
98.25
98.2986
98.3036
98.309
98.311
98.3121
98.3303
98.3314
98.3358
98.3449
98.3868
98.3996
98.405
98.4057
98.4263
98.4369
98.4851
98.4914
98.4951
98.4959
98.5099
98.5127
98.5181
98.5184
98.5401
98.5515
98.5545
98.5591
98.5684
98.5709
98.5823
98.6118
98.6376
98.6453
98.6484
98.6498
98.6629
98.6866
98.6891
98.7656
98.7823
98.7958
98.7967
98.8148
98.8161
98.8332
98.8427
98.8435
98.9531
98.9534
98.9748
98.9852
98.9899
98.9925
99.0495
99.0661
99.0728
99.0761
99.091
99.1036
99.1167
99.1505
99.1933
99.2188
99.2202
99.2377
99.2605
99.2652
99.2705
99.289
99.2987
99.3268
99.3705
99.4136
99.4366
99.4481
99.4521
99.4854
99.5378
99.5483
99.5504
99.554
99.5988
99.613
99.6773
99.6997
99.7024
99.7169
99.7445
99.7449
99.7552
99.7634
99.7645
99.7919
99.7923
99.8008
99.8507
99.873
99.8734
99.8736
99.9086
99.9151
99.9238
99.93
99.9362
100.052
100.081
100.098
100.1
100.113
100.122
100.136
100.144
100.158
100.164
100.175
100.232
100.279
100.284
100.286
100.388
100.433
100.515
100.529
100.533
100.56
100.571
100.576
100.589
100.614
100.656
100.665
100.716
100.722
100.783
100.838
100.852
100.896
100.934
100.954
101.07
101.088
101.095
101.102
101.193
101.239
101.244
101.269
101.285
101.29
101.371
101.406
101.428
101.467
101.553
101.577
101.578
101.587
101.761
101.79
101.792
101.864
101.928
101.955
101.979
102.07
102.088
102.107
102.149
102.186
102.362
102.38
102.438
102.474
102.482
102.561
102.619
102.689
102.74
102.743
102.842
102.916
103.114
103.153
103.226
103.337
103.364
103.368
103.471
103.555
103.673
103.878
103.96
103.998
104.014
104.018
104.047
104.228
104.256
104.337
104.366
104.431
104.585
104.607
104.734
104.828
104.845
105.11
105.395
105.415
105.436
105.476
105.633
105.666
105.676
105.902
105.955
106.041
106.288
106.348
106.379
106.39
106.412
106.448
106.45
106.555
106.657
106.658
106.682
106.703
106.831
107.015
107.11
107.242
107.552
107.904
107.983
108.039
108.612
108.699
108.759
109.094
109.198
109.224
109.361
110.019
110.197
110.217
110.363
110.477
110.612
110.623
110.647
110.989
111.064
111.434
111.46
111.651
111.73
111.802
112.131
112.319
113.065
113.97
114.092
114.478
114.487
114.978
115.027
115.14
115.236
116.971
118.688
118.806
118.888
120.64
121.447
192.15
197.583
204.085
