82.6176
82.6724
82.7123
82.7831
82.8055
82.8548
82.9096
82.9608
83.0335
83.1538
83.1926
83.2017
83.2085
83.2163
83.3388
83.3498
83.3983
83.4861
83.5595
83.5649
83.5771
83.6229
83.628
83.6657
83.6943
83.711
83.7257
83.751
83.775
83.7758
83.7854
83.8027
83.8344
83.8618
83.8654
83.8785
83.8982
83.9004
83.9036
83.9063
83.915
83.941
83.9505
83.9513
83.9527
83.9556
83.9787
83.9821
83.9955
84.0252
84.0366
84.0423
84.0532
84.0599
84.0747
84.0764
84.0769
84.0984
84.1145
84.1191
84.1249
84.1332
84.1367
84.1399
84.1428
84.15
84.1605
84.1662
84.1806
84.1813
84.2009
84.208
84.2163
84.2267
84.2317
84.2334
84.2378
84.2388
84.2419
84.2426
84.2474
84.252
84.2528
84.2558
84.2597
84.26
84.2604
84.2611
84.2673
84.2716
84.2784
84.2799
84.3008
84.3165
84.3193
84.3265
84.334
84.3379
84.3387
84.3416
84.3441
84.3448
84.3527
84.3571
84.3685
84.3781
84.3841
84.3893
84.3981
84.4003
84.4009
84.4039
84.404
84.4043
84.4046
84.4081
84.4107
84.4112
84.4158
84.4197
84.425
84.4307
84.435
84.4367
84.4394
84.4437
84.4465
84.447
84.4473
84.453
84.4619
84.4679
84.4738
84.4769
84.4893
84.4969
84.4993
84.4999
84.5021
84.5134
84.5147
84.5157
84.5195
84.5271
84.532
84.5413
84.5414
84.5439
84.5545
84.5555
84.5558
84.5561
84.566
84.5687
84.5693
84.5782
84.5782
84.58
84.5801
84.5817
84.5833
84.5895
84.5896
84.5899
84.5904
84.5913
84.592
84.5995
84.604
84.613
84.6149
84.62
84.6229
84.6249
84.628
84.6294
84.6355
84.6407
84.6417
84.6422
84.6425
84.6427
84.6433
84.6482
84.6497
84.6516
84.6544
84.6619
84.6634
84.6668
84.6766
84.6771
84.6787
84.6814
84.6829
84.683
84.6831
84.6843
84.6878
84.688
84.6896
84.695
84.6969
84.6972
84.7007
84.7032
84.7051
84.7107
84.7108
84.7108
84.7156
84.7164
84.7299
84.7301
84.7306
84.7313
84.7361
84.7363
84.7378
84.739
84.7428
84.7446
84.7451
84.7477
84.7505
84.7507
84.7546
84.7575
84.7575
84.7643
84.7652
84.779
84.7798
84.781
84.7846
84.7881
84.7909
84.7931
84.7939
84.8035
84.8058
84.8181
84.8197
84.828
84.8322
84.8419
84.8445
84.847
84.8483
84.8494
84.8508
84.8529
84.8592
84.8628
84.8629
84.8631
84.8722
84.8779
84.8786
84.882
84.8911
84.8917
84.8951
84.8957
84.8964
84.8967
84.8971
84.9005
84.901
84.906
84.9145
84.9154
84.9159
84.9245
84.9251
84.9253
84.9256
84.9266
84.927
84.9337
84.9341
84.9404
84.9426
84.9518
84.9545
84.9562
84.9591
84.9593
84.9664
84.9703
84.9735
84.9771
84.9771
84.9777
84.9787
84.9802
84.9807
84.9927
84.9937
84.9978
84.999
84.9995
85.0041
85.0055
85.0067
85.0068
85.0094
85.0109
85.0113
85.0115
85.0126
85.0133
85.0138
85.0139
85.0152
85.0167
85.0206
85.0208
85.0234
85.0236
85.0252
85.0254
85.0258
85.0259
85.0282
85.0289
85.029
85.0309
85.0334
85.035
85.0376
85.0393
85.0491
85.0495
85.0502
85.0505
85.0533
85.0576
85.0591
85.0602
85.0621
85.063
85.0683
85.0691
85.0704
85.0717
85.0725
85.0763
85.0778
85.0816
85.086
85.0863
85.0896
85.0916
85.0958
85.0973
85.0976
85.0989
85.1059
85.1081
85.1106
85.1107
85.1112
85.1112
85.1155
85.1207
85.1232
85.1247
85.1286
85.1292
85.13
85.1321
85.133
85.1343
85.1368
85.1369
85.1394
85.1396
85.1406
85.1418
85.143
85.1437
85.1438
85.144
85.1472
85.1482
85.1496
85.1496
85.1507
85.1519
85.1593
85.1605
85.1607
85.168
85.1708
85.1728
85.1744
85.1772
85.1798
85.18
85.1802
85.181
85.1822
85.1824
85.1834
85.1854
85.1854
85.186
85.1865
85.1869
85.1874
85.1882
85.1908
85.1926
85.1931
85.1953
85.1961
85.1979
85.1987
85.202
85.2047
85.2063
85.2066
85.2125
85.2143
85.2145
85.2148
85.2156
85.216
85.2162
85.2182
85.2183
85.2187
85.2189
85.2189
85.2194
85.2207
85.2228
85.2232
85.2236
85.2237
85.2242
85.2256
85.2264
85.2276
85.2278
85.2305
85.2308
85.2335
85.2337
85.2338
85.2367
85.2395
85.2409
85.2413
85.2418
85.246
85.2462
85.2476
85.25
85.2505
85.2506
85.2534
85.2535
85.2542
85.256
85.2577
85.2577
85.2601
85.2603
85.2629
85.2675
85.2706
85.2719
85.272
85.2721
85.2723
85.2738
85.2738
85.2749
85.2769
85.2775
85.281
85.2812
85.2813
85.2822
85.2871
85.2889
85.2893
85.2905
85.2912
85.2922
85.2924
85.2946
85.2973
85.2975
85.2978
85.2986
85.2986
85.2987
85.3059
85.3085
85.3107
85.312
85.3134
85.3152
85.3176
85.3181
85.3226
85.3244
85.3254
85.3277
85.33
85.3332
85.3334
85.3367
85.3371
85.3381
85.3384
85.3438
85.3461
85.3472
85.3487
85.3496
85.3511
85.3514
85.3535
85.3586
85.3605
85.3618
85.3621
85.3654
85.3685
85.3694
85.3713
85.3716
85.3721
85.3722
85.3726
85.3746
85.3757
85.3792
85.3809
85.3819
85.3833
85.384
85.3849
85.3851
85.387
85.3906
85.3906
85.392
85.3922
85.3929
85.393
85.393
85.3946
85.3951
85.399
85.3993
85.3996
85.3997
85.4008
85.4023
85.4045
85.406
85.4064
85.4085
85.4102
85.4113
85.4124
85.4137
85.414
85.4158
85.4167
85.4173
85.4174
85.4176
85.4177
85.4189
85.419
85.4202
85.4214
85.4235
85.4245
85.425
85.4269
85.4276
85.4292
85.4294
85.43
85.4303
85.4305
85.4356
85.4359
85.4384
85.4392
85.4397
85.4403
85.4433
85.4434
85.4437
85.4446
85.4448
85.4478
85.4486
85.4489
85.451
85.4522
85.4527
85.4535
85.4536
85.4581
85.4594
85.4617
85.4651
85.4654
85.4663
85.4688
85.4696
85.4704
85.4746
85.475
85.4757
85.4773
85.4776
85.4796
85.4818
85.4822
85.4833
85.4883
85.4893
85.4921
85.4926
85.4929
85.4931
85.4958
85.4961
85.4983
85.5013
85.5013
85.5024
85.5029
85.5089
85.5111
85.5121
85.5125
85.513
85.5132
85.5134
85.5134
85.515
85.5229
85.5258
85.5265
85.5269
85.5286
85.5289
85.5297
85.5303
85.534
85.5341
85.5343
85.5384
85.5387
85.5389
85.5411
85.5437
85.544
85.5441
85.5447
85.5465
85.5494
85.5502
85.5528
85.5534
85.5565
85.557
85.5596
85.5602
85.5618
85.5639
85.5642
85.5647
85.5648
85.5693
85.5694
85.5706
85.5719
85.5734
85.5753
85.5759
85.5763
85.5771
85.578
85.578
85.5798
85.5819
85.5862
85.5879
85.5892
85.5903
85.5912
85.5946
85.5951
85.596
85.598
85.5981
85.605
85.6061
85.6065
85.6065
85.6071
85.6091
85.6137
85.6138
85.6145
85.6179
85.6181
85.6182
85.6195
85.624
85.625
85.6282
85.6283
85.6295
85.6305
85.6329
85.6344
85.6388
85.6403
85.6426
85.6427
85.643
85.6446
85.6468
85.6484
85.6486
85.6525
85.6552
85.6566
85.6581
85.6582
85.6586
85.6588
85.6595
85.6598
85.6607
85.6622
85.6644
85.6668
85.6713
85.6718
85.673
85.6731
85.6747
85.675
85.6767
85.6769
85.6773
85.6775
85.6777
85.6782
85.6791
85.6806
85.6806
85.6812
85.6814
85.6816
85.682
85.6822
85.6823
85.6868
85.6879
85.6884
85.6899
85.6902
85.6948
85.6962
85.6968
85.6988
85.6994
85.6996
85.705
85.7061
85.7091
85.71
85.7115
85.7118
85.7125
85.7129
85.7143
85.7168
85.7171
85.7196
85.7218
85.7224
85.7226
85.7242
85.7244
85.7259
85.7261
85.7268
85.7269
85.7272
85.7276
85.7278
85.7284
85.7285
85.7333
85.7337
85.7359
85.7374
85.7393
85.7403
85.7412
85.7453
85.7458
85.746
85.7485
85.7505
85.752
85.7563
85.7564
85.7568
85.7606
85.7664
85.7681
85.7692
85.7713
85.7713
85.7748
85.7755
85.7759
85.7762
85.7775
85.7785
85.7785
85.7791
85.7793
85.7796
85.7805
85.7807
85.7833
85.7841
85.7844
85.7855
85.7857
85.7858
85.7867
85.7869
85.788
85.7894
85.7897
85.7901
85.7918
85.7927
85.7937
85.7948
85.7957
85.7959
85.8004
85.8008
85.801
85.8018
85.8051
85.8062
85.8066
85.8099
85.8104
85.8142
85.8149
85.817
85.82
85.8216
85.8216
85.8229
85.8247
85.8251
85.8275
85.8294
85.8314
85.8319
85.8362
85.8381
85.8395
85.8398
85.844
85.8451
85.846
85.8463
85.8467
85.8489
85.8514
85.8515
85.8517
85.8522
85.8523
85.8524
85.8529
85.8532
85.8537
85.8539
85.8563
85.8573
85.8578
85.8593
85.8595
85.86
85.8607
85.8619
85.8621
85.8651
85.8668
85.8673
85.8681
85.869
85.8699
85.8714
85.8718
85.8718
85.8726
85.8731
85.8749
85.8773
85.8775
85.8777
85.8789
85.8813
85.8831
85.8843
85.8846
85.8869
85.8872
85.8875
85.8881
85.8891
85.89
85.8905
85.8917
85.8929
85.8934
85.8936
85.8939
85.8958
85.8964
85.897
85.8991
85.8994
85.9
85.9023
85.9026
85.9035
85.9042
85.9066
85.9071
85.9071
85.9072
85.9075
85.9084
85.9086
85.9101
85.9109
85.9109
85.912
85.9157
85.916
85.9207
85.9207
85.9252
85.9261
85.9263
85.9268
85.9285
85.9297
85.9306
85.9312
85.9314
85.9326
85.9331
85.9351
85.9365
85.9367
85.937
85.9375
85.9384
85.9385
85.9388
85.9396
85.9412
85.9423
85.9423
85.9438
85.9452
85.9476
85.9482
85.9483
85.9488
85.9493
85.9528
85.9554
85.9573
85.9602
85.9628
85.9631
85.9633
85.9635
85.9678
85.9689
85.9695
85.9712
85.973
85.9732
85.9752
85.9764
85.9769
85.9776
85.9788
85.9792
85.9795
85.9817
85.9821
85.9869
85.9871
85.9902
85.9903
85.9912
85.9931
85.9933
85.995
85.9953
85.998
85.9986
85.9988
86.0001
86.0019
86.0054
86.0056
86.0061
86.0071
86.0077
86.009
86.0106
86.0112
86.0115
86.0126
86.0127
86.0129
86.0134
86.0154
86.0157
86.0159
86.017
86.0228
86.023
86.0239
86.0258
86.0262
86.0271
86.0277
86.0292
86.0294
86.0298
86.0302
86.0313
86.0315
86.0316
86.0319
86.0322
86.0333
86.0335
86.0349
86.0366
86.0376
86.0378
86.0386
86.0405
86.0414
86.0414
86.0416
86.0417
86.0449
86.0458
86.0467
86.0483
86.0485
86.0489
86.0499
86.0511
86.053
86.0531
86.0531
86.0576
86.058
86.0614
86.0618
86.0629
86.064
86.0643
86.0647
86.0652
86.0657
86.067
86.0696
86.0705
86.0718
86.0724
86.0731
86.0745
86.0754
86.0755
86.0756
86.0765
86.0766
86.0783
86.0793
86.0796
86.0814
86.083
86.083
86.0842
86.0843
86.0845
86.0864
86.0889
86.0924
86.0936
86.0958
86.0964
86.0967
86.0971
86.0972
86.0973
86.0983
86.1015
86.1024
86.1038
86.104
86.1053
86.1059
86.1072
86.1082
86.1104
86.1122
86.1139
86.1163
86.1171
86.1172
86.1173
86.1176
86.1193
86.1213
86.1234
86.1238
86.1239
86.1249
86.1253
86.127
86.1273
86.1279
86.1286
86.1288
86.1291
86.1314
86.1318
86.1323
86.1325
86.1338
86.1339
86.1348
86.1349
86.1391
86.1396
86.1406
86.1412
86.1413
86.142
86.1421
86.1448
86.1466
86.1467
86.147
86.1477
86.1491
86.1504
86.1506
86.1513
86.1527
86.1534
86.1543
86.1548
86.1555
86.1556
86.156
86.1572
86.1584
86.1593
86.1601
86.1608
86.1617
86.1637
86.1652
86.1655
86.166
86.1673
86.1684
86.1685
86.1713
86.1715
86.1763
86.1768
86.177
86.1781
86.1787
86.179
86.1813
86.1816
86.1823
86.1825
86.1832
86.1833
86.1835
86.1841
86.1872
86.1874
86.1882
86.193
86.194
86.1948
86.197
86.1973
86.1985
86.199
86.1994
86.2041
86.2052
86.2089
86.2099
86.2113
86.2198
86.2201
86.2212
86.2222
86.2228
86.2231
86.2242
86.2253
86.2272
86.2272
86.2272
86.2274
86.2285
86.2294
86.2296
86.2304
86.2319
86.2331
86.2335
86.2335
86.2356
86.2368
86.2375
86.2378
86.2395
86.2406
86.2411
86.2414
86.2415
86.247
86.2481
86.2502
86.2508
86.2528
86.2529
86.253
86.2532
86.2551
86.2553
86.2564
86.257
86.2611
86.2623
86.2649
86.2673
86.2683
86.2684
86.2695
86.2696
86.27
86.2701
86.2719
86.2735
86.2755
86.2761
86.2761
86.2762
86.2772
86.279
86.2808
86.2811
86.2835
86.2839
86.2843
86.2848
86.2852
86.2856
86.2868
86.2868
86.2886
86.2888
86.2899
86.2912
86.2927
86.293
86.2933
86.2934
86.2935
86.2936
86.2937
86.2946
86.2946
86.295
86.2977
86.298
86.2986
86.2994
86.2998
86.3011
86.3014
86.3025
86.303
86.3052
86.307
86.3073
86.3089
86.3108
86.311
86.3114
86.3117
86.3135
86.3138
86.3139
86.314
86.3151
86.3156
86.3158
86.3164
86.3196
86.322
86.322
86.3221
86.3251
86.3251
86.3256
86.3283
86.329
86.3302
86.3319
86.3323
86.3331
86.3341
86.335
86.3356
86.3365
86.3374
86.3374
86.338
86.338
86.3401
86.3404
86.3404
86.3429
86.3438
86.3439
86.3441
86.3442
86.3444
86.3446
86.3449
86.3449
86.3457
86.3471
86.3474
86.3483
86.3507
86.3514
86.3521
86.3547
86.3549
86.3553
86.3556
86.3559
86.3568
86.357
86.3575
86.3612
86.3638
86.364
86.3643
86.3651
86.3651
86.3653
86.3654
86.3661
86.367
86.3671
86.3679
86.3689
86.3705
86.3717
86.3722
86.373
86.373
86.3738
86.3739
86.3741
86.3749
86.3754
86.3755
86.3764
86.3771
86.3782
86.3786
86.3789
86.3801
86.382
86.3823
86.3836
86.3841
86.3847
86.385
86.3856
86.3866
86.3876
86.3881
86.3881
86.3894
86.3901
86.3905
86.3906
86.3912
86.3918
86.3942
86.3942
86.3965
86.3976
86.3977
86.3978
86.3979
86.3982
86.3992
86.4
86.4019
86.4023
86.4026
86.4038
86.4043
86.4047
86.4054
86.4087
86.4092
86.411
86.4116
86.4117
86.4123
86.4135
86.4149
86.417
86.4181
86.4187
86.4193
86.4199
86.421
86.422
86.4263
86.4275
86.4282
86.4286
86.4294
86.4322
86.433
86.4342
86.4343
86.4346
86.4368
86.4399
86.4403
86.4425
86.4433
86.444
86.4451
86.4475
86.4489
86.4495
86.4511
86.4528
86.4529
86.454
86.4543
86.4567
86.4581
86.4586
86.4607
86.4609
86.4616
86.4651
86.4654
86.4658
86.4661
86.4662
86.4673
86.4705
86.4724
86.4728
86.4737
86.4748
86.4765
86.4783
86.48
86.4806
86.481
86.4819
86.4826
86.4829
86.4829
86.4844
86.4853
86.4857
86.4862
86.4873
86.4877
86.4886
86.4894
86.4902
86.4905
86.4911
86.4911
86.492
86.4926
86.4935
86.4937
86.4941
86.5001
86.5008
86.5029
86.503
86.5032
86.5032
86.5043
86.5046
86.505
86.505
86.5064
86.5065
86.5083
86.5088
86.5094
86.5103
86.5108
86.5116
86.514
86.5142
86.5162
86.5177
86.5208
86.5236
86.5245
86.5265
86.5266
86.529
86.5294
86.5318
86.5318
86.5324
86.5332
86.5337
86.5339
86.5346
86.5356
86.5381
86.5404
86.5411
86.5417
86.5431
86.5437
86.5437
86.5446
86.5463
86.5471
86.549
86.5492
86.5503
86.5507
86.5514
86.5517
86.5522
86.5547
86.5548
86.5554
86.5558
86.5568
86.5569
86.5593
86.5599
86.5622
86.5623
86.5637
86.5644
86.5652
86.5653
86.5661
86.5672
86.5683
86.5694
86.5701
86.5713
86.5717
86.5756
86.5766
86.5767
86.5779
86.5782
86.5787
86.579
86.5793
86.5793
86.5802
86.581
86.5824
86.583
86.585
86.5852
86.5862
86.5873
86.5896
86.5937
86.5939
86.5947
86.5967
86.597
86.5984
86.5987
86.6027
86.6054
86.6058
86.6062
86.6067
86.6082
86.6083
86.6083
86.6083
86.6094
86.611
86.6113
86.6117
86.6156
86.6189
86.6189
86.619
86.621
86.6222
86.6249
86.6266
86.6274
86.6276
86.6282
86.6298
86.6302
86.6314
86.6316
86.632
86.6328
86.6352
86.6362
86.6363
86.6382
86.6382
86.641
86.6411
86.6421
86.643
86.643
86.6445
86.6448
86.6468
86.648
86.6491
86.6495
86.6499
86.6515
86.6516
86.6517
86.652
86.6526
86.6532
86.6537
86.6539
86.6543
86.6543
86.6543
86.6548
86.6555
86.6571
86.6584
86.6595
86.6596
86.6599
86.6615
86.6622
86.6638
86.6653
86.6654
86.6656
86.666
86.6666
86.6667
86.6674
86.6681
86.6684
86.6707
86.6743
86.6744
86.6746
86.675
86.6771
86.6774
86.6777
86.6778
86.6785
86.6792
86.6798
86.6811
86.6828
86.6845
86.6846
86.6848
86.6852
86.6877
86.688
86.6886
86.6893
86.6897
86.6917
86.6924
86.6954
86.6966
86.6967
86.6983
86.6984
86.6987
86.6988
86.699
86.6993
86.6994
86.7
86.7006
86.7008
86.7009
86.701
86.7012
86.7026
86.7046
86.7049
86.7073
86.7078
86.7088
86.7092
86.7124
86.7128
86.7134
86.7136
86.7164
86.7169
86.7175
86.7175
86.7176
86.7194
86.7197
86.7205
86.7221
86.7238
86.7241
86.7279
86.7282
86.7293
86.7296
86.7311
86.7319
86.7336
86.7344
86.7361
86.7363
86.7377
86.7378
86.7383
86.7428
86.7429
86.7437
86.7438
86.7448
86.7449
86.7479
86.7487
86.7493
86.7503
86.7507
86.7513
86.7513
86.7524
86.7536
86.7536
86.7544
86.7551
86.7551
86.7556
86.7561
86.7561
86.7566
86.7566
86.7606
86.7607
86.7609
86.7618
86.7637
86.7659
86.767
86.7671
86.7689
86.77
86.7705
86.771
86.773
86.7737
86.7746
86.7746
86.7779
86.7783
86.7795
86.7799
86.7809
86.7812
86.7826
86.783
86.783
86.7833
86.7838
86.7848
86.7863
86.7871
86.7874
86.7874
86.7878
86.7908
86.7916
86.7932
86.795
86.7955
86.7991
86.7999
86.8007
86.8021
86.8035
86.8038
86.804
86.805
86.8059
86.807
86.8092
86.8106
86.8106
86.8107
86.812
86.8133
86.8145
86.8157
86.8158
86.8158
86.8163
86.8168
86.8177
86.8182
86.8184
86.8187
86.8195
86.8197
86.8201
86.8204
86.8215
86.8218
86.8219
86.8219
86.8223
86.8227
86.8234
86.8238
86.8246
86.8254
86.8273
86.8281
86.829
86.8291
86.8292
86.8292
86.83
86.8303
86.8307
86.8312
86.8317
86.8321
86.8326
86.833
86.833
86.8347
86.8368
86.8377
86.8383
86.8396
86.8397
86.8398
86.8435
86.8444
86.8449
86.845
86.8452
86.8452
86.8484
86.8493
86.8509
86.8516
86.8516
86.8519
86.8519
86.8554
86.856
86.8571
86.8574
86.858
86.8585
86.8597
86.8606
86.8614
86.8643
86.865
86.8662
86.867
86.8698
86.8727
86.8741
86.8745
86.8776
86.8783
86.8817
86.8818
86.8819
86.8826
86.8833
86.8869
86.8874
86.8875
86.8884
86.8885
86.8929
86.8947
86.895
86.8959
86.8961
86.8967
86.8967
86.8974
86.8975
86.8985
86.899
86.8992
86.9017
86.9036
86.904
86.9041
86.9058
86.9068
86.9108
86.9111
86.9116
86.9135
86.9141
86.915
86.9156
86.9162
86.9175
86.918
86.9194
86.922
86.9228
86.9228
86.9229
86.9231
86.926
86.9261
86.9272
86.9291
86.9313
86.9328
86.9337
86.9363
86.9369
86.9379
86.9385
86.9392
86.9392
86.9395
86.9396
86.9411
86.9414
86.942
86.9429
86.9438
86.9444
86.9445
86.9453
86.9459
86.9471
86.9471
86.9471
86.9486
86.9486
86.9501
86.9509
86.9522
86.9525
86.9527
86.9531
86.9533
86.9562
86.9565
86.9566
86.9566
86.9573
86.9589
86.9592
86.9599
86.9602
86.9609
86.9629
86.9636
86.9644
86.9665
86.9671
86.9688
86.9702
86.9722
86.9746
86.975
86.9752
86.9761
86.9773
86.9773
86.9784
86.9793
86.9802
86.9816
86.9833
86.9834
86.9835
86.9844
86.9849
86.9868
86.9877
86.9884
86.9888
86.9908
86.9911
86.9913
86.9913
86.9917
86.9918
86.9923
86.9937
86.9945
86.9965
86.9975
86.9983
86.9986
87.0008
87.0017
87.002
87.0023
87.0038
87.0042
87.0049
87.0052
87.0053
87.0055
87.0057
87.0064
87.0066
87.0077
87.0081
87.0092
87.0093
87.0096
87.0099
87.0117
87.0118
87.0127
87.0129
87.0131
87.0142
87.0149
87.0151
87.0151
87.0154
87.0173
87.0196
87.0199
87.0208
87.0212
87.0215
87.0218
87.0228
87.0228
87.0229
87.023
87.024
87.0245
87.0253
87.0269
87.0287
87.0303
87.0338
87.034
87.0342
87.0361
87.038
87.0385
87.0386
87.0403
87.0428
87.0431
87.0432
87.0441
87.0445
87.0446
87.0449
87.0451
87.0468
87.0469
87.0471
87.0473
87.0486
87.0491
87.0518
87.0529
87.0548
87.0549
87.0557
87.056
87.0565
87.0566
87.0596
87.0597
87.0597
87.0603
87.0612
87.0619
87.062
87.0627
87.0631
87.0638
87.0642
87.0646
87.066
87.0662
87.0696
87.0701
87.0718
87.0724
87.0727
87.0729
87.073
87.0735
87.0735
87.0762
87.0766
87.0778
87.078
87.0798
87.0808
87.0813
87.0833
87.0851
87.0889
87.0906
87.0915
87.0918
87.0922
87.0928
87.0928
87.094
87.094
87.0946
87.0948
87.0958
87.1011
87.1023
87.1025
87.1038
87.105
87.1072
87.1078
87.1094
87.1106
87.1107
87.111
87.1114
87.1122
87.1123
87.1123
87.1137
87.1165
87.1169
87.119
87.1191
87.1211
87.1225
87.1229
87.1235
87.1242
87.1245
87.1252
87.1262
87.1269
87.1273
87.1276
87.1289
87.1304
87.1313
87.1315
87.1321
87.1323
87.133
87.1331
87.1339
87.1346
87.1347
87.1348
87.1354
87.1365
87.1366
87.1373
87.1373
87.138
87.1381
87.1385
87.1386
87.1409
87.1416
87.1418
87.1432
87.1448
87.1458
87.1462
87.1472
87.1498
87.1523
87.1532
87.1536
87.1609
87.1611
87.1619
87.1624
87.1646
87.1651
87.1659
87.1663
87.1669
87.1672
87.1674
87.1676
87.1708
87.171
87.1712
87.1725
87.1732
87.1736
87.1738
87.1738
87.1745
87.1778
87.1787
87.1787
87.1795
87.1797
87.1806
87.1819
87.1826
87.1839
87.1852
87.1859
87.1863
87.1867
87.1889
87.1901
87.1919
87.1937
87.1956
87.1979
87.1993
87.2004
87.2014
87.203
87.2033
87.2036
87.2087
87.2092
87.2093
87.2095
87.2112
87.2137
87.2161
87.2177
87.2179
87.2196
87.2198
87.2203
87.2208
87.221
87.2239
87.2264
87.2265
87.2273
87.2289
87.2294
87.23
87.2304
87.2344
87.2354
87.2366
87.2373
87.2381
87.2384
87.2394
87.2396
87.2402
87.2403
87.2404
87.2408
87.2426
87.2432
87.2435
87.2446
87.2462
87.248
87.2486
87.2487
87.249
87.2495
87.25
87.2507
87.2519
87.2531
87.2541
87.2553
87.2561
87.2565
87.2615
87.2625
87.263
87.2632
87.2645
87.2666
87.2687
87.2696
87.2705
87.2719
87.2734
87.2767
87.2768
87.2769
87.2776
87.2778
87.2785
87.2799
87.2799
87.2804
87.2809
87.2813
87.2815
87.2829
87.2831
87.2842
87.2845
87.2847
87.2864
87.2866
87.2866
87.2872
87.2878
87.2881
87.2883
87.2892
87.2895
87.2896
87.2898
87.2901
87.2925
87.2926
87.2937
87.2939
87.2943
87.2943
87.2952
87.3001
87.3008
87.301
87.3013
87.3026
87.3029
87.3043
87.3045
87.3055
87.3067
87.3082
87.3093
87.3117
87.3118
87.3118
87.3135
87.3148
87.3167
87.3171
87.3189
87.3195
87.3223
87.3226
87.3229
87.3241
87.3243
87.3269
87.3271
87.3276
87.3289
87.3299
87.3309
87.3316
87.3317
87.3332
87.3337
87.3344
87.3345
87.3357
87.3379
87.3384
87.3393
87.3399
87.3401
87.3404
87.3411
87.3419
87.3452
87.3466
87.3475
87.3475
87.3487
87.3489
87.3519
87.352
87.3536
87.3561
87.3611
87.362
87.364
87.364
87.3644
87.3661
87.3669
87.3693
87.3707
87.371
87.371
87.3729
87.3737
87.3739
87.3751
87.3755
87.3762
87.3785
87.3789
87.3792
87.3798
87.3805
87.3815
87.3818
87.3835
87.3846
87.3873
87.389
87.3892
87.3895
87.3898
87.3907
87.3914
87.3942
87.3948
87.3962
87.3978
87.3992
87.3996
87.4036
87.4054
87.4055
87.4055
87.4068
87.4085
87.4089
87.4091
87.4095
87.4104
87.4106
87.4109
87.4112
87.4122
87.4142
87.4173
87.4177
87.4178
87.4178
87.4181
87.4188
87.4201
87.4208
87.4216
87.4226
87.4236
87.4236
87.4238
87.4255
87.4261
87.428
87.4283
87.4284
87.4288
87.429
87.4303
87.4303
87.4347
87.4353
87.4361
87.4373
87.4377
87.4398
87.4402
87.441
87.4415
87.4417
87.442
87.4435
87.4446
87.4456
87.4471
87.4502
87.4507
87.4526
87.4551
87.4572
87.4585
87.461
87.4617
87.4622
87.4624
87.4624
87.4652
87.4679
87.47
87.4723
87.4729
87.4731
87.4739
87.4745
87.4748
87.4761
87.4795
87.4796
87.4802
87.482
87.4822
87.4827
87.4834
87.4842
87.4843
87.4844
87.4845
87.4848
87.4851
87.4859
87.4867
87.4869
87.487
87.4871
87.4873
87.4904
87.491
87.4918
87.4919
87.4921
87.4925
87.4941
87.4945
87.4952
87.4957
87.4973
87.4976
87.4977
87.4981
87.4983
87.5001
87.5002
87.5006
87.5011
87.5048
87.5049
87.5051
87.5074
87.508
87.5082
87.5087
87.5095
87.5105
87.5118
87.5126
87.5168
87.5173
87.5205
87.5218
87.5218
87.5221
87.5231
87.5236
87.5251
87.5286
87.5288
87.529
87.5291
87.5294
87.5309
87.5309
87.5311
87.5317
87.5325
87.5328
87.5328
87.5338
87.5347
87.5351
87.5356
87.5366
87.5418
87.542
87.5433
87.5442
87.5444
87.5466
87.5471
87.5479
87.5484
87.5485
87.5505
87.5509
87.5513
87.5529
87.5537
87.5546
87.5567
87.5569
87.558
87.5582
87.5584
87.5588
87.5593
87.5604
87.5619
87.5643
87.5646
87.5648
87.5649
87.5651
87.5652
87.5665
87.5668
87.5676
87.5678
87.5681
87.5693
87.5701
87.5706
87.5713
87.5732
87.5751
87.5763
87.5771
87.5771
87.581
87.5812
87.5823
87.5826
87.5832
87.5836
87.5858
87.5864
87.5893
87.5899
87.5904
87.5912
87.5916
87.5927
87.5935
87.5938
87.5941
87.5988
87.6026
87.6026
87.6026
87.6027
87.6031
87.6067
87.6081
87.6096
87.6096
87.6098
87.6103
87.6149
87.6161
87.6164
87.617
87.6178
87.6182
87.6183
87.6188
87.6192
87.6206
87.621
87.6221
87.6252
87.6256
87.6277
87.6287
87.6304
87.6305
87.6335
87.6336
87.6343
87.6353
87.6354
87.6366
87.637
87.6372
87.6387
87.6391
87.64
87.6402
87.6416
87.6423
87.643
87.644
87.6465
87.6471
87.6474
87.6487
87.6533
87.6537
87.6566
87.657
87.6572
87.658
87.6591
87.6603
87.6617
87.6619
87.6642
87.6659
87.6672
87.6686
87.6686
87.6709
87.672
87.6724
87.6729
87.6733
87.6744
87.6747
87.6751
87.6752
87.6759
87.6783
87.679
87.6793
87.6803
87.6821
87.6826
87.6844
87.6847
87.6852
87.6866
87.6871
87.688
87.6893
87.6897
87.6904
87.6908
87.6911
87.6912
87.692
87.6951
87.6963
87.6969
87.7007
87.7011
87.7014
87.7044
87.7045
87.7049
87.7059
87.7063
87.7065
87.7084
87.7085
87.7097
87.71
87.7116
87.7117
87.7137
87.7139
87.714
87.717
87.7172
87.7198
87.7214
87.7232
87.7246
87.7257
87.7259
87.7261
87.7266
87.7269
87.7286
87.7295
87.7302
87.7316
87.7321
87.7323
87.7323
87.7327
87.7335
87.7341
87.7343
87.7343
87.7382
87.7386
87.7397
87.7402
87.7403
87.7409
87.7425
87.7441
87.7449
87.7459
87.7465
87.7471
87.7475
87.7483
87.7484
87.7498
87.7501
87.7525
87.7527
87.7539
87.7551
87.7566
87.7573
87.758
87.7581
87.7595
87.7609
87.7618
87.7624
87.7656
87.766
87.7668
87.7668
87.7696
87.77
87.7736
87.7756
87.7756
87.7767
87.7781
87.7794
87.7797
87.7801
87.7806
87.7835
87.7838
87.7844
87.7853
87.7864
87.7868
87.7905
87.792
87.7927
87.7933
87.7943
87.7953
87.7955
87.7971
87.7982
87.7984
87.8014
87.8031
87.8061
87.8068
87.8078
87.8079
87.8086
87.8089
87.8105
87.812
87.8125
87.8143
87.8151
87.8155
87.8165
87.8167
87.8169
87.8183
87.8194
87.8195
87.8201
87.8201
87.8203
87.8222
87.8225
87.8228
87.824
87.8257
87.8257
87.8259
87.8284
87.829
87.8296
87.8317
87.8326
87.8328
87.8329
87.8341
87.836
87.8369
87.8394
87.8409
87.8411
87.8416
87.8468
87.8471
87.8518
87.8519
87.8525
87.853
87.8546
87.8557
87.8565
87.8571
87.8574
87.8581
87.8585
87.8587
87.8595
87.8596
87.8615
87.8645
87.8672
87.8687
87.8706
87.8714
87.8758
87.8783
87.8786
87.8789
87.8792
87.8799
87.88
87.8805
87.8838
87.8841
87.887
87.8872
87.8901
87.8931
87.8944
87.8947
87.8967
87.8969
87.8974
87.9007
87.9013
87.9016
87.9016
87.9026
87.905
87.9079
87.9079
87.9083
87.9091
87.9096
87.91
87.9103
87.9115
87.9143
87.9149
87.9171
87.9172
87.9173
87.9178
87.9178
87.9179
87.919
87.9202
87.9203
87.9205
87.9208
87.9231
87.9235
87.9243
87.9245
87.9257
87.9258
87.9274
87.9283
87.9291
87.9295
87.9308
87.9309
87.9314
87.9326
87.9343
87.9345
87.9354
87.9356
87.9368
87.9383
87.9392
87.9399
87.9423
87.9425
87.9442
87.9446
87.946
87.9463
87.9478
87.9488
87.9502
87.9523
87.9528
87.9532
87.9542
87.9546
87.9549
87.9552
87.9579
87.9579
87.9584
87.9595
87.9598
87.9608
87.9615
87.9616
87.9623
87.9625
87.9643
87.9655
87.9663
87.9663
87.9681
87.9694
87.9698
87.9721
87.9728
87.9734
87.9736
87.9746
87.9752
87.9761
87.9764
87.9785
87.9785
87.9786
87.9799
87.9804
87.9809
87.9813
87.9817
87.9822
87.9826
87.9829
87.9831
87.9865
87.9883
87.9883
87.9883
87.9904
87.991
87.9919
87.9921
87.9926
87.9929
87.993
87.9948
87.9951
87.9957
87.9958
87.996
87.9968
87.9968
87.9969
87.9973
87.9973
87.998
87.9998
88
88.0012
88.0023
88.0028
88.0045
88.005
88.0059
88.0067
88.0073
88.0073
88.0077
88.0097
88.0116
88.0172
88.0201
88.0204
88.0208
88.0218
88.0242
88.0244
88.0253
88.0266
88.0268
88.0284
88.0286
88.0289
88.0289
88.0296
88.0299
88.0313
88.0316
88.0316
88.0324
88.0324
88.0332
88.0333
88.0338
88.0342
88.0348
88.0357
88.0365
88.038
88.0386
88.0397
88.04
88.0408
88.0419
88.0424
88.0431
88.0436
88.0439
88.0464
88.047
88.0487
88.0494
88.0505
88.0517
88.0519
88.0522
88.0525
88.0528
88.0553
88.056
88.0565
88.0593
88.0596
88.0616
88.0627
88.063
88.0641
88.0657
88.0662
88.0675
88.068
88.0688
88.069
88.0708
88.0714
88.0716
88.0728
88.0745
88.0754
88.0778
88.0781
88.0783
88.0794
88.0807
88.0832
88.0863
88.0891
88.0894
88.0894
88.0902
88.0905
88.0923
88.0948
88.0967
88.0987
88.0996
88.0998
88.1005
88.1007
88.1016
88.1051
88.1051
88.1062
88.1072
88.1093
88.11
88.1102
88.1124
88.116
88.1163
88.1167
88.1175
88.1183
88.1198
88.1204
88.1209
88.1225
88.1228
88.1228
88.1232
88.1239
88.1247
88.1263
88.1272
88.1293
88.1299
88.1304
88.1304
88.1306
88.1312
88.132
88.1337
88.1351
88.1379
88.1381
88.1383
88.1388
88.139
88.1399
88.1399
88.1404
88.1412
88.1414
88.1418
88.1427
88.1455
88.1457
88.1464
88.1466
88.1466
88.1472
88.1473
88.1488
88.149
88.1496
88.1513
88.1524
88.1525
88.155
88.1574
88.1578
88.1602
88.1623
88.1625
88.1627
88.1648
88.1665
88.1691
88.1727
88.174
88.1752
88.1793
88.1801
88.1806
88.1809
88.181
88.1833
88.1838
88.185
88.1853
88.1893
88.1899
88.1903
88.1904
88.1905
88.1928
88.1947
88.1951
88.1985
88.1998
88.2007
88.2033
88.2042
88.2043
88.2053
88.2057
88.2062
88.2083
88.2089
88.2095
88.2096
88.2101
88.2135
88.2141
88.2156
88.2182
88.2183
88.2184
88.2194
88.2195
88.2233
88.2242
88.2252
88.2267
88.2272
88.2277
88.2293
88.2299
88.2299
88.2302
88.2356
88.2361
88.2377
88.2392
88.2392
88.2408
88.2421
88.2423
88.2435
88.2466
88.2469
88.2483
88.2483
88.25
88.2509
88.2526
88.2564
88.2593
88.2606
88.2617
88.2674
88.2688
88.2689
88.2694
88.2695
88.2705
88.2722
88.2735
88.277
88.279
88.2791
88.2797
88.2802
88.2827
88.2839
88.2853
88.2886
88.2891
88.2892
88.2893
88.2905
88.291
88.2917
88.2918
88.2924
88.2924
88.2944
88.2946
88.2948
88.2958
88.2962
88.2977
88.2984
88.2987
88.2998
88.3057
88.3058
88.3096
88.3104
88.3105
88.3115
88.3118
88.3128
88.3131
88.3162
88.3184
88.3221
88.3221
88.3239
88.3247
88.3249
88.3256
88.3258
88.3259
88.3265
88.3273
88.3287
88.3304
88.3331
88.3332
88.3354
88.3356
88.3365
88.3366
88.3375
88.338
88.3381
88.3389
88.3408
88.3414
88.3447
88.3469
88.3502
88.3511
88.3512
88.3537
88.3537
88.3538
88.3561
88.3561
88.3564
88.3572
88.358
88.3613
88.3616
88.3646
88.3674
88.3688
88.3693
88.3698
88.3703
88.3718
88.3729
88.3731
88.3733
88.3738
88.3779
88.3787
88.3793
88.3794
88.3797
88.3813
88.3817
88.3833
88.3842
88.3861
88.387
88.3887
88.3892
88.3904
88.3905
88.3926
88.3942
88.3953
88.398
88.398
88.3981
88.3992
88.3992
88.4025
88.4028
88.4029
88.4047
88.4054
88.4061
88.4064
88.4066
88.4082
88.4087
88.4123
88.4127
88.4133
88.4143
88.4144
88.4144
88.4157
88.4159
88.4172
88.418
88.4185
88.4189
88.4199
88.4204
88.4206
88.4223
88.4233
88.4234
88.4243
88.4257
88.428
88.4285
88.4303
88.4319
88.432
88.4331
88.4355
88.4357
88.4359
88.4363
88.4375
88.4398
88.4405
88.4411
88.4419
88.4429
88.4431
88.4443
88.4445
88.445
88.4469
88.4471
88.4474
88.4502
88.4503
88.4537
88.4538
88.4539
88.4546
88.4546
88.456
88.4561
88.4563
88.4585
88.4586
88.4597
88.4652
88.4657
88.4658
88.4671
88.4707
88.4712
88.4715
88.4716
88.4737
88.4737
88.4747
88.4753
88.4763
88.4766
88.4766
88.4767
88.4771
88.4797
88.4815
88.4815
88.4815
88.4819
88.4846
88.4852
88.4858
88.4871
88.4873
88.488
88.4881
88.4881
88.4888
88.4898
88.4909
88.4916
88.4949
88.4951
88.4999
88.5009
88.5019
88.5023
88.5037
88.504
88.5069
88.5072
88.5076
88.508
88.5085
88.5095
88.5098
88.51
88.5109
88.5119
88.5134
88.5135
88.5151
88.5169
88.517
88.517
88.5176
88.5189
88.5196
88.521
88.5221
88.5227
88.5241
88.5251
88.5272
88.5273
88.5285
88.5304
88.5326
88.5356
88.5372
88.5374
88.5378
88.5411
88.5418
88.5428
88.5463
88.5463
88.5483
88.5518
88.5531
88.5535
88.5578
88.5593
88.5604
88.5641
88.5643
88.5658
88.5661
88.5666
88.5673
88.5676
88.5676
88.568
88.5695
88.5723
88.5737
88.5742
88.5753
88.576
88.5764
88.5766
88.5768
88.5771
88.5773
88.5775
88.581
88.5814
88.5832
88.5833
88.5846
88.5847
88.5855
88.5865
88.5865
88.5872
88.5886
88.5897
88.5898
88.5901
88.5908
88.5909
88.5921
88.5922
88.5925
88.5952
88.6003
88.6012
88.6031
88.6039
88.6043
88.6062
88.6062
88.6075
88.6077
88.6081
88.6094
88.6116
88.6128
88.6205
88.6206
88.6206
88.6212
88.6236
88.6239
88.6247
88.6253
88.6261
88.6283
88.6292
88.6302
88.6312
88.6321
88.636
88.6374
88.6378
88.6379
88.6386
88.6394
88.6405
88.6415
88.6416
88.6419
88.6423
88.6427
88.6431
88.6436
88.6456
88.6473
88.6497
88.6503
88.6521
88.6526
88.6574
88.6594
88.6602
88.661
88.6611
88.6616
88.6628
88.6651
88.6653
88.6662
88.6666
88.6668
88.6672
88.6689
88.6692
88.6729
88.6733
88.674
88.6745
88.6755
88.6776
88.6786
88.6787
88.6806
88.6808
88.6811
88.6835
88.6852
88.6854
88.6854
88.6887
88.6891
88.6895
88.6904
88.6907
88.6921
88.6922
88.6968
88.7002
88.7039
88.7043
88.7075
88.7104
88.7107
88.7122
88.7156
88.7157
88.7168
88.7174
88.7184
88.7194
88.7202
88.7217
88.7239
88.7239
88.7239
88.7259
88.7269
88.728
88.7302
88.7303
88.7325
88.7344
88.7345
88.7349
88.7351
88.7354
88.736
88.737
88.7383
88.7393
88.7394
88.7399
88.7412
88.7414
88.7421
88.7423
88.7447
88.7453
88.7459
88.7497
88.753
88.7559
88.7571
88.7577
88.7585
88.7586
88.7601
88.7614
88.7628
88.7663
88.7666
88.7694
88.7697
88.7712
88.7722
88.7734
88.7735
88.7736
88.7739
88.7748
88.7759
88.7774
88.7778
88.7781
88.7781
88.779
88.7797
88.7801
88.7804
88.784
88.7844
88.7851
88.7865
88.7865
88.7865
88.7881
88.7897
88.7898
88.792
88.7925
88.7931
88.7939
88.7948
88.795
88.7954
88.7966
88.7968
88.797
88.7977
88.7979
88.798
88.7996
88.8036
88.8053
88.8059
88.8059
88.8072
88.8092
88.811
88.8115
88.8121
88.8123
88.8125
88.8146
88.8166
88.8168
88.8172
88.8216
88.8221
88.8248
88.8249
88.8263
88.8267
88.8273
88.8277
88.8298
88.8307
88.8349
88.8373
88.8382
88.8387
88.8393
88.8417
88.8427
88.8475
88.8482
88.8498
88.8499
88.8507
88.8507
88.8538
88.8556
88.8563
88.8565
88.8599
88.8602
88.8627
88.8628
88.8629
88.8647
88.8653
88.8665
88.8686
88.8688
88.8698
88.8716
88.8751
88.8766
88.8774
88.8798
88.8821
88.8822
88.884
88.8858
88.886
88.8868
88.8875
88.8883
88.8903
88.8905
88.8909
88.8915
88.896
88.896
88.8962
88.8973
88.8974
88.8989
88.9048
88.9049
88.905
88.9053
88.9054
88.9067
88.9084
88.9119
88.9184
88.9204
88.9209
88.9226
88.9232
88.924
88.9241
88.9242
88.9261
88.9278
88.9297
88.9323
88.9326
88.9335
88.9375
88.9375
88.9389
88.9391
88.9393
88.9397
88.9399
88.9404
88.9419
88.9426
88.9452
88.9472
88.9497
88.9528
88.953
88.9534
88.9575
88.9607
88.9617
88.9635
88.9635
88.9636
88.964
88.9644
88.9662
88.9666
88.9674
88.9698
88.9721
88.9729
88.9752
88.9755
88.9775
88.9784
88.9792
88.981
88.983
88.9847
88.9851
88.9864
88.9888
88.9898
88.993
88.9935
88.9949
88.9949
88.9967
88.9978
88.9986
88.9999
89.0002
89.001
89.0073
89.0088
89.0127
89.0128
89.0175
89.0185
89.0187
89.0217
89.0224
89.0237
89.0244
89.0265
89.0272
89.0275
89.0277
89.0284
89.0291
89.0328
89.0366
89.0368
89.0392
89.0414
89.0445
89.0459
89.0509
89.0564
89.0568
89.0581
89.0585
89.0586
89.0605
89.0661
89.0664
89.0685
89.0693
89.0693
89.0739
89.0745
89.0749
89.0771
89.0773
89.0776
89.0792
89.08
89.0805
89.0808
89.0815
89.0816
89.0821
89.083
89.0849
89.0865
89.0873
89.0887
89.0902
89.0925
89.095
89.0966
89.0977
89.0983
89.0997
89.1026
89.1033
89.1034
89.1046
89.108
89.1081
89.1087
89.111
89.1135
89.1142
89.1156
89.1164
89.1193
89.1215
89.1224
89.1233
89.1238
89.1241
89.1255
89.1259
89.1261
89.1276
89.1291
89.1294
89.1339
89.134
89.134
89.1364
89.1369
89.1375
89.1411
89.1454
89.1465
89.148
89.1485
89.149
89.15
89.1508
89.1526
89.1529
89.1563
89.1607
89.1618
89.1621
89.1625
89.1643
89.1661
89.1674
89.1684
89.1688
89.1691
89.1701
89.172
89.1724
89.1734
89.1739
89.1756
89.1776
89.1803
89.1861
89.1863
89.1882
89.1889
89.189
89.1922
89.193
89.1941
89.1961
89.1964
89.1997
89.2013
89.2031
89.2033
89.2039
89.2063
89.2063
89.2071
89.2074
89.2076
89.2077
89.208
89.2089
89.2092
89.2099
89.2108
89.2112
89.2113
89.2127
89.2129
89.2146
89.2147
89.2183
89.2191
89.2214
89.2226
89.223
89.2233
89.2242
89.228
89.2283
89.2291
89.2292
89.2311
89.2341
89.2354
89.2391
89.2427
89.2452
89.2469
89.2487
89.2506
89.2512
89.2516
89.2547
89.2553
89.2579
89.2607
89.2611
89.2623
89.2625
89.2638
89.2651
89.2655
89.2679
89.2683
89.2718
89.2734
89.2739
89.2742
89.2764
89.2788
89.2803
89.284
89.2855
89.2858
89.2869
89.2926
89.294
89.2972
89.2976
89.3024
89.3036
89.3058
89.3099
89.3127
89.313
89.3142
89.3143
89.3158
89.3174
89.3176
89.3189
89.3221
89.3224
89.3235
89.3242
89.3271
89.3295
89.332
89.333
89.3333
89.3353
89.3356
89.3375
89.339
89.3398
89.3405
89.3405
89.3415
89.3421
89.3432
89.3457
89.3512
89.3516
89.3529
89.3555
89.3582
89.363
89.3651
89.3657
89.3669
89.3689
89.3699
89.3711
89.3722
89.3746
89.3769
89.3791
89.3799
89.3807
89.3814
89.3824
89.383
89.3841
89.3852
89.3867
89.389
89.3907
89.3937
89.398
89.4001
89.4002
89.4027
89.4046
89.407
89.4086
89.4099
89.4116
89.4118
89.4124
89.4174
89.4176
89.42
89.4207
89.423
89.4262
89.4276
89.4296
89.4298
89.43
89.4306
89.4319
89.4338
89.4348
89.4351
89.4354
89.4355
89.4357
89.4395
89.4402
89.4427
89.4439
89.4443
89.4461
89.4493
89.4513
89.4522
89.4553
89.4559
89.4578
89.458
89.4585
89.46
89.4616
89.4648
89.4727
89.4744
89.4746
89.4753
89.4759
89.479
89.4793
89.4811
89.4816
89.4824
89.4834
89.4841
89.4851
89.4901
89.4908
89.4909
89.491
89.491
89.4923
89.4948
89.4956
89.5008
89.5016
89.505
89.5077
89.5103
89.5105
89.5113
89.5133
89.5156
89.5162
89.5169
89.5218
89.5221
89.5255
89.5294
89.53
89.5326
89.5328
89.5331
89.5339
89.5339
89.5391
89.5412
89.5427
89.5446
89.5464
89.5464
89.5489
89.5516
89.5522
89.5539
89.5557
89.5559
89.558
89.5581
89.5588
89.5588
89.5594
89.5597
89.5621
89.5632
89.5637
89.5649
89.569
89.5717
89.5725
89.5726
89.5743
89.5757
89.5759
89.5761
89.5768
89.5787
89.5816
89.5818
89.5827
89.5837
89.586
89.5889
89.5916
89.5948
89.595
89.5958
89.601
89.602
89.6035
89.606
89.6092
89.6122
89.6122
89.6126
89.6147
89.6148
89.6167
89.6168
89.6192
89.6193
89.6196
89.6297
89.6322
89.6335
89.6366
89.6369
89.637
89.6377
89.638
89.6404
89.6411
89.6416
89.646
89.6485
89.6568
89.6602
89.6623
89.6624
89.6635
89.6637
89.6638
89.6664
89.6693
89.6708
89.6714
89.6716
89.6753
89.6759
89.677
89.6795
89.6808
89.6812
89.6831
89.6832
89.6833
89.6836
89.6839
89.6875
89.6879
89.6899
89.6911
89.6938
89.6942
89.6948
89.6959
89.6965
89.7008
89.7051
89.7067
89.7093
89.7093
89.7094
89.7111
89.7122
89.7124
89.7125
89.7138
89.714
89.7154
89.7165
89.7187
89.7192
89.7194
89.7196
89.7197
89.7199
89.7204
89.7217
89.7225
89.7234
89.7252
89.7253
89.7253
89.728
89.7292
89.7312
89.7327
89.7344
89.7366
89.7374
89.7413
89.745
89.7459
89.7476
89.7484
89.7526
89.7535
89.754
89.7542
89.7544
89.756
89.7561
89.7585
89.761
89.7619
89.7624
89.7628
89.7636
89.7654
89.7741
89.7743
89.776
89.7791
89.7792
89.7806
89.7807
89.7833
89.7835
89.7848
89.7866
89.7879
89.7884
89.7886
89.7902
89.7912
89.7921
89.7928
89.7944
89.7953
89.7966
89.7979
89.7996
89.8011
89.8011
89.8028
89.8048
89.8089
89.8105
89.8118
89.8122
89.8172
89.8208
89.8226
89.8233
89.8237
89.8281
89.8295
89.8313
89.8329
89.835
89.8361
89.8388
89.8391
89.8401
89.8409
89.8434
89.8439
89.8448
89.845
89.8454
89.8464
89.8464
89.8515
89.8519
89.8569
89.859
89.8595
89.8621
89.8621
89.8624
89.8647
89.8648
89.8685
89.8693
89.8704
89.8722
89.8727
89.8773
89.8774
89.8777
89.879
89.8804
89.8831
89.8838
89.8841
89.8848
89.8871
89.8913
89.8918
89.894
89.8962
89.8986
89.8986
89.9075
89.9095
89.9105
89.9109
89.9111
89.9132
89.9194
89.924
89.9268
89.9278
89.9283
89.9299
89.9307
89.9311
89.937
89.9406
89.9425
89.9443
89.9449
89.945
89.9451
89.9453
89.9459
89.9462
89.9498
89.9517
89.953
89.9552
89.9564
89.9585
89.9612
89.9641
89.9653
89.9705
89.9715
89.9737
89.9749
89.975
89.9759
89.9802
89.9845
89.9868
89.9947
89.9963
89.998
90.0024
90.007
90.0102
90.0104
90.0168
90.0172
90.0179
90.0198
90.0285
90.0286
90.0295
90.0366
90.0372
90.0372
90.0384
90.0431
90.0451
90.0462
90.0478
90.0508
90.0523
90.0525
90.0559
90.0574
90.0636
90.0664
90.0671
90.0695
90.0702
90.0709
90.0734
90.0744
90.0752
90.0798
90.0807
90.0828
90.0868
90.0874
90.0902
90.0927
90.0932
90.0945
90.0954
90.0978
90.1007
90.1015
90.102
90.1042
90.106
90.1065
90.1067
90.1086
90.1103
90.1159
90.1175
90.1177
90.1183
90.1183
90.1192
90.1198
90.1206
90.1209
90.1229
90.13
90.1306
90.1307
90.1366
90.1391
90.1403
90.1443
90.1491
90.1493
90.1533
90.1555
90.1569
90.1578
90.1591
90.1617
90.1669
90.1671
90.168
90.1688
90.1703
90.1708
90.171
90.171
90.1751
90.1771
90.1807
90.1814
90.1911
90.1919
90.1939
90.1946
90.1959
90.2043
90.2055
90.2072
90.2096
90.2139
90.2176
90.2193
90.2199
90.2211
90.2247
90.2261
90.2303
90.2319
90.2338
90.2345
90.2347
90.235
90.2396
90.2436
90.2457
90.2472
90.25
90.2538
90.2556
90.2576
90.2577
90.2582
90.2584
90.2651
90.2652
90.2695
90.2714
90.2719
90.2729
90.2731
90.2733
90.2745
90.2756
90.2769
90.2794
90.2839
90.284
90.2868
90.2915
90.2963
90.2973
90.2983
90.2993
90.3001
90.3018
90.3026
90.3037
90.3058
90.3122
90.3127
90.3137
90.3143
90.3147
90.3164
90.3193
90.327
90.3287
90.3297
90.3314
90.3315
90.3364
90.337
90.3399
90.3423
90.3444
90.3471
90.3487
90.359
90.3616
90.3648
90.3651
90.3719
90.3721
90.3738
90.3758
90.3764
90.3833
90.3841
90.3841
90.3863
90.3883
90.3905
90.3923
90.3925
90.3944
90.3951
90.3985
90.4027
90.4038
90.4092
90.41
90.4158
90.4245
90.4265
90.4296
90.4297
90.4305
90.4324
90.4352
90.4354
90.4357
90.4363
90.4405
90.4407
90.447
90.4529
90.4569
90.4615
90.4617
90.4633
90.4641
90.4671
90.4691
90.4698
90.4716
90.4726
90.4734
90.4735
90.4736
90.4751
90.4752
90.4779
90.4821
90.4832
90.4852
90.4877
90.4879
90.4914
90.4958
90.4982
90.5005
90.5034
90.5113
90.516
90.5166
90.5181
90.5183
90.5202
90.5333
90.5339
90.5354
90.5355
90.5356
90.5362
90.5375
90.5403
90.5449
90.5466
90.5492
90.5538
90.5542
90.5545
90.5575
90.5578
90.5591
90.5619
90.5646
90.5671
90.5726
90.5736
90.5736
90.5745
90.5782
90.5791
90.5802
90.5811
90.5842
90.5856
90.5879
90.5896
90.592
90.5941
90.5948
90.595
90.5957
90.5972
90.5992
90.6065
90.607
90.6097
90.6104
90.6104
90.6119
90.615
90.6168
90.6186
90.6216
90.6226
90.6236
90.6272
90.6346
90.6363
90.6375
90.6376
90.6397
90.641
90.642
90.6423
90.643
90.6434
90.6442
90.647
90.6523
90.6545
90.6597
90.6602
90.6607
90.6675
90.6688
90.6691
90.6705
90.6756
90.6778
90.6787
90.6792
90.6819
90.687
90.6902
90.6944
90.6948
90.6949
90.6963
90.6976
90.6986
90.6994
90.7091
90.7128
90.7151
90.7219
90.723
90.724
90.7241
90.7247
90.7333
90.734
90.7362
90.7364
90.7372
90.7402
90.7429
90.7495
90.751
90.7556
90.7559
90.7582
90.7611
90.7643
90.775
90.7756
90.7779
90.7791
90.7809
90.7827
90.7841
90.7842
90.7844
90.7883
90.7903
90.7931
90.7976
90.8045
90.8048
90.8106
90.8117
90.8151
90.8155
90.8166
90.8168
90.8184
90.821
90.8247
90.8281
90.8285
90.83
90.8326
90.8364
90.8415
90.843
90.8466
90.8474
90.8495
90.8511
90.8535
90.8535
90.8537
90.8561
90.8576
90.8597
90.8631
90.8671
90.8682
90.8705
90.8767
90.8787
90.8817
90.8842
90.8852
90.8861
90.887
90.8874
90.893
90.8973
90.9034
90.9047
90.906
90.9082
90.9158
90.9163
90.9178
90.9192
90.92
90.9209
90.9222
90.9293
90.9388
90.9402
90.9409
90.9409
90.9412
90.9426
90.9437
90.9455
90.9505
90.9523
90.9544
90.9553
90.9565
90.9588
90.9676
90.9713
90.9736
90.976
90.9769
90.9773
90.9834
90.9843
90.9846
90.9859
90.9901
90.9921
90.999
90.9993
90.9997
91.0018
91.0023
91.0039
91.0043
91.0134
91.014
91.0196
91.0205
91.0208
91.0299
91.0345
91.0347
91.0353
91.0367
91.037
91.0372
91.0452
91.0453
91.0458
91.0534
91.0551
91.0594
91.0658
91.0677
91.0711
91.0747
91.0867
91.0908
91.0909
91.0934
91.099
91.1033
91.1051
91.1085
91.1092
91.1182
91.1228
91.1257
91.1311
91.1311
91.1326
91.1363
91.1409
91.1491
91.1499
91.1512
91.1541
91.1544
91.1551
91.1561
91.1563
91.1574
91.1575
91.1585
91.1654
91.1681
91.1718
91.1734
91.1754
91.177
91.1813
91.1819
91.1826
91.1856
91.1875
91.1877
91.1885
91.1939
91.1954
91.1965
91.2029
91.2043
91.2044
91.205
91.2101
91.2109
91.2166
91.2228
91.2237
91.2273
91.2326
91.2344
91.2453
91.2604
91.2626
91.2639
91.2652
91.267
91.2685
91.2693
91.2716
91.2728
91.2845
91.29
91.2932
91.2939
91.2991
91.3008
91.3019
91.3041
91.3055
91.3071
91.3117
91.3141
91.3141
91.3198
91.3293
91.331
91.3332
91.3354
91.3365
91.3435
91.3444
91.3477
91.3545
91.3672
91.3754
91.3827
91.3854
91.3928
91.3931
91.3935
91.3962
91.3978
91.3992
91.4001
91.4001
91.4028
91.4138
91.4184
91.4215
91.4219
91.4231
91.4237
91.4281
91.4378
91.4405
91.4418
91.4429
91.4449
91.4469
91.448
91.4526
91.4537
91.4551
91.4582
91.4585
91.4654
91.4693
91.479
91.4822
91.4842
91.4904
91.4921
91.4928
91.4933
91.4937
91.4971
91.4997
91.4997
91.5021
91.509
91.5147
91.5166
91.5258
91.5268
91.5268
91.5275
91.5277
91.5404
91.5423
91.5478
91.5499
91.5516
91.5584
91.5621
91.5632
91.5644
91.5652
91.5676
91.5698
91.5818
91.5901
91.5911
91.5929
91.5942
91.5988
91.6027
91.6059
91.6089
91.6145
91.6159
91.622
91.6281
91.6333
91.6352
91.6456
91.6469
91.647
91.6557
91.66
91.6607
91.662
91.6659
91.6671
91.6675
91.6699
91.6734
91.6873
91.6892
91.6903
91.6929
91.6979
91.7031
91.705
91.7078
91.7099
91.7167
91.7178
91.7188
91.7212
91.7284
91.7327
91.7349
91.7374
91.7463
91.7469
91.7479
91.7559
91.7568
91.7605
91.7673
91.7725
91.7747
91.7758
91.7775
91.7828
91.7841
91.7846
91.7861
91.7871
91.7967
91.7979
91.8044
91.8128
91.814
91.8148
91.815
91.8211
91.8215
91.8245
91.8267
91.8296
91.8464
91.8465
91.8471
91.853
91.8544
91.8547
91.8567
91.8577
91.8605
91.8751
91.8785
91.8851
91.8864
91.8887
91.89
91.8907
91.893
91.8961
91.9068
91.9071
91.9103
91.916
91.9191
91.9265
91.9329
91.9426
91.9445
91.9459
91.9466
91.9467
91.9491
91.9539
91.9628
91.9639
91.9646
91.9662
91.9672
91.9672
91.968
91.9685
91.9697
91.9724
91.9812
91.9847
91.9938
91.9943
91.9962
91.998
92.0003
92.001
92.0018
92.003
92.0068
92.0121
92.0151
92.0284
92.0313
92.0351
92.0377
92.0388
92.0393
92.0402
92.0457
92.0519
92.0645
92.0648
92.0675
92.0679
92.0742
92.077
92.0778
92.0781
92.0809
92.0822
92.0826
92.0858
92.099
92.1005
92.1024
92.1032
92.1039
92.1079
92.1118
92.1151
92.1156
92.1159
92.119
92.1251
92.1323
92.1326
92.1356
92.1398
92.1405
92.15
92.1557
92.1559
92.1561
92.1582
92.1584
92.1597
92.1613
92.1624
92.1677
92.1677
92.1677
92.1732
92.1791
92.1794
92.1809
92.1834
92.1841
92.1867
92.1904
92.1935
92.2006
92.212
92.2174
92.2267
92.231
92.2325
92.2382
92.2417
92.242
92.243
92.2432
92.2458
92.2481
92.2492
92.25
92.2503
92.2518
92.2563
92.2624
92.2656
92.2661
92.2662
92.27
92.2778
92.279
92.2825
92.285
92.289
92.2933
92.3012
92.3059
92.3152
92.3166
92.3195
92.3233
92.3241
92.3252
92.3287
92.3345
92.3407
92.3409
92.3434
92.3454
92.346
92.348
92.3515
92.3568
92.3571
92.3596
92.3761
92.3796
92.3813
92.3833
92.398
92.4121
92.4139
92.414
92.4353
92.438
92.4406
92.445
92.4457
92.447
92.4496
92.4561
92.4572
92.4662
92.4777
92.4808
92.4839
92.4852
92.4985
92.5024
92.5069
92.5136
92.5161
92.5172
92.5203
92.5239
92.536
92.5389
92.5464
92.5478
92.5487
92.5618
92.5627
92.5667
92.5727
92.5729
92.5823
92.5864
92.5928
92.5932
92.5938
92.5965
92.5978
92.6008
92.6048
92.6061
92.6074
92.6122
92.6139
92.6165
92.6253
92.6319
92.6358
92.6406
92.6415
92.6423
92.6445
92.6488
92.6544
92.6664
92.6687
92.6702
92.674
92.6749
92.6835
92.6852
92.6871
92.6873
92.6914
92.6928
92.6944
92.7037
92.7038
92.7154
92.7175
92.7232
92.7252
92.7345
92.7473
92.7474
92.752
92.7527
92.7563
92.757
92.7625
92.7653
92.7704
92.7724
92.7738
92.7797
92.7843
92.7856
92.7964
92.7977
92.8005
92.8016
92.8124
92.8132
92.8167
92.8185
92.8202
92.8212
92.8319
92.8341
92.8429
92.8497
92.8595
92.8604
92.8616
92.8633
92.8653
92.8669
92.8691
92.8732
92.885
92.8852
92.8919
92.8922
92.8928
92.9036
92.9093
92.9116
92.9136
92.9142
92.9159
92.9249
92.9268
92.9272
92.9296
92.9393
92.9517
92.9648
92.9671
92.9675
92.9738
92.9826
92.9838
92.9854
92.9892
93.0066
93.0145
93.0148
93.0195
93.0251
93.0256
93.0256
93.0324
93.0422
93.0429
93.0534
93.0572
93.0577
93.0675
93.0676
93.0711
93.076
93.0812
93.0851
93.0864
93.0897
93.0899
93.1119
93.112
93.1303
93.1318
93.1379
93.1555
93.1568
93.158
93.167
93.1831
93.1983
93.2045
93.2051
93.2123
93.2125
93.2225
93.2234
93.2262
93.2268
93.2271
93.2317
93.2395
93.2468
93.2542
93.263
93.2691
93.2764
93.2782
93.287
93.2894
93.2929
93.2931
93.2951
93.2986
93.3031
93.3089
93.3105
93.3259
93.3287
93.3443
93.3576
93.3601
93.3689
93.3741
93.3757
93.3802
93.3999
93.4007
93.4066
93.4072
93.4102
93.4135
93.4143
93.4147
93.4198
93.4248
93.427
93.4295
93.4375
93.445
93.4454
93.4584
93.4687
93.4713
93.4715
93.474
93.5007
93.5035
93.5036
93.5087
93.5109
93.525
93.5306
93.5391
93.5456
93.5519
93.5587
93.5614
93.5684
93.5791
93.5891
93.5962
93.5996
93.6012
93.6012
93.6154
93.6186
93.622
93.6273
93.6523
93.6573
93.6579
93.6614
93.6731
93.6814
93.6958
93.6959
93.7104
93.7157
93.7171
93.7195
93.7229
93.7251
93.7265
93.7369
93.7395
93.7408
93.7443
93.7508
93.7642
93.7777
93.7935
93.7995
93.8286
93.834
93.8358
93.8396
93.8424
93.8485
93.8525
93.8562
93.8568
93.8726
93.8864
93.8885
93.892
93.8921
93.8932
93.8957
93.8962
93.9128
93.9143
93.9166
93.924
93.9351
93.9355
93.9512
93.979
93.9794
93.982
93.9856
93.9888
93.9908
93.9915
93.9922
93.9934
93.994
94.0008
94.0101
94.0127
94.0167
94.0187
94.0206
94.023
94.028
94.028
94.0335
94.0407
94.0453
94.0491
94.0731
94.0784
94.0794
94.0803
94.0835
94.0921
94.0964
94.1003
94.1066
94.1092
94.1096
94.1182
94.1201
94.1212
94.1355
94.1516
94.1589
94.1604
94.1849
94.1871
94.2002
94.212
94.2182
94.223
94.228
94.2348
94.2354
94.247
94.2612
94.2855
94.2916
94.2939
94.2943
94.3062
94.3089
94.3161
94.3242
94.3352
94.3354
94.3489
94.3499
94.3725
94.3838
94.3865
94.3952
94.3952
94.3968
94.4023
94.4028
94.4065
94.4082
94.4085
94.4106
94.4142
94.4225
94.4231
94.4256
94.4498
94.4641
94.4646
94.4661
94.4735
94.4809
94.4835
94.49
94.4965
94.5019
94.5137
94.5233
94.5235
94.5276
94.5326
94.5331
94.5443
94.5526
94.5542
94.5644
94.5684
94.5729
94.5737
94.5741
94.5938
94.597
94.5984
94.6015
94.6079
94.6436
94.6512
94.6527
94.6711
94.6719
94.6838
94.6884
94.7112
94.7126
94.7261
94.7274
94.7319
94.7348
94.7378
94.7387
94.7537
94.7544
94.7551
94.7763
94.7769
94.788
94.8105
94.8112
94.8223
94.8419
94.8444
94.8484
94.8588
94.8853
94.8881
94.9099
94.9117
94.9241
94.9331
94.9497
94.9523
94.9631
94.9681
94.9884
94.9914
95.0227
95.0231
95.0268
95.0393
95.0708
95.0978
95.1057
95.1075
95.1077
95.1166
95.1297
95.1447
95.1607
95.1624
95.1638
95.165
95.167
95.1678
95.176
95.177
95.1834
95.2143
95.2377
95.2395
95.2502
95.2587
95.259
95.2957
95.2976
95.2986
95.3021
95.3085
95.3158
95.3167
95.3394
95.3524
95.3539
95.3864
95.392
95.3998
95.4074
95.4158
95.4399
95.4399
95.4417
95.4513
95.4541
95.4543
95.455
95.4558
95.4584
95.4687
95.4858
95.4926
95.4963
95.5008
95.5031
95.5083
95.5163
95.5267
95.5301
95.5385
95.5573
95.5744
95.5786
95.5867
95.5901
95.595
95.5966
95.6084
95.6163
95.6201
95.6283
95.6341
95.6349
95.6408
95.6431
95.651
95.6588
95.6701
95.6791
95.6797
95.697
95.7096
95.7294
95.7449
95.7512
95.7714
95.7879
95.7939
95.8043
95.8185
95.8389
95.8426
95.8463
95.8531
95.8663
95.8681
95.8785
95.8909
95.9119
95.9567
95.9845
95.9995
96.016
96.02
96.0234
96.0241
96.0258
96.0282
96.0405
96.0435
96.0519
96.0532
96.066
96.068
96.0841
96.0879
96.1026
96.103
96.1202
96.1259
96.1475
96.1481
96.1627
96.1855
96.2232
96.2641
96.2657
96.2695
96.2707
96.3133
96.3204
96.322
96.3303
96.3368
96.3414
96.3512
96.3635
96.3705
96.3789
96.402
96.4286
96.4331
96.4455
96.4462
96.4622
96.4756
96.4857
96.4982
96.5019
96.5326
96.5557
96.5608
96.5881
96.5962
96.6419
96.6444
96.6507
96.6767
96.68
96.686
96.6902
96.6929
96.7014
96.704
96.7064
96.7073
96.7275
96.7496
96.7546
96.7654
96.7814
96.7929
96.7971
96.8054
96.8064
96.8106
96.8273
96.8634
96.8688
96.8876
96.9012
96.9138
96.9245
96.9277
96.9291
96.9355
96.9586
96.9629
96.968
96.983
97.0026
97.0185
97.0395
97.0405
97.0471
97.0574
97.0765
97.0996
97.1083
97.1149
97.1177
97.1301
97.1683
97.174
97.1825
97.1837
97.1881
97.2001
97.2053
97.2141
97.2168
97.2398
97.2793
97.2838
97.3152
97.3301
97.3401
97.3401
97.3571
97.3717
97.4087
97.418
97.428
97.4586
97.463
97.47
97.4847
97.4879
97.5148
97.5247
97.5269
97.5458
97.5549
97.568
97.5903
97.642
97.6696
97.7095
97.7182
97.7643
97.7838
97.8169
97.8216
97.8353
97.8543
97.8666
97.8963
97.8982
97.9137
97.9273
97.9301
97.9343
97.9401
97.9653
97.9672
97.9716
97.9751
97.9892
98.0104
98.0399
98.0801
98.083
98.1461
98.158
98.1657
98.1695
98.178
98.2233
98.2241
98.2259
98.2297
98.245
98.2551
98.2625
98.2771
98.2969
98.3064
98.3106
98.3167
98.3293
98.3355
98.3552
98.4263
98.4267
98.4575
98.4751
98.4904
98.4975
98.5001
98.5243
98.5465
98.5526
98.6007
98.6277
98.6296
98.6492
98.652
98.6782
98.6818
98.6838
98.7209
98.7216
98.7228
98.7315
98.7373
98.7654
98.7697
98.791
98.8197
98.8279
98.8391
98.9011
98.9023
98.9107
98.9411
98.9682
98.9801
99.0601
99.0756
99.0858
99.101
99.1176
99.1281
99.1348
99.1465
99.1491
99.1831
99.2089
99.2802
99.2923
99.3226
99.3562
99.4018
99.4329
99.4367
99.4384
99.4396
99.4425
99.4454
99.4495
99.4806
99.5028
99.5128
99.5359
99.5887
99.5996
99.692
99.6936
99.7293
99.7302
99.7443
99.7632
99.7716
99.7796
99.8103
99.814
99.8148
99.8655
99.8684
99.8746
99.8855
99.9583
99.9682
99.9967
100.034
100.043
100.052
100.089
100.109
100.131
100.137
100.149
100.151
100.169
100.173
100.209
100.221
100.231
100.234
100.234
100.314
100.317
100.333
100.354
100.36
100.368
100.387
100.398
100.434
100.436
100.453
100.487
100.497
100.499
100.557
100.606
100.63
100.632
100.654
100.659
100.679
100.686
100.693
100.697
100.727
100.738
100.75
100.765
100.813
100.888
100.999
101.001
101.032
101.043
101.072
101.093
101.095
101.119
101.125
101.195
101.206
101.213
101.229
101.256
101.284
101.325
101.329
101.39
101.525
101.53
101.531
101.561
101.603
101.642
101.667
101.678
101.689
101.733
101.816
101.829
101.85
101.852
101.857
101.89
101.9
101.904
101.934
101.956
101.97
102.054
102.066
102.094
102.108
102.122
102.15
102.157
102.186
102.19
102.205
102.233
102.263
102.286
102.347
102.394
102.465
102.472
102.486
102.568
102.604
102.642
102.648
102.671
102.727
102.806
102.819
102.822
102.855
102.913
102.914
102.93
102.979
102.982
102.991
103.059
103.06
103.173
103.211
103.226
103.235
103.302
103.363
103.413
103.458
103.459
103.482
103.544
103.588
103.598
103.599
103.645
103.649
103.688
103.735
103.739
103.783
103.878
103.957
103.966
104.071
104.101
104.186
104.192
104.225
104.232
104.269
104.286
104.405
104.419
104.473
104.503
104.568
104.594
104.595
104.649
104.698
104.779
104.784
104.827
104.913
104.919
105.101
105.183
105.184
105.22
105.225
105.262
105.343
105.369
105.484
105.496
105.584
105.587
105.68
105.682
105.763
105.782
105.799
105.834
105.901
105.929
105.976
106.034
106.078
106.105
106.194
106.252
106.325
106.332
106.335
106.381
106.409
106.417
106.429
106.499
106.559
106.56
106.681
106.821
106.836
106.881
106.881
107.029
107.132
107.151
107.3
107.46
107.496
107.523
107.527
107.626
107.643
107.67
107.685
107.74
107.886
108.03
108.031
108.044
108.09
108.106
108.124
108.182
108.188
108.213
108.306
108.322
108.389
108.477
108.501
108.596
108.612
108.642
108.721
108.724
108.741
108.767
108.784
108.805
108.807
108.82
108.863
108.926
108.969
109.187
109.273
109.283
109.5
109.555
109.71
109.744
109.86
109.978
110.31
110.392
110.467
110.537
110.6
110.745
110.833
110.975
111.05
111.123
111.147
111.266
111.33
111.412
111.433
111.468
111.555
111.672
111.71
111.756
111.77
111.815
111.903
112.023
112.068
112.328
112.532
170.228
173.517
177.276
181.38
186.565
371.841
378.203
