93.5315
94.331
94.7542
94.8392
94.8704
95.1719
95.2594
95.3935
95.5184
95.5274
95.5785
95.656
95.658
95.6655
95.6717
95.7148
95.7241
95.7395
95.8057
95.8324
95.8643
95.9078
95.9917
96.0169
96.1786
96.1835
96.1883
96.2356
96.2587
96.2922
96.2959
96.3047
96.3638
96.3783
96.3991
96.4235
96.4253
96.4346
96.4781
96.534
96.5633
96.5826
96.6421
96.6501
96.7294
96.7669
96.8218
96.8571
96.8903
97.023
97.023
97.0938
97.1553
97.174
97.2508
97.267
97.3085
97.3237
97.525
97.5446
97.5451
97.5774
97.5995
97.611
97.6161
97.6165
97.6611
97.6744
97.7146
97.9306
97.936
97.9473
97.9755
97.9848
98.053
98.0865
98.1607
98.1871
98.2342
98.2502
98.2591
98.2614
98.3223
98.3328
98.3952
98.3954
98.4068
98.4077
98.4927
98.5278
98.5435
98.5518
98.5579
98.5618
98.5849
98.5873
98.5959
98.6411
98.6455
98.6605
98.673
98.7561
98.7663
98.7786
98.8122
98.8169
98.8348
98.8579
98.8814
98.9315
98.9465
98.9528
98.957
99.0152
99.0168
99.0181
99.0339
99.0488
99.1034
99.1181
99.1572
99.1652
99.1669
99.171
99.1771
99.1849
99.207
99.2485
99.2487
99.2973
99.3227
99.3434
99.3621
99.3799
99.3844
99.3956
99.5068
99.5539
99.5865
99.6013
99.6075
99.6114
99.641
99.6452
99.6477
99.6711
99.6959
99.7144
99.7271
99.7686
99.7853
99.8563
99.8607
99.8645
99.9246
99.9767
99.9782
99.9807
100.015
100.049
100.142
100.17
100.195
100.292
100.325
100.398
100.444
100.46
100.53
100.576
100.651
100.69
100.759
100.778
100.805
100.949
101.02
101.029
101.09
101.112
101.202
101.257
101.27
101.315
101.426
101.579
101.6
101.65
101.748
101.759
101.776
101.932
102.171
102.196
102.203
102.246
102.297
102.355
102.365
102.402
102.414
102.569
102.639
102.674
103.003
103.307
103.504
103.509
103.519
103.589
103.873
104.085
104.131
104.229
104.274
104.317
104.795
104.981
105.233
105.313
105.386
105.475
105.605
105.644
106.188
106.811
106.866
107.026
107.198
107.241
107.32
107.824
108.044
108.336
108.508
108.643
108.885
109.443
109.52
109.609
109.616
110.159
110.517
110.842
111.145
111.318
111.415
111.436
111.8
113.558
114.007
114.318
116.457
117.67
118.374
121.657
121.923
123.393
