86.8514
86.8556
87.1254
87.1341
87.3304
87.3373
87.478
87.4969
87.5596
87.5683
87.5933
87.715
87.7491
87.7949
87.8054
87.8172
87.8524
87.8557
87.8683
87.8753
87.8897
87.9025
87.9378
87.9516
87.9699
88.0146
88.0296
88.0304
88.0344
88.0518
88.0699
88.0899
88.09
88.0987
88.0992
88.1275
88.1293
88.1756
88.1761
88.177
88.1838
88.2025
88.2035
88.2151
88.2203
88.2431
88.2721
88.2949
88.3104
88.3296
88.3296
88.3368
88.3391
88.3588
88.3662
88.3704
88.3706
88.3869
88.391
88.3916
88.4115
88.4131
88.4233
88.425
88.4448
88.4468
88.4573
88.4675
88.475
88.4839
88.4918
88.499
88.5071
88.5106
88.5207
88.5273
88.5278
88.5347
88.5604
88.5628
88.5852
88.5912
88.6072
88.6089
88.6143
88.6184
88.6239
88.6282
88.6339
88.6356
88.6422
88.6455
88.651
88.6516
88.6571
88.6573
88.6704
88.6714
88.6743
88.6787
88.6831
88.6986
88.7037
88.705
88.7168
88.7256
88.7416
88.7436
88.744
88.746
88.7535
88.7566
88.7582
88.7635
88.7696
88.7724
88.7947
88.8127
88.8158
88.8206
88.8241
88.832
88.8322
88.8396
88.8397
88.8434
88.8537
88.8541
88.8651
88.8668
88.8674
88.8715
88.8716
88.8905
88.8913
88.8925
88.8979
88.9046
88.9068
88.9144
88.9204
88.9273
88.9276
88.9436
88.9489
88.9553
88.9656
88.9724
88.9737
88.9762
88.9795
88.9842
88.9884
88.9896
88.9918
88.9963
88.9996
89.0005
89.0051
89.0103
89.0119
89.012
89.0134
89.0196
89.0235
89.0307
89.032
89.0353
89.0381
89.041
89.0449
89.0588
89.0605
89.061
89.0639
89.067
89.0737
89.0787
89.0848
89.0876
89.0882
89.0913
89.0926
89.0977
89.0992
89.1012
89.1084
89.1095
89.1103
89.1118
89.1254
89.1271
89.1312
89.1458
89.1485
89.1514
89.1527
89.1538
89.1538
89.1539
89.158
89.168
89.1689
89.1838
89.1885
89.1891
89.1916
89.1942
89.1959
89.198
89.2016
89.2023
89.2089
89.2091
89.2145
89.2323
89.2327
89.2337
89.2358
89.2361
89.238
89.2413
89.2432
89.2517
89.2526
89.2569
89.2573
89.259
89.2595
89.2646
89.266
89.267
89.2672
89.2689
89.2692
89.2707
89.2759
89.2868
89.2886
89.2893
89.2953
89.2983
89.2992
89.3057
89.3088
89.3151
89.3189
89.3195
89.3211
89.3211
89.3231
89.3245
89.3267
89.3336
89.335
89.3363
89.3423
89.346
89.3484
89.3506
89.3549
89.3582
89.3609
89.361
89.3655
89.3663
89.3706
89.3714
89.3748
89.3772
89.3866
89.3874
89.3902
89.391
89.3915
89.3923
89.3937
89.3975
89.4032
89.406
89.4074
89.4082
89.4092
89.4095
89.411
89.4146
89.416
89.4188
89.419
89.4202
89.4205
89.4215
89.4271
89.4276
89.4278
89.4331
89.4339
89.4354
89.4359
89.4372
89.4378
89.4378
89.4384
89.4394
89.4434
89.4447
89.4471
89.4505
89.451
89.4521
89.4543
89.4563
89.4595
89.474
89.4778
89.478
89.4783
89.4809
89.482
89.4843
89.4857
89.5018
89.5026
89.505
89.5052
89.5071
89.5091
89.5092
89.5108
89.5119
89.5142
89.518
89.5225
89.5356
89.5383
89.5385
89.5389
89.5396
89.5399
89.541
89.5415
89.5419
89.5438
89.5439
89.5452
89.5452
89.5501
89.5506
89.5561
89.5564
89.557
89.5571
89.5623
89.5673
89.5675
89.5683
89.5697
89.5727
89.5731
89.5755
89.5759
89.5771
89.5779
89.5784
89.5791
89.5867
89.5904
89.595
89.5976
89.5982
89.5986
89.6001
89.6018
89.6037
89.6098
89.6116
89.6151
89.6161
89.6164
89.6188
89.6202
89.6237
89.6277
89.6284
89.6287
89.6288
89.6326
89.6387
89.6415
89.6432
89.6448
89.6494
89.6506
89.6509
89.6521
89.6532
89.6539
89.6555
89.6557
89.6559
89.6662
89.6663
89.668
89.6704
89.6707
89.6711
89.6726
89.6756
89.6775
89.6814
89.6818
89.6872
89.6908
89.6934
89.6974
89.7
89.7042
89.707
89.7097
89.7105
89.7117
89.7122
89.7138
89.7173
89.7188
89.7213
89.7339
89.7342
89.7345
89.7374
89.7377
89.7395
89.7399
89.7465
89.7474
89.7475
89.7484
89.7509
89.7517
89.7538
89.756
89.762
89.763
89.7642
89.7642
89.7643
89.7678
89.7685
89.7693
89.7694
89.7694
89.7695
89.7698
89.771
89.7737
89.7754
89.7756
89.7797
89.7808
89.7833
89.7834
89.7845
89.786
89.7892
89.8014
89.8029
89.8037
89.8052
89.8082
89.8102
89.8117
89.8117
89.8139
89.8204
89.8233
89.8235
89.8235
89.8236
89.8242
89.8242
89.8291
89.8293
89.8311
89.8311
89.8342
89.8351
89.8376
89.8381
89.8385
89.8386
89.8433
89.8447
89.8452
89.8453
89.8456
89.848
89.8486
89.8488
89.8495
89.8502
89.8508
89.8527
89.8533
89.8544
89.8567
89.8612
89.8617
89.8619
89.8625
89.8646
89.8679
89.868
89.8688
89.8718
89.8724
89.8734
89.875
89.8757
89.8758
89.8784
89.881
89.8879
89.8879
89.8956
89.896
89.8987
89.8999
89.9002
89.9063
89.9191
89.9265
89.9272
89.9286
89.9293
89.9331
89.9339
89.9346
89.9363
89.9372
89.9386
89.9403
89.9418
89.9427
89.9428
89.9446
89.9473
89.9474
89.9488
89.949
89.9505
89.9515
89.9597
89.9603
89.9673
89.9681
89.9688
89.9698
89.9712
89.9717
89.973
89.9752
89.9762
89.9768
89.9847
89.9849
89.9858
89.9873
89.9877
89.9885
89.9897
89.9902
89.9905
89.9917
89.9947
89.9948
89.9978
89.9988
90.0009
90.0016
90.0021
90.0035
90.0066
90.0071
90.0089
90.013
90.0188
90.0221
90.0235
90.0239
90.0259
90.0263
90.0265
90.0293
90.0325
90.0337
90.0337
90.0339
90.0349
90.0373
90.0377
90.0393
90.0395
90.0411
90.0423
90.0425
90.0434
90.0434
90.0437
90.0446
90.0458
90.047
90.0486
90.0491
90.0491
90.0508
90.0536
90.0547
90.055
90.0564
90.0582
90.0586
90.0599
90.0599
90.062
90.0634
90.064
90.0658
90.07
90.0706
90.0725
90.0726
90.0728
90.073
90.0733
90.0766
90.079
90.0816
90.0827
90.083
90.0831
90.0831
90.0834
90.0842
90.0854
90.0868
90.0881
90.0901
90.0914
90.0916
90.0916
90.0916
90.0932
90.0933
90.0946
90.0957
90.096
90.1028
90.1031
90.1041
90.1045
90.1084
90.1086
90.1087
90.109
90.111
90.112
90.114
90.1172
90.1195
90.1211
90.1217
90.1222
90.1224
90.1225
90.1252
90.1268
90.1284
90.1294
90.1303
90.1308
90.1344
90.135
90.1373
90.1377
90.1385
90.1422
90.1448
90.1451
90.1482
90.1483
90.149
90.149
90.151
90.1515
90.1534
90.1582
90.1599
90.1616
90.1653
90.1712
90.1713
90.1725
90.173
90.1737
90.1758
90.1789
90.1794
90.18
90.1832
90.1836
90.1898
90.1916
90.1917
90.1929
90.1937
90.1945
90.1975
90.1986
90.2014
90.2024
90.2025
90.2062
90.2128
90.2158
90.2166
90.2175
90.218
90.2181
90.2185
90.2194
90.2195
90.2215
90.2216
90.2223
90.2224
90.223
90.2241
90.2258
90.227
90.2281
90.2295
90.2301
90.2321
90.2329
90.234
90.2357
90.2367
90.2368
90.2368
90.2371
90.238
90.2385
90.2392
90.2401
90.2436
90.244
90.2443
90.2454
90.2471
90.2472
90.2473
90.2478
90.2519
90.253
90.254
90.2557
90.2574
90.2591
90.2603
90.2603
90.2606
90.2674
90.2701
90.2706
90.2762
90.2775
90.2785
90.2801
90.2824
90.2826
90.2827
90.2872
90.2879
90.2892
90.2906
90.2923
90.2927
90.2941
90.2942
90.2953
90.2985
90.2997
90.3001
90.3002
90.3008
90.3014
90.3018
90.3022
90.3028
90.3043
90.3047
90.3051
90.3074
90.3081
90.3096
90.3112
90.3159
90.317
90.3171
90.3185
90.319
90.3194
90.3197
90.3214
90.3229
90.323
90.3235
90.325
90.3281
90.3285
90.3312
90.3327
90.333
90.3333
90.3336
90.3338
90.3338
90.3344
90.335
90.3357
90.3357
90.3359
90.3383
90.3384
90.3389
90.3394
90.3406
90.3417
90.3429
90.3445
90.3455
90.3468
90.3492
90.3509
90.3527
90.356
90.3566
90.3568
90.3625
90.364
90.3647
90.3651
90.3652
90.3661
90.3682
90.3683
90.3685
90.3686
90.3713
90.3751
90.3757
90.3758
90.3769
90.3782
90.379
90.3814
90.3818
90.3826
90.3854
90.3875
90.3876
90.3893
90.391
90.3917
90.3921
90.3953
90.3965
90.3972
90.4001
90.4009
90.4044
90.4045
90.4048
90.4073
90.4087
90.4092
90.4119
90.4131
90.4161
90.4175
90.4195
90.4198
90.4209
90.4212
90.4216
90.4233
90.4234
90.424
90.4245
90.425
90.4255
90.4262
90.4266
90.4266
90.427
90.4285
90.4301
90.4301
90.431
90.4329
90.435
90.4369
90.4386
90.4423
90.4437
90.4458
90.4499
90.4534
90.4555
90.4563
90.4565
90.4569
90.4591
90.4601
90.4613
90.4615
90.4617
90.4619
90.4644
90.4652
90.4653
90.4679
90.4696
90.4705
90.4707
90.4707
90.4726
90.4728
90.4744
90.4746
90.4749
90.4759
90.4762
90.4776
90.4778
90.4786
90.479
90.4825
90.4827
90.4828
90.4872
90.4874
90.4875
90.4878
90.4887
90.4887
90.4887
90.4893
90.4894
90.4898
90.4902
90.4932
90.4939
90.4948
90.4953
90.4976
90.4979
90.4987
90.4988
90.4994
90.5007
90.5011
90.502
90.5045
90.5074
90.5076
90.5091
90.5104
90.5105
90.5136
90.5147
90.5148
90.5152
90.5155
90.5191
90.5194
90.5234
90.5246
90.5261
90.5261
90.5271
90.5273
90.5281
90.5289
90.5291
90.5295
90.5309
90.5309
90.533
90.5345
90.5365
90.5374
90.5418
90.5439
90.5456
90.5457
90.5459
90.5467
90.5474
90.5502
90.5529
90.5557
90.556
90.5595
90.5612
90.5619
90.5625
90.5662
90.5683
90.5693
90.5732
90.575
90.5752
90.5756
90.5761
90.5763
90.5765
90.5787
90.5793
90.5794
90.5811
90.5819
90.5826
90.5844
90.5905
90.5942
90.5967
90.5983
90.5985
90.5998
90.6
90.6002
90.6008
90.6147
90.6204
90.6211
90.6218
90.6241
90.6251
90.6251
90.6269
90.6286
90.629
90.6298
90.6323
90.6326
90.6331
90.6331
90.6331
90.6332
90.6357
90.6358
90.6386
90.6387
90.6393
90.6397
90.6423
90.645
90.6458
90.6472
90.6472
90.6478
90.6495
90.6497
90.6503
90.6514
90.6528
90.6537
90.6539
90.6544
90.6557
90.6566
90.6567
90.6578
90.6592
90.6624
90.6631
90.6641
90.6656
90.6667
90.667
90.6677
90.6682
90.672
90.6743
90.6772
90.6776
90.6798
90.6814
90.6852
90.6859
90.6862
90.6863
90.6867
90.6868
90.6873
90.6878
90.688
90.6884
90.6892
90.6917
90.6918
90.6921
90.6923
90.6924
90.6928
90.6941
90.6961
90.698
90.6981
90.7004
90.7017
90.7031
90.7039
90.7056
90.7087
90.7088
90.7097
90.7097
90.7103
90.7115
90.7129
90.7132
90.7138
90.7157
90.7165
90.7167
90.7173
90.719
90.7229
90.7252
90.7269
90.7293
90.7296
90.7304
90.7312
90.7326
90.7331
90.7338
90.7355
90.7366
90.7398
90.7414
90.7425
90.7445
90.7457
90.7457
90.7464
90.7467
90.747
90.747
90.7525
90.7526
90.7546
90.7552
90.7594
90.7614
90.763
90.7634
90.7646
90.7649
90.7659
90.771
90.7746
90.7747
90.7766
90.7769
90.7769
90.777
90.7799
90.7816
90.7817
90.7835
90.7843
90.7857
90.786
90.7866
90.7867
90.7868
90.7888
90.7894
90.791
90.7911
90.7915
90.7924
90.7956
90.796
90.7964
90.7967
90.8018
90.8022
90.8023
90.803
90.8033
90.8051
90.8068
90.8084
90.8095
90.8106
90.8114
90.8118
90.8119
90.8131
90.8136
90.814
90.8144
90.8144
90.8155
90.8172
90.8176
90.8201
90.8205
90.8209
90.8216
90.8218
90.8226
90.8228
90.8261
90.8262
90.827
90.8276
90.8288
90.8302
90.831
90.8315
90.8324
90.8338
90.8359
90.8364
90.8364
90.8368
90.837
90.8375
90.84
90.8401
90.8408
90.8414
90.8419
90.842
90.8428
90.844
90.8444
90.8448
90.8462
90.8484
90.8489
90.8503
90.8506
90.8541
90.8558
90.856
90.8619
90.8637
90.864
90.8659
90.8662
90.8687
90.8688
90.8707
90.8716
90.8718
90.8726
90.8758
90.876
90.8761
90.8761
90.8774
90.879
90.8793
90.8793
90.8807
90.8822
90.8834
90.8844
90.8852
90.886
90.887
90.8884
90.8884
90.8897
90.8898
90.8907
90.8909
90.8932
90.8946
90.9
90.9007
90.9014
90.9017
90.9026
90.9031
90.9063
90.9082
90.909
90.9101
90.9109
90.9125
90.9135
90.9138
90.915
90.9168
90.9197
90.9197
90.9217
90.9242
90.9251
90.9253
90.9259
90.9266
90.9267
90.927
90.9279
90.9297
90.9318
90.9325
90.9337
90.9338
90.9339
90.938
90.9387
90.9405
90.942
90.9426
90.9427
90.9442
90.9452
90.9474
90.9496
90.9502
90.9533
90.9539
90.954
90.9545
90.9549
90.9561
90.9575
90.9576
90.9584
90.9585
90.96
90.9615
90.9636
90.9641
90.9642
90.9661
90.9674
90.9699
90.9699
90.971
90.9724
90.9724
90.9726
90.9748
90.9751
90.9756
90.9769
90.9773
90.9798
90.9802
90.9812
90.9839
90.9848
90.9862
90.9865
90.9902
90.9912
90.992
90.9928
90.993
90.9935
90.9943
90.9951
90.9954
90.9956
90.9963
90.9965
90.9985
90.9998
91.0021
91.0024
91.0059
91.0071
91.0072
91.0085
91.0086
91.0094
91.012
91.0122
91.0124
91.0131
91.0211
91.0222
91.0229
91.0257
91.034
91.0341
91.0343
91.0345
91.038
91.0411
91.0423
91.0432
91.0435
91.0439
91.0448
91.0454
91.0476
91.0477
91.0484
91.0488
91.0491
91.0491
91.0493
91.0501
91.0536
91.0536
91.0549
91.056
91.056
91.0561
91.0583
91.0595
91.0604
91.0614
91.062
91.0631
91.0632
91.0653
91.0654
91.0657
91.0664
91.0665
91.0674
91.0675
91.0688
91.0689
91.0704
91.0711
91.0726
91.0767
91.0788
91.0802
91.0816
91.0854
91.0874
91.0885
91.0901
91.0933
91.0935
91.0944
91.0947
91.0981
91.0981
91.1008
91.101
91.1036
91.1056
91.1062
91.1102
91.1106
91.1117
91.1152
91.1165
91.1175
91.1179
91.1188
91.119
91.1222
91.1239
91.1244
91.1255
91.1256
91.1291
91.1316
91.1321
91.1334
91.1334
91.134
91.1351
91.1361
91.1368
91.1377
91.1387
91.1392
91.1397
91.1398
91.1402
91.1408
91.1421
91.1429
91.1434
91.1436
91.1449
91.1457
91.1477
91.1484
91.151
91.1514
91.1561
91.1565
91.1576
91.1638
91.1651
91.1658
91.1688
91.1697
91.1703
91.1703
91.1709
91.1717
91.1721
91.1724
91.1725
91.1742
91.1783
91.1814
91.1816
91.1829
91.1829
91.1837
91.1838
91.1839
91.185
91.1858
91.1859
91.188
91.1895
91.19
91.1903
91.1908
91.1923
91.1953
91.1987
91.1991
91.1997
91.2032
91.2035
91.205
91.2087
91.2095
91.2096
91.2129
91.2135
91.214
91.2141
91.2152
91.2161
91.2181
91.2183
91.2192
91.2193
91.2198
91.2215
91.2221
91.2221
91.2223
91.2223
91.2231
91.2236
91.2249
91.2251
91.2259
91.2266
91.2268
91.2271
91.2287
91.2289
91.23
91.2308
91.2338
91.2341
91.2343
91.2365
91.2365
91.24
91.2412
91.2422
91.2442
91.2443
91.2451
91.2455
91.2462
91.2477
91.2478
91.249
91.2516
91.2521
91.2531
91.2536
91.2559
91.2585
91.2587
91.2604
91.2619
91.2622
91.2634
91.2654
91.2661
91.2699
91.2703
91.2707
91.2714
91.272
91.2732
91.2744
91.2758
91.2805
91.2811
91.2834
91.2836
91.2843
91.2849
91.2864
91.2868
91.287
91.2872
91.2883
91.2891
91.2908
91.2929
91.2932
91.2939
91.2944
91.2944
91.295
91.2954
91.2994
91.3005
91.3006
91.3026
91.3034
91.3035
91.3059
91.3062
91.309
91.3104
91.3109
91.3114
91.3125
91.3131
91.3136
91.3136
91.3139
91.3148
91.315
91.3154
91.3169
91.3174
91.3177
91.3197
91.3218
91.3222
91.3239
91.3247
91.3304
91.3329
91.3335
91.3338
91.3344
91.3346
91.3369
91.3374
91.3389
91.3404
91.3406
91.3408
91.3429
91.3443
91.3447
91.3447
91.349
91.3511
91.3521
91.3538
91.3543
91.3554
91.3569
91.3572
91.3583
91.3593
91.3603
91.3612
91.3625
91.364
91.3642
91.3653
91.3658
91.3692
91.3693
91.3698
91.3717
91.3732
91.3753
91.3754
91.3765
91.3773
91.3774
91.3774
91.3782
91.3805
91.3811
91.3821
91.3827
91.3827
91.3829
91.3844
91.387
91.387
91.387
91.3875
91.3879
91.3901
91.3903
91.3912
91.3955
91.3962
91.3975
91.4013
91.4023
91.4026
91.4037
91.4041
91.4053
91.4077
91.409
91.4092
91.4103
91.4121
91.4149
91.4156
91.4163
91.4182
91.4195
91.4195
91.4205
91.4209
91.4215
91.4231
91.4256
91.4281
91.4301
91.4305
91.4315
91.4317
91.4333
91.4342
91.4343
91.4348
91.4374
91.4379
91.4413
91.4422
91.4424
91.4432
91.4435
91.4467
91.4472
91.4484
91.4515
91.4521
91.4529
91.4538
91.4546
91.4547
91.4548
91.4557
91.4579
91.4584
91.4593
91.4596
91.4633
91.4652
91.4662
91.4663
91.4669
91.4679
91.4682
91.4684
91.4684
91.4693
91.4693
91.4702
91.4705
91.4707
91.4722
91.4727
91.4737
91.4744
91.4752
91.4753
91.4772
91.4775
91.4777
91.4778
91.4807
91.4808
91.4808
91.4822
91.4849
91.4862
91.4878
91.4885
91.4895
91.49
91.4901
91.4922
91.4932
91.4933
91.4937
91.4953
91.4964
91.4998
91.5002
91.5034
91.5051
91.5106
91.5111
91.5118
91.5133
91.5135
91.5151
91.5161
91.5168
91.5175
91.5176
91.5178
91.5188
91.521
91.5212
91.5244
91.5254
91.5268
91.5276
91.5293
91.5293
91.5294
91.53
91.5317
91.5333
91.5335
91.5338
91.5338
91.5347
91.5349
91.5353
91.5401
91.5409
91.5411
91.5419
91.543
91.5431
91.5448
91.546
91.5462
91.5489
91.5502
91.5504
91.5512
91.552
91.5524
91.5526
91.5533
91.5556
91.5569
91.5578
91.5579
91.5628
91.5636
91.5639
91.5648
91.5658
91.5659
91.566
91.5694
91.5695
91.5703
91.571
91.5711
91.5717
91.5724
91.5757
91.5762
91.5769
91.5814
91.5816
91.5826
91.5831
91.5844
91.5848
91.5869
91.587
91.5874
91.5887
91.5931
91.595
91.5952
91.5954
91.6012
91.6013
91.6016
91.602
91.6022
91.6031
91.6056
91.6086
91.6092
91.6099
91.6106
91.6108
91.6123
91.6137
91.6149
91.6151
91.6168
91.6173
91.6195
91.6198
91.6211
91.6218
91.622
91.6237
91.6246
91.6249
91.6249
91.625
91.6271
91.6298
91.6305
91.6329
91.633
91.6336
91.6345
91.6383
91.6384
91.6399
91.6404
91.6417
91.6454
91.6454
91.6455
91.6472
91.6486
91.6496
91.6502
91.6504
91.6524
91.6538
91.6543
91.6544
91.6556
91.6567
91.6568
91.6598
91.66
91.6609
91.6616
91.663
91.6635
91.6638
91.6644
91.6646
91.6647
91.6657
91.6677
91.6689
91.6689
91.6702
91.6702
91.6717
91.6721
91.6738
91.6744
91.6789
91.6791
91.6795
91.68
91.6801
91.6807
91.6817
91.6819
91.6826
91.6828
91.6834
91.6847
91.6858
91.6862
91.6918
91.6921
91.6924
91.6948
91.6955
91.6957
91.698
91.6981
91.7
91.7014
91.703
91.7065
91.7066
91.7073
91.7092
91.7099
91.7104
91.7108
91.7112
91.712
91.7142
91.7149
91.7149
91.715
91.7163
91.717
91.7187
91.7195
91.72
91.721
91.7226
91.7228
91.7229
91.7232
91.7244
91.7248
91.7258
91.7267
91.727
91.7278
91.7282
91.729
91.7318
91.7321
91.7322
91.7328
91.7336
91.7352
91.7422
91.7424
91.7425
91.7455
91.7469
91.7473
91.7479
91.7481
91.7494
91.7495
91.75
91.7536
91.7552
91.7561
91.7562
91.7565
91.7565
91.757
91.7577
91.758
91.7586
91.7611
91.7622
91.7626
91.7634
91.764
91.7651
91.7654
91.7667
91.7668
91.7673
91.775
91.7787
91.779
91.7796
91.7813
91.7815
91.7823
91.7832
91.7842
91.7881
91.7884
91.7892
91.7895
91.7915
91.7943
91.7956
91.7969
91.7973
91.7987
91.8006
91.8042
91.8075
91.8078
91.8082
91.8093
91.8097
91.8115
91.8136
91.8137
91.8138
91.8171
91.8181
91.8186
91.8189
91.8202
91.8203
91.8204
91.8204
91.8208
91.823
91.824
91.8242
91.8242
91.8256
91.8258
91.8263
91.8276
91.8278
91.8286
91.8302
91.8318
91.8318
91.8331
91.8336
91.8355
91.8364
91.8386
91.8388
91.839
91.8399
91.8401
91.8405
91.844
91.8467
91.8474
91.8482
91.8503
91.8523
91.8544
91.8546
91.8552
91.8599
91.8613
91.8623
91.8636
91.8641
91.8643
91.8652
91.8653
91.8655
91.8658
91.8669
91.8703
91.8705
91.8718
91.8724
91.8736
91.8741
91.8741
91.8756
91.8764
91.878
91.8781
91.8795
91.88
91.8811
91.8814
91.8816
91.882
91.8825
91.8839
91.8868
91.887
91.8892
91.8894
91.8897
91.8899
91.89
91.8908
91.8908
91.8932
91.8942
91.8947
91.8952
91.8953
91.9001
91.9001
91.9011
91.9015
91.9043
91.9057
91.9063
91.9064
91.907
91.9072
91.9099
91.9119
91.914
91.9156
91.9174
91.9193
91.9195
91.9219
91.925
91.9261
91.9264
91.927
91.9278
91.9297
91.9346
91.9376
91.9402
91.9414
91.9428
91.9434
91.9451
91.9452
91.9487
91.9503
91.9505
91.9514
91.9532
91.9545
91.9547
91.9555
91.9566
91.9567
91.9576
91.9619
91.9628
91.9632
91.9633
91.9649
91.9654
91.9679
91.9679
91.969
91.9699
91.9703
91.9707
91.9722
91.9731
91.9738
91.9759
91.9762
91.9762
91.9785
91.9797
91.9802
91.9813
91.9823
91.9825
91.9825
91.983
91.9832
91.9837
91.9844
91.9854
91.9857
91.9892
91.9902
91.9906
91.9907
91.9919
91.9946
91.9965
91.9998
91.9999
92.0023
92.0023
92.0033
92.0034
92.0039
92.0039
92.004
92.0042
92.0046
92.0059
92.0069
92.0087
92.009
92.0091
92.0115
92.0129
92.015
92.0159
92.0163
92.0186
92.0202
92.0203
92.0203
92.0206
92.0207
92.0247
92.0252
92.0259
92.0293
92.0295
92.0297
92.0301
92.0302
92.036
92.0361
92.0363
92.0375
92.0376
92.04
92.0439
92.0464
92.0469
92.0479
92.0509
92.0527
92.0535
92.0579
92.0588
92.06
92.0615
92.0615
92.0622
92.0626
92.0633
92.0635
92.0638
92.0641
92.0643
92.0668
92.0672
92.068
92.0699
92.0701
92.0704
92.0728
92.0733
92.0745
92.0748
92.0759
92.0764
92.0777
92.0802
92.0819
92.0822
92.0826
92.0836
92.0882
92.0886
92.0916
92.0921
92.0942
92.0943
92.0955
92.0958
92.0958
92.0983
92.0991
92.1005
92.1006
92.1043
92.1056
92.107
92.1098
92.1103
92.1106
92.1107
92.111
92.1114
92.1134
92.1134
92.1157
92.1164
92.1186
92.1202
92.1218
92.1221
92.1229
92.123
92.1232
92.1273
92.1276
92.128
92.1292
92.13
92.1316
92.1318
92.1326
92.133
92.1344
92.1346
92.1357
92.1365
92.1368
92.137
92.137
92.1376
92.1378
92.138
92.1391
92.1398
92.1452
92.1456
92.1461
92.147
92.1527
92.1527
92.1536
92.1537
92.1553
92.1558
92.1581
92.1591
92.1592
92.1592
92.1599
92.16
92.1601
92.1613
92.1614
92.1614
92.1623
92.1624
92.1638
92.1661
92.1668
92.1689
92.1696
92.1727
92.1727
92.1731
92.1731
92.1732
92.1744
92.1777
92.1778
92.1838
92.1839
92.1848
92.1877
92.1879
92.1908
92.1922
92.1961
92.199
92.1997
92.2001
92.2007
92.2015
92.2024
92.2035
92.2037
92.2053
92.2059
92.2061
92.2071
92.2077
92.2085
92.2098
92.2106
92.2137
92.2148
92.2151
92.2162
92.2164
92.2196
92.2204
92.2206
92.2232
92.2235
92.225
92.2264
92.2315
92.2317
92.2319
92.2321
92.2339
92.2359
92.2363
92.2363
92.2374
92.2383
92.2394
92.2405
92.2414
92.2426
92.2471
92.2471
92.2471
92.2489
92.2491
92.2492
92.2538
92.2542
92.2546
92.2549
92.2549
92.2565
92.2567
92.2575
92.2592
92.2599
92.2637
92.2638
92.2655
92.2695
92.2721
92.2729
92.2731
92.2739
92.2742
92.2746
92.2752
92.2755
92.276
92.2774
92.2782
92.2782
92.2782
92.2795
92.2804
92.2891
92.2913
92.2928
92.2936
92.2946
92.2952
92.2959
92.297
92.2977
92.2986
92.2993
92.2993
92.3004
92.3015
92.3016
92.3018
92.3024
92.3042
92.3055
92.3096
92.3098
92.3098
92.3132
92.3133
92.3151
92.3153
92.3153
92.3169
92.317
92.3178
92.323
92.3237
92.3244
92.3248
92.3253
92.3274
92.3282
92.3289
92.3306
92.3347
92.3393
92.3405
92.3438
92.345
92.349
92.35
92.3504
92.3525
92.3529
92.3538
92.3542
92.3547
92.3553
92.3557
92.3558
92.3568
92.3572
92.3583
92.3586
92.3587
92.3592
92.3596
92.3612
92.3619
92.3619
92.3626
92.3644
92.3658
92.366
92.3679
92.368
92.3696
92.3703
92.3707
92.372
92.3729
92.3752
92.3753
92.3763
92.3766
92.3785
92.3788
92.3795
92.3803
92.3804
92.3814
92.3819
92.3821
92.3825
92.3828
92.383
92.3852
92.3869
92.3874
92.3883
92.3888
92.3893
92.3894
92.39
92.3921
92.3941
92.3955
92.3957
92.396
92.3981
92.3987
92.4024
92.404
92.4055
92.4061
92.4075
92.4079
92.408
92.4096
92.4099
92.4106
92.4116
92.4118
92.413
92.4133
92.4138
92.4139
92.4148
92.4178
92.418
92.4206
92.4214
92.4229
92.4257
92.4273
92.4276
92.4314
92.4321
92.4343
92.4346
92.4353
92.4369
92.4376
92.44
92.4442
92.4443
92.4463
92.4469
92.4476
92.4483
92.4494
92.45
92.4506
92.4509
92.453
92.453
92.4531
92.4541
92.4543
92.456
92.456
92.4568
92.4581
92.4608
92.4619
92.4622
92.4629
92.464
92.4679
92.469
92.4703
92.4713
92.4722
92.4728
92.4735
92.4742
92.4768
92.477
92.4784
92.4829
92.4877
92.4895
92.4901
92.4902
92.492
92.4925
92.4929
92.4945
92.4949
92.4971
92.4974
92.4976
92.4979
92.4994
92.4999
92.5012
92.5014
92.502
92.5025
92.5029
92.5049
92.507
92.5079
92.5097
92.5109
92.5136
92.5172
92.5174
92.5174
92.5179
92.518
92.5184
92.519
92.519
92.5206
92.5212
92.5229
92.5234
92.525
92.5266
92.5298
92.5313
92.5315
92.5315
92.5325
92.535
92.5361
92.5365
92.5367
92.5385
92.5389
92.5398
92.54
92.5411
92.5416
92.5443
92.5456
92.5476
92.5481
92.5487
92.5498
92.5508
92.5512
92.5531
92.555
92.5593
92.5603
92.5606
92.561
92.5619
92.5633
92.5659
92.5716
92.5777
92.5836
92.5881
92.5904
92.5912
92.5947
92.5953
92.596
92.5963
92.5965
92.5976
92.6005
92.6013
92.6014
92.603
92.6036
92.6132
92.6168
92.6188
92.6206
92.6208
92.6209
92.6212
92.6215
92.6236
92.6241
92.625
92.6254
92.6259
92.6262
92.6274
92.6278
92.6284
92.6321
92.6327
92.6329
92.6333
92.6368
92.6403
92.6419
92.6421
92.6424
92.6427
92.6428
92.643
92.6479
92.6483
92.6501
92.6507
92.6517
92.6536
92.6539
92.6542
92.6559
92.6617
92.6618
92.663
92.6652
92.6655
92.6659
92.6659
92.67
92.6702
92.6717
92.6721
92.6754
92.6762
92.6764
92.6768
92.6768
92.6771
92.6772
92.6774
92.68
92.6804
92.6806
92.6806
92.6811
92.6824
92.684
92.686
92.6862
92.6873
92.6885
92.6905
92.6916
92.6927
92.6934
92.6938
92.6942
92.6969
92.6998
92.7011
92.7024
92.7033
92.7033
92.7064
92.7066
92.7076
92.7088
92.7091
92.711
92.7121
92.7125
92.713
92.714
92.7146
92.7149
92.7154
92.716
92.7162
92.7169
92.7189
92.7192
92.7209
92.7237
92.7242
92.7243
92.7252
92.7267
92.7289
92.7318
92.7319
92.7328
92.733
92.7332
92.7345
92.7357
92.7362
92.7366
92.7372
92.74
92.7401
92.7405
92.7418
92.7428
92.7434
92.7453
92.7462
92.7488
92.751
92.7516
92.7548
92.7552
92.7576
92.7577
92.7587
92.759
92.7591
92.7596
92.7598
92.7601
92.7651
92.7655
92.7673
92.7704
92.7708
92.7723
92.7755
92.7758
92.7769
92.7788
92.7828
92.7848
92.7865
92.7889
92.7903
92.7929
92.7938
92.794
92.7947
92.7955
92.7978
92.7992
92.7998
92.8011
92.8018
92.8019
92.8053
92.8056
92.8064
92.8065
92.8069
92.8098
92.811
92.8132
92.8135
92.8137
92.8168
92.8184
92.8184
92.8188
92.8192
92.8194
92.8197
92.8222
92.8229
92.8257
92.8283
92.8294
92.8301
92.832
92.8321
92.8322
92.8333
92.8343
92.8348
92.8349
92.8357
92.8357
92.8416
92.8429
92.8452
92.849
92.8502
92.8525
92.856
92.8562
92.8564
92.8582
92.8592
92.8602
92.8602
92.8603
92.862
92.8625
92.8633
92.8635
92.8671
92.8734
92.8742
92.8759
92.8761
92.8763
92.8778
92.879
92.8797
92.8815
92.8817
92.882
92.8835
92.8849
92.8865
92.8865
92.8879
92.8931
92.8937
92.8939
92.894
92.8943
92.8947
92.895
92.8953
92.8966
92.8973
92.8973
92.8998
92.9006
92.901
92.9046
92.906
92.9064
92.9106
92.9117
92.9121
92.9129
92.9138
92.9152
92.9171
92.9196
92.9198
92.9206
92.9214
92.9224
92.9229
92.9245
92.9246
92.9258
92.9271
92.9388
92.9388
92.9393
92.9412
92.9419
92.942
92.942
92.9421
92.9467
92.9475
92.9481
92.9485
92.9498
92.95
92.9508
92.9541
92.9586
92.9595
92.9597
92.9604
92.9609
92.9623
92.9652
92.9675
92.9681
92.9684
92.9685
92.9692
92.9713
92.972
92.9729
92.9731
92.9734
92.9736
92.9789
92.9791
92.9792
92.9803
92.9804
92.9825
92.984
92.9849
92.9851
92.9865
92.9868
92.9877
92.9908
92.991
92.9922
92.9928
92.9937
92.9967
92.9976
93.0025
93.0027
93.0041
93.0118
93.0128
93.0181
93.0192
93.0195
93.0201
93.0247
93.0259
93.0269
93.0314
93.0327
93.033
93.0339
93.035
93.0353
93.0388
93.0398
93.0452
93.0452
93.0459
93.047
93.051
93.0525
93.0562
93.0605
93.0607
93.0618
93.0624
93.0627
93.063
93.0637
93.0665
93.0676
93.0679
93.0681
93.0705
93.0709
93.0713
93.0725
93.0734
93.0744
93.0769
93.0769
93.0776
93.0785
93.0793
93.0798
93.082
93.0827
93.0838
93.0844
93.0849
93.0851
93.087
93.0873
93.0945
93.0957
93.0963
93.0965
93.0973
93.1027
93.1029
93.1062
93.1065
93.1078
93.1081
93.1103
93.1104
93.111
93.1219
93.1258
93.1258
93.1261
93.1262
93.1275
93.1312
93.1322
93.1325
93.1338
93.1359
93.1366
93.1377
93.1378
93.1379
93.1382
93.1397
93.1399
93.1407
93.1423
93.143
93.1438
93.1463
93.1463
93.1479
93.1484
93.1595
93.1599
93.1605
93.1605
93.1612
93.1618
93.1644
93.1666
93.1667
93.168
93.1687
93.1691
93.1694
93.1703
93.1724
93.1756
93.1759
93.1761
93.178
93.1783
93.1789
93.1795
93.1813
93.1845
93.1854
93.1874
93.1895
93.1896
93.1897
93.1901
93.1902
93.1912
93.1919
93.1925
93.1942
93.1943
93.1952
93.1965
93.1976
93.1978
93.1988
93.1997
93.2005
93.2024
93.2035
93.204
93.2052
93.2052
93.2096
93.2097
93.2101
93.2104
93.2117
93.2129
93.2138
93.217
93.2175
93.2182
93.2214
93.2258
93.2266
93.2279
93.2315
93.2373
93.238
93.2413
93.243
93.2435
93.2439
93.2441
93.2451
93.2478
93.2497
93.2517
93.2524
93.2543
93.2583
93.2629
93.2675
93.2684
93.2696
93.2728
93.2735
93.2738
93.2753
93.2756
93.2756
93.2775
93.2783
93.2803
93.2856
93.2857
93.2871
93.288
93.2903
93.2917
93.2939
93.294
93.2948
93.297
93.3011
93.3012
93.3032
93.3066
93.3101
93.3126
93.3127
93.3131
93.315
93.3157
93.3159
93.3163
93.3247
93.3253
93.3316
93.3352
93.3374
93.3399
93.3419
93.3447
93.352
93.3522
93.3549
93.3554
93.3557
93.3624
93.3625
93.3639
93.3659
93.3659
93.367
93.369
93.3692
93.3699
93.3739
93.3768
93.3785
93.3786
93.3815
93.3848
93.3889
93.3899
93.3922
93.3939
93.3944
93.3973
93.399
93.3996
93.4009
93.4057
93.4075
93.4098
93.4146
93.4163
93.4191
93.4194
93.4248
93.4277
93.4278
93.4283
93.4296
93.4305
93.4316
93.4322
93.4379
93.4387
93.4394
93.44
93.4412
93.442
93.4428
93.4437
93.4443
93.4447
93.4461
93.4469
93.4481
93.4501
93.4526
93.4532
93.4556
93.4569
93.459
93.4601
93.4605
93.4613
93.4619
93.4621
93.4655
93.4665
93.4665
93.4677
93.4697
93.4712
93.4751
93.4758
93.4782
93.4783
93.48
93.4804
93.4821
93.4823
93.4839
93.4862
93.488
93.492
93.4933
93.4939
93.4965
93.4971
93.4992
93.5031
93.5041
93.5048
93.5065
93.5097
93.5105
93.5143
93.518
93.5181
93.5192
93.5196
93.5211
93.5261
93.5271
93.5298
93.533
93.535
93.5351
93.5364
93.5377
93.5406
93.5408
93.5414
93.5471
93.5551
93.5558
93.5573
93.5589
93.5594
93.5598
93.5608
93.5628
93.5644
93.5655
93.5674
93.5679
93.5736
93.5754
93.5772
93.5775
93.5784
93.5806
93.5807
93.5821
93.583
93.585
93.5856
93.5856
93.5865
93.589
93.5894
93.5906
93.5943
93.5954
93.5957
93.5991
93.6038
93.6039
93.6053
93.6097
93.6101
93.6103
93.6155
93.6204
93.626
93.6263
93.6327
93.633
93.6335
93.6347
93.6349
93.6381
93.6429
93.6438
93.6444
93.6447
93.6448
93.647
93.6486
93.6498
93.6587
93.6603
93.6605
93.6628
93.664
93.6664
93.6667
93.6678
93.6682
93.672
93.6724
93.6724
93.6728
93.6745
93.6752
93.6813
93.6824
93.6825
93.6833
93.6847
93.6851
93.6867
93.6885
93.6932
93.694
93.6942
93.6948
93.6962
93.6986
93.7002
93.7003
93.7038
93.7049
93.7058
93.7059
93.7075
93.708
93.7088
93.7115
93.7126
93.7129
93.7142
93.7213
93.7223
93.7239
93.7244
93.7247
93.7269
93.7281
93.7286
93.7299
93.7323
93.7351
93.7364
93.7415
93.7455
93.7457
93.7485
93.7533
93.7565
93.7589
93.7591
93.76
93.7601
93.7608
93.7645
93.7647
93.7649
93.7659
93.7717
93.7746
93.7761
93.7767
93.7774
93.7813
93.7821
93.7841
93.7864
93.7875
93.7893
93.7905
93.7908
93.7929
93.7936
93.7985
93.8
93.8036
93.8055
93.8058
93.8074
93.8083
93.8101
93.8125
93.8137
93.8143
93.8157
93.8195
93.8197
93.8205
93.823
93.8245
93.8267
93.8278
93.8327
93.8337
93.8348
93.836
93.8388
93.8403
93.8429
93.8434
93.8436
93.8476
93.8502
93.8509
93.8524
93.8525
93.8553
93.8577
93.8582
93.8621
93.8667
93.8695
93.8698
93.8711
93.8724
93.877
93.8788
93.8861
93.8873
93.8882
93.8907
93.8917
93.8925
93.893
93.8939
93.8941
93.8947
93.8969
93.8972
93.8987
93.8989
93.8991
93.9021
93.9022
93.9068
93.9068
93.9115
93.9124
93.9128
93.9164
93.9182
93.9205
93.9206
93.9207
93.9211
93.9219
93.925
93.9251
93.9272
93.9279
93.9304
93.9347
93.9381
93.9388
93.9404
93.9426
93.9483
93.9484
93.9507
93.9517
93.9563
93.9598
93.9655
93.9657
93.9663
93.9699
93.9714
93.9714
93.9755
93.9767
93.9816
93.9834
93.9836
93.9852
93.9911
93.9913
93.9915
93.992
93.9933
93.994
93.9956
93.9982
93.9988
93.999
94.0016
94.0017
94.0022
94.0027
94.004
94.0041
94.0078
94.0081
94.0082
94.0091
94.0206
94.0211
94.022
94.0248
94.0284
94.0317
94.0333
94.0346
94.0359
94.0359
94.0377
94.0398
94.0398
94.0416
94.0495
94.0505
94.0544
94.0573
94.0584
94.0606
94.0624
94.0645
94.0647
94.0658
94.0674
94.0679
94.0707
94.0781
94.0814
94.0977
94.1
94.1003
94.1024
94.1036
94.1058
94.1067
94.1094
94.1105
94.1109
94.1121
94.113
94.1188
94.1194
94.1229
94.124
94.1252
94.1263
94.1268
94.1274
94.1322
94.1336
94.1359
94.1403
94.1412
94.1424
94.1428
94.1443
94.1504
94.1534
94.1539
94.156
94.1575
94.1598
94.1612
94.1636
94.1651
94.1703
94.1709
94.1715
94.1725
94.1727
94.1733
94.1741
94.1758
94.1766
94.1774
94.1785
94.1814
94.1822
94.1827
94.1827
94.1844
94.1974
94.2008
94.2034
94.2045
94.2061
94.2072
94.208
94.2106
94.214
94.2164
94.2193
94.2205
94.2211
94.2228
94.2249
94.2267
94.2268
94.2272
94.2302
94.2358
94.2386
94.2389
94.2409
94.2411
94.2437
94.2477
94.2491
94.2511
94.2513
94.2547
94.2549
94.2576
94.2582
94.2652
94.2679
94.2718
94.2749
94.2773
94.2783
94.2791
94.2884
94.2906
94.2925
94.2936
94.2946
94.2947
94.2966
94.2981
94.2994
94.3018
94.3049
94.311
94.3129
94.3139
94.3157
94.317
94.3219
94.3228
94.3233
94.3253
94.3266
94.3281
94.3282
94.332
94.3321
94.3329
94.3344
94.3348
94.335
94.3361
94.3368
94.3376
94.3445
94.3458
94.3486
94.3489
94.3522
94.3524
94.3527
94.3534
94.3543
94.3555
94.3599
94.3609
94.3645
94.3656
94.367
94.3687
94.3701
94.3709
94.375
94.3792
94.3816
94.3843
94.385
94.389
94.3942
94.3965
94.3976
94.3998
94.4053
94.4057
94.4073
94.4089
94.4091
94.4093
94.4104
94.4137
94.4201
94.4258
94.4267
94.4294
94.4296
94.4296
94.4324
94.4358
94.4403
94.444
94.4453
94.4456
94.4497
94.4518
94.4519
94.4521
94.4533
94.4539
94.4543
94.4545
94.4567
94.4618
94.4634
94.4651
94.4747
94.4765
94.4807
94.4809
94.4811
94.482
94.4828
94.4833
94.4834
94.4844
94.486
94.4871
94.4895
94.49
94.4928
94.4961
94.4965
94.4973
94.5056
94.511
94.5157
94.5168
94.5195
94.5196
94.5224
94.5226
94.5247
94.5249
94.5252
94.5276
94.529
94.5292
94.5295
94.5328
94.5348
94.5374
94.5383
94.5386
94.5401
94.5416
94.5431
94.5453
94.5491
94.5521
94.5525
94.5532
94.5562
94.5571
94.559
94.5608
94.5622
94.5637
94.5718
94.5721
94.576
94.578
94.5819
94.5859
94.5882
94.5924
94.5925
94.5954
94.5967
94.5982
94.5997
94.6002
94.6019
94.6051
94.6102
94.6158
94.6179
94.6181
94.6222
94.6237
94.6248
94.6305
94.6343
94.6345
94.6352
94.6353
94.6406
94.6425
94.645
94.6453
94.6468
94.6481
94.6501
94.6548
94.6552
94.6607
94.6624
94.6627
94.663
94.6654
94.6667
94.6678
94.6696
94.6723
94.6725
94.673
94.6736
94.6738
94.6783
94.6808
94.6841
94.6862
94.6887
94.6913
94.6914
94.6922
94.6941
94.6979
94.7058
94.7099
94.7169
94.7218
94.7266
94.7292
94.7294
94.7322
94.7473
94.7489
94.7494
94.7497
94.7504
94.7544
94.7583
94.7648
94.767
94.7691
94.7709
94.7723
94.776
94.778
94.7783
94.7784
94.7821
94.7861
94.7898
94.7899
94.7922
94.7935
94.7945
94.7979
94.8004
94.8038
94.8041
94.805
94.8051
94.8114
94.8162
94.8189
94.8244
94.8246
94.8269
94.8303
94.8365
94.8387
94.8389
94.8398
94.844
94.8503
94.851
94.8523
94.8538
94.8559
94.8573
94.8573
94.858
94.8624
94.8637
94.8699
94.8704
94.893
94.8937
94.9009
94.9028
94.9103
94.914
94.9145
94.9165
94.9183
94.9185
94.9192
94.9192
94.9192
94.9211
94.9259
94.9314
94.9323
94.9341
94.9343
94.9386
94.9388
94.9423
94.9441
94.9442
94.9471
94.949
94.9497
94.9512
94.9674
94.9746
94.9805
94.9817
94.985
94.9875
94.9884
94.9913
94.9929
94.9975
95.0017
95.0024
95.0026
95.0044
95.0075
95.0077
95.0082
95.0089
95.0094
95.0116
95.0133
95.0147
95.0156
95.017
95.021
95.0235
95.0245
95.025
95.0251
95.0353
95.0353
95.039
95.0486
95.0566
95.0574
95.059
95.0648
95.0685
95.0711
95.0741
95.0789
95.0867
95.0867
95.0935
95.0955
95.0962
95.0983
95.1002
95.1008
95.1035
95.1042
95.1079
95.1083
95.1094
95.1176
95.1207
95.1217
95.1326
95.1351
95.1353
95.1499
95.1562
95.1583
95.1597
95.1701
95.1738
95.1749
95.1804
95.1806
95.1818
95.182
95.1856
95.1858
95.1895
95.1908
95.1937
95.1941
95.1945
95.1967
95.197
95.1981
95.2001
95.2158
95.2179
95.2261
95.2266
95.23
95.2357
95.2391
95.242
95.2425
95.2456
95.2559
95.256
95.2581
95.2593
95.2626
95.2655
95.2656
95.2657
95.2788
95.2884
95.2985
95.2998
95.3038
95.3128
95.3138
95.3154
95.3157
95.3224
95.3241
95.3245
95.3257
95.327
95.3311
95.3321
95.3325
95.3348
95.3353
95.3356
95.3396
95.345
95.3465
95.3466
95.3534
95.3561
95.3661
95.3691
95.382
95.3862
95.3873
95.3874
95.3876
95.3897
95.3911
95.3912
95.3962
95.3986
95.3991
95.4024
95.4069
95.4123
95.418
95.4218
95.4219
95.4232
95.4253
95.4312
95.432
95.434
95.435
95.4563
95.4617
95.4635
95.4711
95.4777
95.481
95.4817
95.4883
95.4905
95.4913
95.494
95.4979
95.5032
95.5064
95.5133
95.5156
95.5173
95.5258
95.5285
95.5293
95.5329
95.5341
95.537
95.5381
95.5407
95.5416
95.5432
95.5434
95.5475
95.5552
95.5574
95.5596
95.5633
95.565
95.5659
95.5739
95.5766
95.5773
95.5773
95.5801
95.5816
95.5832
95.5838
95.5862
95.5864
95.6007
95.6021
95.6048
95.606
95.6077
95.6096
95.6159
95.6181
95.6199
95.6263
95.6333
95.6345
95.6371
95.6388
95.64
95.6462
95.6566
95.6607
95.6656
95.6698
95.6718
95.6726
95.6751
95.6783
95.6807
95.6972
95.7036
95.7109
95.719
95.7199
95.7204
95.7223
95.7235
95.7251
95.7304
95.7389
95.7397
95.74
95.7433
95.7434
95.7453
95.7477
95.7545
95.766
95.7695
95.7779
95.7801
95.7809
95.7815
95.7868
95.7874
95.8002
95.8025
95.8034
95.8038
95.8064
95.8114
95.8141
95.816
95.8259
95.8285
95.8303
95.8331
95.8342
95.8418
95.8434
95.845
95.8535
95.8562
95.8614
95.8616
95.8697
95.8829
95.8922
95.8924
95.9003
95.9073
95.9088
95.912
95.9132
95.9178
95.9271
95.9324
95.9346
95.9361
95.9402
95.9425
95.9431
95.9442
95.948
95.9486
95.9487
95.9597
95.9678
95.9742
95.9776
95.9807
95.9975
95.9997
96.0018
96.0018
96.0033
96.005
96.0058
96.0072
96.0179
96.0196
96.0203
96.0233
96.0237
96.0301
96.0359
96.0419
96.0463
96.0504
96.0571
96.06
96.0699
96.0733
96.0752
96.0761
96.0827
96.0898
96.0907
96.0966
96.1024
96.1026
96.1111
96.1114
96.1188
96.1228
96.1235
96.1241
96.1261
96.1305
96.1332
96.1348
96.1391
96.1475
96.1477
96.149
96.1539
96.1583
96.1607
96.1635
96.188
96.1893
96.1965
96.1971
96.1977
96.1999
96.2033
96.2045
96.213
96.2162
96.2168
96.2245
96.237
96.2408
96.2438
96.2528
96.2616
96.2618
96.2668
96.2902
96.2958
96.3081
96.3246
96.3261
96.3296
96.3329
96.3343
96.335
96.3351
96.3363
96.3368
96.3404
96.3513
96.3595
96.3652
96.3665
96.3722
96.3747
96.3778
96.3784
96.3874
96.3894
96.3934
96.3938
96.3959
96.3988
96.3995
96.3996
96.4018
96.4055
96.4061
96.4092
96.4227
96.4244
96.4274
96.4301
96.4425
96.4512
96.4519
96.4527
96.4554
96.4609
96.4627
96.4634
96.4676
96.4686
96.4789
96.4814
96.4824
96.4838
96.4868
96.4875
96.4934
96.4966
96.4979
96.4995
96.5105
96.5154
96.524
96.5242
96.5252
96.5319
96.5323
96.5324
96.5358
96.5494
96.5515
96.5587
96.5589
96.5592
96.5601
96.5633
96.5682
96.5755
96.5822
96.583
96.5866
96.5918
96.5946
96.6048
96.6123
96.6186
96.6203
96.6256
96.6259
96.626
96.6272
96.6347
96.6365
96.6375
96.6394
96.64
96.6408
96.6461
96.6534
96.6553
96.6631
96.6632
96.6634
96.6881
96.6943
96.6965
96.6971
96.6994
96.7018
96.7026
96.7145
96.7247
96.7277
96.7357
96.7358
96.7377
96.7396
96.7459
96.7463
96.7537
96.7578
96.768
96.7683
96.7683
96.7699
96.7702
96.7767
96.7979
96.814
96.8154
96.8162
96.8198
96.8229
96.8307
96.8506
96.8508
96.8514
96.8515
96.8712
96.873
96.8783
96.8784
96.9016
96.904
96.9093
96.9097
96.9291
96.9346
96.9351
96.9432
96.949
96.9538
96.972
96.9721
96.9725
96.9875
97
97.0015
97.0068
97.0148
97.0218
97.0255
97.0337
97.0432
97.0442
97.0483
97.0555
97.0597
97.063
97.0634
97.0679
97.0708
97.0783
97.0906
97.0923
97.0927
97.0929
97.0954
97.1013
97.1057
97.1064
97.1065
97.1075
97.11
97.1109
97.1116
97.115
97.1256
97.1382
97.1401
97.1469
97.1476
97.1487
97.1523
97.1547
97.1552
97.1616
97.1624
97.1642
97.1665
97.1679
97.1744
97.1835
97.1883
97.1905
97.1956
97.2066
97.2081
97.2123
97.2162
97.2213
97.2248
97.2267
97.2276
97.2276
97.2362
97.2431
97.248
97.2566
97.2603
97.2657
97.2682
97.2693
97.2701
97.2809
97.2934
97.2941
97.2943
97.2963
97.2976
97.3086
97.3088
97.31
97.313
97.3135
97.3346
97.3394
97.3472
97.3548
97.3628
97.3691
97.3714
97.373
97.3778
97.378
97.3789
97.3808
97.3811
97.383
97.3849
97.39
97.3944
97.396
97.3961
97.3961
97.3968
97.4037
97.4067
97.4075
97.4083
97.4122
97.4212
97.4214
97.4223
97.4227
97.4267
97.4285
97.4307
97.4376
97.466
97.4769
97.4903
97.4933
97.5073
97.5149
97.5231
97.5265
97.5287
97.5312
97.5331
97.5339
97.5356
97.5413
97.5504
97.5562
97.5618
97.5649
97.5654
97.5699
97.57
97.5776
97.5899
97.5995
97.6198
97.6205
97.629
97.6309
97.6406
97.6558
97.6586
97.6621
97.6621
97.6736
97.6768
97.6872
97.7021
97.7024
97.7069
97.7087
97.7169
97.7178
97.7217
97.7218
97.7258
97.7357
97.7414
97.7435
97.747
97.752
97.7635
97.7635
97.7664
97.7714
97.788
97.7884
97.7929
97.8025
97.8042
97.824
97.8243
97.839
97.8421
97.8451
97.8559
97.8747
97.8859
97.8994
97.905
97.9108
97.9109
97.9111
97.912
97.9157
97.9175
97.9198
97.925
97.9273
97.9329
97.9383
97.9525
97.954
97.9556
97.9569
97.9628
97.9646
97.9726
97.9777
97.9781
97.9878
98.0077
98.017
98.037
98.0406
98.0569
98.0646
98.0656
98.0755
98.0761
98.0827
98.0836
98.0891
98.0923
98.0966
98.1026
98.108
98.1121
98.1214
98.1291
98.1325
98.1357
98.1435
98.1486
98.1622
98.1726
98.1737
98.1744
98.1926
98.1955
98.2111
98.216
98.2165
98.2205
98.2235
98.2426
98.2486
98.2529
98.2628
98.2651
98.266
98.2707
98.2781
98.294
98.3055
98.3072
98.3159
98.3199
98.3313
98.3354
98.3456
98.3464
98.3559
98.361
98.3674
98.3863
98.3966
98.4119
98.4259
98.4302
98.4377
98.4396
98.4436
98.4463
98.4531
98.4621
98.4718
98.4723
98.4727
98.4841
98.4888
98.4958
98.5074
98.508
98.5136
98.5175
98.5207
98.5277
98.528
98.5318
98.5368
98.5407
98.5522
98.5532
98.5593
98.5739
98.5766
98.5791
98.584
98.5859
98.5866
98.5929
98.5948
98.5987
98.6014
98.6071
98.6115
98.6314
98.643
98.6623
98.6798
98.681
98.6828
98.6865
98.6903
98.7138
98.7183
98.7238
98.7257
98.7279
98.732
98.734
98.7369
98.7535
98.7638
98.7738
98.7763
98.7837
98.792
98.7983
98.7988
98.8021
98.809
98.8132
98.8237
98.8313
98.8321
98.8431
98.8446
98.8528
98.8885
98.8894
98.8899
98.8922
98.9
98.9062
98.9125
98.9132
98.9238
98.9246
98.936
98.937
98.9532
98.9626
98.9628
98.9751
98.9791
98.9794
99.0042
99.0065
99.0068
99.0163
99.018
99.0424
99.0471
99.0491
99.0568
99.0606
99.0636
99.0666
99.0676
99.0699
99.0715
99.0743
99.0805
99.1176
99.1222
99.1336
99.1352
99.1375
99.1392
99.1451
99.1671
99.1681
99.2038
99.2204
99.2259
99.2686
99.2721
99.2971
99.3106
99.3107
99.3334
99.3474
99.3663
99.3798
99.3803
99.3851
99.388
99.3944
99.4023
99.4033
99.405
99.4381
99.4439
99.4563
99.4894
99.4994
99.515
99.524
99.5266
99.5362
99.5436
99.5437
99.5456
99.5669
99.5788
99.5835
99.6032
99.608
99.623
99.6281
99.6309
99.6336
99.6386
99.6406
99.6448
99.6465
99.6554
99.6569
99.6582
99.6682
99.6693
99.671
99.684
99.699
99.711
99.7162
99.7254
99.7274
99.7337
99.7356
99.7465
99.7524
99.7594
99.7799
99.7835
99.7916
99.7958
99.8163
99.8245
99.8265
99.8295
99.8302
99.8384
99.8543
99.8657
99.8957
99.9201
99.9208
99.9237
99.9289
99.9507
99.9712
99.9972
100.032
100.033
100.036
100.059
100.07
100.071
100.091
100.093
100.1
100.114
100.128
100.129
100.138
100.143
100.153
100.176
100.177
100.2
100.229
100.248
100.268
100.284
100.303
100.308
100.31
100.312
100.319
100.333
100.341
100.353
100.356
100.387
100.41
100.435
100.463
100.481
100.485
100.488
100.493
100.5
100.524
100.53
100.56
100.571
100.594
100.596
100.602
100.641
100.65
100.654
100.668
100.677
100.679
100.685
100.726
100.736
100.746
100.762
100.794
100.802
100.816
100.822
100.835
100.844
100.845
100.852
100.853
100.861
100.893
100.903
100.903
100.921
100.939
100.941
100.949
100.954
100.982
100.987
101.047
101.06
101.071
101.074
101.079
101.082
101.098
101.106
101.132
101.14
101.157
101.165
101.218
101.22
101.258
101.275
101.286
101.291
101.301
101.306
101.306
101.311
101.337
101.353
101.389
101.402
101.42
101.433
101.435
101.485
101.526
101.529
101.555
101.57
101.576
101.589
101.601
101.619
101.646
101.657
101.699
101.821
101.828
101.859
101.862
101.873
101.879
101.915
101.933
102.019
102.068
102.08
102.087
102.088
102.102
102.127
102.138
102.155
102.164
102.199
102.232
102.24
102.248
102.253
102.254
102.286
102.346
102.368
102.372
102.378
102.39
102.394
102.399
102.407
102.434
102.451
102.455
102.463
102.476
102.49
102.506
102.516
102.517
102.54
102.576
102.605
102.623
102.649
102.669
102.687
102.708
102.763
102.792
102.808
102.824
102.848
102.859
102.869
102.895
102.917
102.922
102.938
102.968
102.99
103.001
103.005
103.04
103.058
103.099
103.108
103.109
103.113
103.14
103.141
103.168
103.177
103.199
103.228
103.251
103.264
103.278
103.326
103.332
103.38
103.395
103.397
103.402
103.402
103.443
103.456
103.464
103.477
103.481
103.522
103.535
103.538
103.553
103.554
103.556
103.578
103.596
103.611
103.628
103.636
103.642
103.685
103.725
103.809
103.823
103.876
103.89
103.913
103.921
103.925
103.937
103.966
104.008
104.018
104.094
104.118
104.145
104.174
104.177
104.192
104.207
104.226
104.227
104.259
104.279
104.314
104.319
104.328
104.34
104.358
104.36
104.367
104.381
104.389
104.4
104.424
104.444
104.466
104.475
104.499
104.506
104.559
104.57
104.599
104.632
104.643
104.681
104.849
104.87
104.938
104.99
105.025
105.039
105.119
105.196
105.22
105.24
105.297
105.312
105.323
105.328
105.368
105.387
105.397
105.475
105.486
105.492
105.53
105.586
105.602
105.64
105.729
105.778
105.783
105.814
105.959
105.989
106.026
106.049
106.07
106.11
106.161
106.222
106.259
106.27
106.283
106.303
106.331
106.351
106.437
106.441
106.468
106.477
106.478
106.52
106.546
106.556
106.569
106.636
106.637
106.644
106.653
106.706
106.769
106.812
106.854
106.962
107.029
107.117
107.153
107.158
107.167
107.19
107.223
107.251
107.269
107.318
107.324
107.346
107.35
107.356
107.399
107.401
107.461
107.499
107.621
107.717
107.808
107.839
107.932
107.961
108.047
108.077
108.077
108.111
108.124
108.322
108.343
108.354
108.369
108.375
108.417
108.44
108.459
108.579
108.694
108.79
108.798
108.884
108.892
108.937
109.012
109.019
109.052
109.139
109.318
109.332
109.42
109.477
109.496
109.537
109.555
109.569
109.593
109.625
109.667
109.675
109.678
109.74
109.746
109.775
109.831
109.883
109.904
109.925
109.995
110.042
110.084
110.103
110.146
110.149
110.18
110.24
110.387
110.41
110.57
110.601
110.632
110.673
110.848
110.879
111.082
111.095
111.102
111.105
111.127
111.199
111.2
111.221
111.24
111.354
111.362
111.386
111.407
111.477
111.602
111.655
111.709
111.799
111.853
111.887
111.954
112.018
112.069
112.15
112.227
112.352
112.45
112.459
112.49
112.596
112.61
112.687
113.147
113.308
113.38
113.527
113.595
113.709
113.766
113.867
113.893
114.024
114.049
114.099
114.135
114.25
114.277
114.334
114.371
114.438
114.752
115.001
115.047
115.07
115.219
115.291
115.336
115.628
115.72
115.769
115.868
115.877
115.903
115.918
115.981
116.085
116.121
116.18
116.37
116.432
116.499
116.533
172.717
172.879
179.707
182.161
184.634
187.712
189.217
