82.7941
83.7111
83.9574
84.2034
84.3496
84.4695
84.512
84.5913
84.5967
84.7881
84.9559
85.0485
85.1134
85.2227
85.3263
85.3432
85.4112
85.4289
85.4884
85.5462
85.5729
85.5834
85.599
85.635
85.7805
85.8315
85.855
85.9276
86.0752
86.0883
86.1473
86.2326
86.3075
86.3699
86.4606
86.4966
86.4976
86.4997
86.6441
86.6981
86.7189
86.8397
86.8576
86.9559
86.9592
86.9857
87.0549
87.1741
87.326
87.3297
87.3323
87.3866
87.4002
87.4187
87.5252
87.5934
87.6131
87.6571
87.6748
87.68
87.7535
87.9105
87.9333
87.9698
88.016
88.0215
88.0637
88.2276
88.3078
88.3497
88.3818
88.4168
88.596
88.7157
88.8846
88.886
89.0263
89.13
89.2772
89.3022
89.3461
89.4132
89.7007
89.7352
89.8417
90.0028
90.6617
90.7065
91.2339
91.9158
92.489
93.9821
94.1066
94.1322
94.3196
95.2332
95.3228
96.5179
96.5341
97.2569
98.7769
101.383
101.761
104.116
106.034
110.25
112.694
