76.8616
77.4173
77.6349
77.7264
77.7461
77.9152
78.0427
78.0953
78.1572
78.1839
78.1841
78.1989
78.2885
78.3135
78.3194
78.3238
78.3547
78.4383
78.4613
78.4636
78.5324
78.5348
78.5791
78.6349
78.6611
78.668
78.7019
78.7164
78.7187
78.7469
78.7501
78.7585
78.7597
78.7918
78.7942
78.8168
78.8247
78.8407
78.8437
78.8687
78.881
78.9057
78.9059
78.9122
78.9594
78.9776
78.9867
78.9873
78.9942
79.0234
79.0318
79.0592
79.0699
79.0782
79.0865
79.0899
79.1029
79.1338
79.1441
79.1526
79.1604
79.161
79.1654
79.1669
79.1754
79.1958
79.1977
79.2087
79.2317
79.2404
79.2452
79.2563
79.2599
79.2793
79.2964
79.2992
79.3118
79.3331
79.3681
79.3687
79.3929
79.3935
79.4071
79.425
79.4372
79.4482
79.4659
79.4667
79.4687
79.4797
79.498
79.4989
79.5018
79.5026
79.5359
79.5393
79.5435
79.5492
79.553
79.5636
79.567
79.5741
79.5751
79.5777
79.5879
79.5902
79.5971
79.6003
79.6096
79.6105
79.6219
79.6332
79.6361
79.6407
79.6562
79.6605
79.6655
79.6696
79.6746
79.6855
79.6967
79.7046
79.7055
79.7068
79.7086
79.7101
79.7328
79.739
79.7442
79.7529
79.7555
79.7562
79.7597
79.7696
79.7788
79.7822
79.7834
79.7897
79.7901
79.7957
79.8028
79.8193
79.8323
79.834
79.8397
79.8427
79.8479
79.8536
79.8552
79.859
79.8688
79.8692
79.8695
79.8733
79.8766
79.8783
79.8838
79.8856
79.9032
79.9068
79.9119
79.9148
79.9149
79.9198
79.9248
79.9251
79.9392
79.9415
79.9448
79.9575
79.9831
79.9858
79.9943
79.996
80.0076
80.0091
80.0101
80.0128
80.0134
80.0209
80.0218
80.0264
80.0344
80.038
80.0468
80.0501
80.072
80.0838
80.0903
80.092
80.0928
80.0948
80.096
80.0989
80.099
80.0993
80.1278
80.1351
80.1378
80.1497
80.1551
80.1572
80.1591
80.1681
80.1766
80.1854
80.1881
80.1898
80.1946
80.2092
80.2142
80.2158
80.2172
80.2287
80.2394
80.2425
80.2492
80.2564
80.2588
80.2627
80.2735
80.2763
80.2784
80.2808
80.2898
80.2912
80.3063
80.3278
80.3281
80.3299
80.3389
80.348
80.3487
80.3654
80.3662
80.3662
80.3716
80.3723
80.3825
80.3853
80.396
80.3961
80.4056
80.4209
80.4228
80.4291
80.4357
80.436
80.4451
80.4545
80.4563
80.4989
80.5243
80.5309
80.5435
80.5508
80.5539
80.5628
80.5653
80.5813
80.5875
80.5889
80.5897
80.5969
80.597
80.601
80.6111
80.6116
80.6117
80.6129
80.6195
80.6205
80.6226
80.6235
80.6246
80.6279
80.6332
80.6338
80.634
80.6383
80.6482
80.6507
80.6535
80.6553
80.6585
80.6594
80.6757
80.6777
80.6803
80.6829
80.6843
80.6851
80.6858
80.6974
80.6999
80.7003
80.7014
80.7071
80.7204
80.7205
80.7228
80.7241
80.7293
80.7318
80.749
80.7514
80.7532
80.7597
80.7609
80.7701
80.7709
80.7797
80.7822
80.808
80.8151
80.8152
80.8166
80.8167
80.8245
80.832
80.8417
80.8455
80.847
80.8499
80.856
80.8567
80.8576
80.8662
80.8667
80.8681
80.8682
80.8705
80.8713
80.8714
80.8731
80.8764
80.8769
80.8788
80.8803
80.8805
80.8907
80.8957
80.9012
80.9019
80.9063
80.9188
80.9218
80.9318
80.9469
80.948
80.9553
80.9643
80.9657
80.9658
80.9727
80.9816
80.9824
80.9847
80.9904
80.9982
81.0062
81.0099
81.012
81.0121
81.0153
81.0165
81.0186
81.0232
81.0233
81.0259
81.0281
81.0282
81.0341
81.0368
81.0413
81.0448
81.0568
81.0619
81.0646
81.0665
81.0697
81.0715
81.0831
81.0841
81.0998
81.101
81.1058
81.116
81.1257
81.1346
81.1356
81.1416
81.1429
81.1463
81.1498
81.1569
81.1611
81.1622
81.1645
81.1656
81.1697
81.1699
81.1754
81.1803
81.1804
81.1832
81.1892
81.1917
81.1999
81.2127
81.2164
81.2189
81.22
81.225
81.2293
81.232
81.2374
81.2392
81.2432
81.2448
81.245
81.2462
81.2616
81.2693
81.2722
81.2778
81.2789
81.2789
81.2842
81.2857
81.2876
81.2893
81.2903
81.2949
81.2972
81.2994
81.3064
81.31
81.3144
81.3249
81.3255
81.3283
81.3334
81.3414
81.3419
81.3423
81.3436
81.3479
81.3515
81.3542
81.3607
81.3772
81.3785
81.3799
81.3881
81.3923
81.394
81.4011
81.4522
81.4528
81.4532
81.4623
81.466
81.4692
81.4711
81.4796
81.4807
81.4846
81.4888
81.4906
81.4937
81.4987
81.5069
81.5199
81.5213
81.5307
81.5309
81.5321
81.5381
81.549
81.5497
81.5518
81.5605
81.5607
81.5615
81.5615
81.5693
81.5697
81.5711
81.5823
81.5828
81.5846
81.5848
81.5863
81.5874
81.5895
81.5954
81.5956
81.6052
81.6068
81.613
81.6198
81.6348
81.6368
81.6439
81.6491
81.6505
81.6629
81.6673
81.6687
81.6793
81.682
81.6824
81.6863
81.69
81.6927
81.6974
81.7013
81.7066
81.7108
81.7113
81.7244
81.7404
81.7422
81.7459
81.752
81.7578
81.7646
81.7725
81.7726
81.7759
81.7771
81.7798
81.7803
81.7821
81.7825
81.7866
81.7871
81.788
81.7886
81.7888
81.79
81.7915
81.7989
81.8013
81.8014
81.8025
81.8178
81.8266
81.8298
81.8321
81.8379
81.8453
81.8531
81.8612
81.8667
81.867
81.8703
81.8733
81.8792
81.8797
81.8818
81.8834
81.8877
81.8933
81.8936
81.8969
81.8983
81.8984
81.9059
81.9074
81.9187
81.9215
81.9218
81.9222
81.9295
81.9299
81.9348
81.9356
81.947
81.9545
81.9545
81.9588
81.9594
81.9623
81.9685
81.971
81.9785
81.9835
81.9847
81.9944
82.0139
82.022
82.0328
82.0419
82.0445
82.0456
82.0466
82.0476
82.0477
82.0478
82.0518
82.0661
82.0665
82.0694
82.0697
82.0699
82.0777
82.0868
82.0908
82.0954
82.0961
82.0989
82.1011
82.1025
82.1118
82.1373
82.1392
82.1492
82.1496
82.1677
82.1683
82.176
82.1771
82.1794
82.1797
82.1801
82.1884
82.1916
82.1925
82.2006
82.2171
82.2239
82.2391
82.2453
82.2533
82.2618
82.2723
82.2824
82.2867
82.2971
82.3014
82.3019
82.3143
82.3236
82.3252
82.3314
82.3389
82.3442
82.346
82.3492
82.3519
82.3523
82.3594
82.3649
82.3698
82.3769
82.3795
82.3888
82.4035
82.4089
82.4144
82.4264
82.4285
82.4313
82.4372
82.4406
82.4407
82.4425
82.4524
82.455
82.462
82.4642
82.4665
82.4733
82.479
82.4799
82.4866
82.4916
82.5033
82.508
82.5083
82.5135
82.5244
82.5259
82.5267
82.5299
82.5342
82.5472
82.5484
82.5541
82.5583
82.5593
82.5594
82.5599
82.5617
82.5627
82.5635
82.5735
82.5784
82.5793
82.5824
82.5952
82.6007
82.6071
82.6096
82.6167
82.6207
82.6264
82.6425
82.6436
82.653
82.6544
82.6552
82.6769
82.6818
82.6847
82.692
82.6985
82.7003
82.7035
82.7048
82.7081
82.7131
82.7152
82.7164
82.718
82.729
82.7392
82.7439
82.7527
82.7563
82.7707
82.7769
82.7778
82.795
82.7954
82.8133
82.8249
82.8271
82.8305
82.8377
82.8398
82.8401
82.8443
82.8452
82.8496
82.8576
82.8594
82.8634
82.8767
82.8795
82.8838
82.8929
82.9103
82.9143
82.9288
82.9436
82.9513
82.9594
82.9689
82.9695
82.9717
82.9725
82.983
82.9962
83.0017
83.0031
83.0123
83.0157
83.0204
83.0238
83.0248
83.0248
83.0265
83.0287
83.029
83.0308
83.0407
83.0443
83.0474
83.055
83.0558
83.0564
83.0572
83.0657
83.0688
83.0722
83.088
83.0891
83.0931
83.1015
83.1072
83.1096
83.1119
83.1175
83.1253
83.1264
83.1308
83.1351
83.1426
83.1459
83.1513
83.1573
83.1581
83.1594
83.1604
83.1625
83.1695
83.1776
83.1809
83.1877
83.194
83.1963
83.2079
83.2084
83.2218
83.2314
83.2362
83.2464
83.2468
83.2605
83.2613
83.2624
83.2698
83.2702
83.2748
83.312
83.3166
83.3174
83.3315
83.3433
83.357
83.3608
83.3611
83.3757
83.3793
83.39
83.3944
83.4143
83.4149
83.4168
83.4353
83.4396
83.4507
83.4591
83.4656
83.4833
83.4849
83.4919
83.4987
83.4991
83.5007
83.503
83.5208
83.5318
83.5474
83.5583
83.5593
83.569
83.5813
83.5892
83.591
83.5913
83.6018
83.6151
83.6373
83.6639
83.6658
83.6905
83.6982
83.7013
83.7025
83.7059
83.7074
83.7187
83.725
83.7251
83.7274
83.7283
83.7321
83.7321
83.7495
83.7582
83.7708
83.7712
83.7742
83.7819
83.7905
83.7908
83.7958
83.8058
83.8126
83.8184
83.8195
83.8197
83.82
83.8211
83.8217
83.8439
83.8521
83.8552
83.8618
83.8623
83.8726
83.873
83.8759
83.8825
83.9012
83.9081
83.9222
83.9322
83.9335
83.9366
83.9377
83.9482
83.9531
83.9604
83.9608
83.966
83.9666
83.9831
83.994
84.0163
84.0379
84.0446
84.0452
84.0557
84.0678
84.0808
84.084
84.086
84.0973
84.1007
84.1088
84.1194
84.1206
84.1369
84.1372
84.1388
84.1494
84.1734
84.1875
84.2027
84.2046
84.2172
84.2395
84.2662
84.278
84.3256
84.3286
84.3314
84.3364
84.3369
84.3434
84.3571
84.3617
84.365
84.3717
84.3745
84.3771
84.3837
84.3856
84.3912
84.4006
84.4017
84.4208
84.4337
84.4434
84.4437
84.4461
84.4469
84.4518
84.4546
84.465
84.4652
84.4676
84.4694
84.479
84.4797
84.4936
84.5337
84.5382
84.5555
84.5633
84.59
84.5947
84.5986
84.6319
84.6329
84.6437
84.6463
84.6699
84.6879
84.6883
84.6895
84.7037
84.7075
84.7142
84.7267
84.7273
84.741
84.7493
84.7691
84.7791
84.7865
84.7895
84.7897
84.8017
84.8127
84.8144
84.835
84.8475
84.8509
84.8654
84.8672
84.8735
84.8792
84.8959
84.9155
84.9193
84.9307
84.943
84.9458
84.9458
84.96
84.9638
84.9694
84.98
85.0284
85.0331
85.0387
85.0414
85.0436
85.0498
85.0538
85.0586
85.073
85.0794
85.0996
85.103
85.1234
85.1253
85.1296
85.1353
85.1356
85.1383
85.14
85.144
85.1635
85.1688
85.2198
85.2216
85.2432
85.2493
85.2761
85.2792
85.2806
85.2995
85.3079
85.314
85.3183
85.3243
85.3383
85.365
85.383
85.3862
85.4298
85.4359
85.4408
85.4447
85.4472
85.4491
85.4527
85.4618
85.4647
85.4702
85.4794
85.4951
85.5276
85.5291
85.5313
85.5446
85.549
85.5662
85.5754
85.5881
85.5954
85.6155
85.618
85.6461
85.6922
85.6937
85.7211
85.7333
85.7459
85.7591
85.7609
85.7722
85.7864
85.8155
85.8167
85.8171
85.8338
85.8369
85.8441
85.8535
85.8551
85.8566
85.8609
85.8864
85.8876
85.9014
85.9177
85.9238
85.9268
85.9426
85.9787
85.9866
86.0116
86.0272
86.0529
86.0629
86.1035
86.104
86.1172
86.1971
86.2556
86.2716
86.2936
86.3258
86.3531
86.3696
86.3701
86.3915
86.4066
86.4104
86.4217
86.4337
86.45
86.4543
86.4593
86.4762
86.4903
86.4954
86.5082
86.516
86.529
86.5371
86.5807
86.6051
86.6063
86.6192
86.6762
86.6807
86.6869
86.7073
86.742
86.7476
86.75
86.7601
86.7666
86.7724
86.7806
86.8152
86.8384
86.848
86.8501
86.8725
86.882
86.8974
86.9005
86.9214
86.9261
86.9266
86.9271
86.9658
87.0288
87.0581
87.059
87.1532
87.1592
87.2807
87.2833
87.3026
87.3173
87.3191
87.4358
87.4449
87.4482
87.4577
87.4733
87.4849
87.4975
87.5042
87.5803
87.583
87.5955
87.6029
87.6477
87.6588
87.6652
87.6823
87.689
87.7094
87.7389
87.7461
87.797
87.8349
87.8458
87.8553
87.8803
87.891
87.8949
87.8974
87.9403
87.9968
88.0004
88.0866
88.1388
88.2097
88.273
88.3031
88.3164
88.3609
88.367
88.3696
88.3913
88.5687
88.6126
88.6262
88.6632
88.7334
88.7514
88.7666
88.7976
88.8325
88.873
89.0038
89.0042
89.0088
89.0403
89.1581
89.1678
89.2174
89.2798
89.2798
89.2864
89.3293
89.4238
89.4623
89.4634
89.4639
89.4665
89.4777
89.5013
89.5973
89.6733
89.7468
89.7856
89.7886
89.8204
89.8494
90.0329
90.0699
90.1158
90.1573
90.1776
90.1985
90.2005
90.2107
90.2538
90.3467
90.3652
90.3833
90.4039
90.4213
90.4225
90.4992
90.53
90.5416
90.5784
90.6493
90.832
90.8568
90.9766
91.0775
91.0879
91.1859
91.1914
91.282
91.3164
91.4584
91.4657
91.5354
91.5932
91.6069
91.6158
91.7512
91.7945
91.8211
91.8765
91.9565
91.9832
92.0048
92.0866
92.1218
92.1573
92.2535
92.2677
92.2897
92.3872
92.5977
92.5981
92.782
92.8326
92.8386
93.0536
93.2823
93.4121
93.4421
93.6586
93.6775
93.7357
93.7668
93.9012
93.9428
93.9752
94.0007
94.0624
94.0819
94.2033
94.2692
94.6266
94.6688
94.7641
94.7915
94.8279
94.9171
95.1454
95.7072
95.7343
95.7853
95.8324
95.9686
96.0319
96.3261
96.3567
96.4863
96.5638
96.759
96.7675
96.7844
96.8608
96.917
96.9786
97.0264
97.3953
97.5127
97.5206
97.6728
97.743
97.7456
97.8263
97.9698
97.9904
98.2547
98.3581
98.8387
98.9106
99.0565
99.8591
100.091
100.242
100.462
100.497
100.596
100.858
101.024
101.232
101.245
101.299
101.412
101.439
102.143
102.223
102.303
102.397
102.69
103.305
103.334
103.789
104.184
104.336
105.369
105.676
105.911
105.942
105.984
106.512
106.76
188.004
199.622
