86.2986
86.4659
86.516
86.6855
86.7259
86.7628
86.7702
86.7858
86.7884
86.8348
86.851
86.8895
86.8916
86.9446
87.085
87.1673
87.1714
87.1831
87.2069
87.2142
87.2363
87.2428
87.2881
87.2912
87.3031
87.3152
87.3152
87.3929
87.3935
87.426
87.4395
87.4436
87.4477
87.4478
87.4756
87.4805
87.4969
87.5046
87.5298
87.5358
87.5563
87.5617
87.616
87.6165
87.6177
87.6232
87.6428
87.6555
87.6715
87.6729
87.6878
87.695
87.7135
87.7376
87.7621
87.7663
87.773
87.7767
87.7892
87.8034
87.8179
87.838
87.8709
87.9059
87.9116
87.9141
87.9226
87.9398
87.9454
87.9571
87.9593
87.9603
87.9702
87.9781
88.0107
88.0138
88.0193
88.0291
88.0452
88.0455
88.0468
88.0614
88.0661
88.0706
88.0757
88.0845
88.0884
88.1026
88.1071
88.1314
88.1403
88.1458
88.1849
88.1887
88.2282
88.2286
88.2322
88.2454
88.2527
88.2741
88.2743
88.2864
88.2901
88.2911
88.3056
88.3149
88.3216
88.3454
88.3559
88.3669
88.3732
88.3799
88.3816
88.4016
88.4155
88.4168
88.4244
88.4325
88.434
88.4376
88.4403
88.4421
88.4444
88.4451
88.4508
88.451
88.4514
88.4514
88.4642
88.4668
88.4775
88.4785
88.4796
88.4849
88.4936
88.5029
88.5089
88.515
88.5294
88.5321
88.5427
88.5481
88.5517
88.552
88.5573
88.5586
88.5717
88.5776
88.5878
88.5912
88.5922
88.5976
88.5994
88.6015
88.6062
88.6403
88.6445
88.6472
88.6548
88.6729
88.6803
88.6814
88.6871
88.6926
88.7036
88.7055
88.7064
88.7216
88.7231
88.7232
88.7328
88.7332
88.7386
88.7422
88.7446
88.7456
88.7496
88.752
88.7587
88.7631
88.7689
88.7721
88.7726
88.7734
88.7799
88.7916
88.7948
88.7956
88.8009
88.804
88.8208
88.8285
88.8317
88.8354
88.8373
88.8426
88.8551
88.8583
88.8616
88.8633
88.8655
88.8655
88.8898
88.9001
88.9006
88.9007
88.9023
88.9072
88.9085
88.9138
88.9234
88.9246
88.9334
88.9521
88.9583
88.9586
88.9754
88.9798
89.0018
89.0037
89.0043
89.0218
89.0224
89.024
89.0241
89.027
89.0518
89.0586
89.064
89.0794
89.081
89.0863
89.0959
89.0989
89.1014
89.1101
89.1146
89.1335
89.1343
89.1411
89.1423
89.1575
89.1619
89.167
89.1714
89.1725
89.1727
89.1809
89.1867
89.1908
89.1994
89.2037
89.2156
89.2172
89.22
89.2205
89.2316
89.2323
89.248
89.2521
89.2545
89.2577
89.2583
89.2593
89.26
89.2638
89.2663
89.2738
89.2795
89.2819
89.2862
89.29
89.2959
89.2984
89.3082
89.3171
89.3196
89.3235
89.3258
89.3275
89.3305
89.3306
89.3376
89.3398
89.3477
89.3509
89.3539
89.354
89.3558
89.3643
89.3734
89.3855
89.3861
89.3881
89.3884
89.4004
89.4014
89.4019
89.4039
89.4054
89.4085
89.4181
89.4324
89.4332
89.4429
89.4474
89.4531
89.4541
89.457
89.4578
89.4693
89.4853
89.4855
89.4889
89.4914
89.4945
89.5113
89.5138
89.5212
89.5234
89.5249
89.5299
89.5328
89.5442
89.5519
89.554
89.5573
89.563
89.5658
89.5707
89.5713
89.5721
89.5723
89.5765
89.5767
89.5777
89.5879
89.5931
89.6029
89.6123
89.6171
89.6221
89.6249
89.6251
89.6284
89.6309
89.6313
89.6375
89.6468
89.6486
89.6491
89.6547
89.6626
89.6681
89.6708
89.6794
89.6812
89.6863
89.6906
89.699
89.6994
89.7004
89.7038
89.7072
89.7081
89.7133
89.7229
89.7326
89.7336
89.7339
89.7365
89.7405
89.7441
89.747
89.7519
89.7541
89.7657
89.7663
89.767
89.7715
89.7804
89.7859
89.788
89.7894
89.7902
89.7902
89.7913
89.7928
89.7932
89.7997
89.8009
89.8061
89.8099
89.8158
89.8207
89.8321
89.8477
89.851
89.8583
89.8667
89.8701
89.8703
89.8754
89.8767
89.8778
89.8879
89.8905
89.8907
89.891
89.8912
89.8947
89.8956
89.8971
89.9049
89.9055
89.909
89.9183
89.9228
89.9252
89.9361
89.9535
89.9573
89.9579
89.9597
89.9777
89.9789
89.9801
89.9812
90.0038
90.0084
90.0169
90.0196
90.0198
90.044
90.044
90.045
90.0492
90.0525
90.0544
90.0603
90.0675
90.0684
90.0853
90.096
90.0987
90.1005
90.1005
90.1067
90.1353
90.1364
90.1438
90.1512
90.1521
90.1574
90.1648
90.1659
90.1849
90.1911
90.2021
90.2057
90.2278
90.2315
90.2511
90.2514
90.2538
90.2606
90.2655
90.2677
90.2737
90.2765
90.281
90.2811
90.2891
90.2906
90.2918
90.2935
90.302
90.3037
90.3056
90.3115
90.3155
90.316
90.3175
90.3247
90.3281
90.3284
90.3324
90.3389
90.3421
90.3462
90.3541
90.355
90.3624
90.372
90.3802
90.3832
90.3845
90.3875
90.395
90.3981
90.4016
90.402
90.4028
90.4079
90.4198
90.423
90.4234
90.4234
90.4246
90.425
90.4269
90.4325
90.4515
90.4589
90.4638
90.4656
90.4656
90.4674
90.4677
90.4681
90.4698
90.4762
90.4776
90.4782
90.4837
90.4936
90.4987
90.5092
90.5104
90.5109
90.5149
90.5172
90.5193
90.523
90.523
90.5288
90.538
90.5386
90.5456
90.5502
90.5552
90.5559
90.5772
90.5783
90.5834
90.5841
90.5888
90.589
90.5926
90.5937
90.6087
90.6093
90.6104
90.6167
90.6214
90.6286
90.6317
90.649
90.6519
90.6524
90.6537
90.6541
90.6556
90.6613
90.6615
90.6657
90.669
90.671
90.6719
90.6753
90.6773
90.6845
90.6869
90.6904
90.6953
90.7064
90.71
90.7161
90.72
90.7213
90.7231
90.725
90.7416
90.7501
90.7501
90.7722
90.7727
90.7763
90.7887
90.7955
90.7962
90.8178
90.8259
90.8276
90.8373
90.8541
90.8552
90.8552
90.8639
90.8702
90.8741
90.8952
90.8964
90.9041
90.9086
90.9259
90.9389
90.9532
90.9696
90.9728
90.9809
90.9821
90.9892
90.9947
90.9967
90.9986
91.0072
91.012
91.0312
91.032
91.0326
91.0327
91.0336
91.0429
91.0456
91.0462
91.0528
91.0795
91.081
91.082
91.0844
91.0956
91.1024
91.105
91.1061
91.1129
91.1184
91.125
91.1257
91.1482
91.1578
91.1642
91.1747
91.1759
91.1764
91.1788
91.18
91.1851
91.1919
91.2034
91.2057
91.2128
91.2168
91.2361
91.2432
91.2449
91.2452
91.2562
91.2593
91.2676
91.2696
91.2706
91.2717
91.2804
91.2806
91.2902
91.3079
91.3079
91.3127
91.3158
91.3171
91.3256
91.3358
91.3361
91.3426
91.3473
91.3591
91.3811
91.3991
91.3995
91.4068
91.4127
91.4211
91.4245
91.4306
91.4391
91.4403
91.4537
91.4578
91.4691
91.4721
91.4764
91.4816
91.4883
91.4945
91.5095
91.5179
91.5282
91.5399
91.5565
91.559
91.5634
91.5687
91.5709
91.5722
91.5839
91.5887
91.6288
91.635
91.644
91.6442
91.6448
91.652
91.6535
91.6555
91.6756
91.6792
91.6819
91.6958
91.711
91.724
91.7264
91.7378
91.7429
91.7439
91.7509
91.7522
91.7652
91.7656
91.7663
91.7835
91.7938
91.7973
91.7979
91.8077
91.8112
91.8115
91.815
91.8211
91.8275
91.8287
91.8395
91.8463
91.8473
91.8617
91.8649
91.8702
91.8826
91.8865
91.89
91.8957
91.9006
91.9068
91.9107
91.9237
91.9327
91.9331
91.9382
91.9464
91.9502
91.9834
91.9948
91.9951
92.002
92.0205
92.034
92.04
92.049
92.0499
92.0527
92.0672
92.0917
92.0972
92.1027
92.1204
92.1227
92.1412
92.1426
92.1444
92.1729
92.1934
92.1944
92.201
92.2181
92.2185
92.2264
92.227
92.2317
92.2415
92.2419
92.2461
92.252
92.2528
92.269
92.278
92.2917
92.2991
92.3224
92.3267
92.3523
92.3538
92.3562
92.3609
92.3666
92.3667
92.368
92.3818
92.3885
92.3919
92.4095
92.411
92.414
92.4148
92.4173
92.4214
92.4239
92.4265
92.4281
92.4328
92.442
92.4453
92.4546
92.4656
92.4661
92.4874
92.489
92.4975
92.4995
92.5122
92.5442
92.5487
92.5491
92.5611
92.5687
92.5716
92.5717
92.5777
92.5859
92.5875
92.5882
92.5996
92.6044
92.6089
92.6106
92.6302
92.6392
92.6498
92.6515
92.6558
92.669
92.6816
92.6918
92.6936
92.745
92.7642
92.7733
92.7809
92.7813
92.7921
92.8024
92.8107
92.831
92.839
92.8611
92.8642
92.866
92.8709
92.8776
92.883
92.8834
92.8879
92.8885
92.8955
92.8968
92.904
92.9057
92.92
92.9297
92.9442
92.9601
92.9773
92.9829
92.9892
93.0001
93.0026
93.0078
93.0079
93.0122
93.0209
93.0264
93.0335
93.0537
93.0691
93.0701
93.0703
93.0742
93.093
93.1109
93.112
93.114
93.1242
93.1296
93.1311
93.1378
93.1411
93.1562
93.1624
93.172
93.2018
93.214
93.2195
93.2684
93.2686
93.2779
93.3074
93.3155
93.325
93.3327
93.3421
93.3544
93.3674
93.3818
93.3979
93.4046
93.4109
93.4386
93.4405
93.4526
93.4625
93.4708
93.501
93.5031
93.5457
93.5522
93.5777
93.6038
93.6063
93.6327
93.6344
93.6361
93.6732
93.6856
93.6938
93.7016
93.7038
93.7048
93.7108
93.716
93.7183
93.7303
93.7321
93.7429
93.754
93.7569
93.7645
93.8156
93.827
93.8327
93.8556
93.8756
93.8911
93.8995
93.9072
93.9081
93.9275
93.9386
93.9395
93.9541
93.9622
93.9747
93.9828
93.9955
93.9996
94.0126
94.0418
94.0691
94.0861
94.0903
94.0932
94.1086
94.1117
94.113
94.1373
94.1392
94.1453
94.1516
94.1892
94.1956
94.2336
94.2447
94.2697
94.3047
94.3362
94.3541
94.3649
94.3705
94.4033
94.4105
94.4526
94.4571
94.4631
94.4695
94.4763
94.4842
94.4876
94.5248
94.5619
94.5625
94.6179
94.6202
94.6292
94.6531
94.6986
94.7083
94.7386
94.7479
94.7633
94.7749
94.8196
94.8223
94.8255
94.8402
94.8509
94.8803
94.9146
94.9185
94.9204
94.9218
94.9245
94.9457
94.9701
94.9819
95.0675
95.0709
95.0923
95.1502
95.1661
95.1827
95.1999
95.2237
95.2356
95.2379
95.2444
95.2465
95.2677
95.2864
95.2886
95.2979
95.3074
95.311
95.3227
95.323
95.3492
95.395
95.4291
95.459
95.4916
95.5143
95.5178
95.5249
95.5269
95.54
95.54
95.5428
95.5656
95.5995
95.6674
95.6724
95.7019
95.7099
95.7205
95.7268
95.7372
95.7548
95.7624
95.8095
95.8131
95.8148
95.8209
95.8338
95.8932
95.8976
95.9054
95.9528
95.9915
95.9954
96.0139
96.0175
96.0313
96.0461
96.0972
96.1314
96.2231
96.2528
96.2829
96.2924
96.2934
96.3126
96.3501
96.3676
96.4246
96.4375
96.4471
96.4491
96.4515
96.4541
96.4899
96.4947
96.5556
96.5583
96.5906
96.5951
96.6671
96.6797
96.7002
96.7042
96.7266
96.7885
96.8326
96.8526
96.8607
96.9451
96.9739
96.9761
96.9762
97.0366
97.0984
97.1401
97.1674
97.1842
97.1997
97.2524
97.2645
97.2928
97.3302
97.3489
97.3534
97.3832
97.4191
97.4521
97.5535
97.568
97.6186
97.667
97.6808
97.7063
97.7065
97.7791
97.8646
97.9672
98.0048
98.0086
98.036
98.1195
98.1555
98.2178
98.2581
98.2918
98.2994
98.3129
98.3698
98.4956
98.5807
98.8243
98.8621
98.9112
98.9544
98.9556
98.9858
98.9993
99.0465
99.1132
99.2593
99.3329
99.3502
99.355
99.5853
99.6817
99.7183
99.7255
99.7981
99.8876
99.9431
99.9663
100.023
100.341
100.611
100.65
100.698
100.701
100.714
100.752
100.824
100.826
100.829
100.916
100.965
101.065
101.09
101.118
101.162
101.241
101.305
101.346
101.416
101.424
101.462
101.463
101.535
101.64
101.657
101.742
101.794
102.183
102.315
102.366
102.377
102.577
102.652
102.671
102.972
103.033
103.184
103.225
103.282
103.369
103.693
103.697
103.905
103.96
104.133
104.185
104.245
104.318
104.33
104.468
104.525
104.78
104.892
105.032
105.183
105.25
105.385
105.413
105.583
105.616
105.746
106.053
106.477
106.68
106.739
106.886
106.945
107.251
107.398
107.566
107.733
109.185
109.74
109.939
110.897
111.242
113.993
114.106
114.553
