91.1812
91.3255
91.396
91.5278
91.796
91.8223
91.8541
91.8819
91.9224
91.9581
92.1972
92.2417
92.3349
92.3444
92.3541
92.4153
92.4281
92.5043
92.5118
92.5733
92.577
92.6107
92.669
92.6701
92.6961
92.7162
92.7639
92.7895
92.8041
92.8241
92.9089
92.9394
92.9552
92.9624
92.9755
93.0154
93.0235
93.0252
93.0286
93.0744
93.1015
93.156
93.1857
93.1961
93.2038
93.2086
93.2351
93.3264
93.3357
93.3392
93.3881
93.3899
93.3999
93.4258
93.4277
93.4678
93.4679
93.4907
93.4934
93.5229
93.5413
93.5595
93.5762
93.5855
93.593
93.6284
93.6348
93.6399
93.6596
93.6619
93.662
93.7098
93.7107
93.7241
93.7268
93.7308
93.744
93.7708
93.7758
93.7826
93.7895
93.8063
93.8128
93.8338
93.8365
93.8684
93.8852
93.8859
93.9339
93.9343
93.9347
93.9424
93.9611
94.0057
94.0077
94.0284
94.0322
94.0465
94.0509
94.0732
94.081
94.0839
94.0951
94.1106
94.1328
94.1357
94.136
94.1444
94.1562
94.1819
94.1853
94.2224
94.2352
94.2372
94.2822
94.2852
94.2934
94.296
94.3104
94.3251
94.3431
94.347
94.3554
94.3575
94.3945
94.3985
94.4007
94.4127
94.4239
94.4263
94.4307
94.4578
94.4697
94.4734
94.4946
94.501
94.5128
94.5448
94.5507
94.5557
94.5742
94.5758
94.5826
94.5833
94.5856
94.6077
94.6137
94.6167
94.6257
94.626
94.6312
94.6469
94.6477
94.6677
94.6868
94.6988
94.714
94.732
94.7412
94.7783
94.7877
94.7953
94.8158
94.8519
94.8548
94.8552
94.8775
94.8938
94.9036
94.9155
94.9306
94.9551
94.9621
94.9811
94.9852
95.0121
95.0248
95.0257
95.0288
95.0376
95.0819
95.0837
95.0965
95.1049
95.1131
95.1193
95.1442
95.1464
95.2042
95.2068
95.219
95.2319
95.2497
95.2713
95.3201
95.3348
95.3485
95.3751
95.3793
95.3989
95.4282
95.4282
95.4423
95.4514
95.4613
95.4628
95.4722
95.4818
95.4821
95.4858
95.4878
95.4979
95.5165
95.5169
95.5185
95.5212
95.527
95.5696
95.5764
95.5923
95.6033
95.6429
95.6483
95.6536
95.6778
95.6793
95.6846
95.6906
95.738
95.7397
95.7423
95.7647
95.7858
95.788
95.7909
95.8067
95.8274
95.8504
95.8667
95.8852
95.9111
95.921
95.929
95.9466
95.9592
95.9596
95.9649
95.9742
95.9768
95.9875
95.9879
95.9984
96.0147
96.0363
96.0587
96.0716
96.0747
96.0764
96.1606
96.1658
96.1666
96.1869
96.1871
96.2054
96.2166
96.2207
96.2217
96.2374
96.2548
96.2574
96.2742
96.2756
96.2784
96.2917
96.2948
96.2989
96.3334
96.3574
96.3656
96.3707
96.3859
96.3859
96.3941
96.4138
96.4253
96.4287
96.4305
96.4346
96.4387
96.4589
96.4618
96.4687
96.5253
96.5313
96.5334
96.5349
96.5475
96.5514
96.5543
96.5575
96.562
96.5898
96.616
96.616
96.6173
96.6714
96.6877
96.717
96.7245
96.7348
96.7782
96.7971
96.8457
96.8489
96.8578
96.8896
96.8952
96.9118
96.9328
97.0131
97.0392
97.0609
97.0706
97.0736
97.1061
97.1095
97.1127
97.1159
97.1389
97.2198
97.2311
97.2609
97.3835
97.435
97.4401
97.451
97.5314
97.5656
97.5858
97.6747
97.703
97.7076
97.7267
97.7318
97.7523
97.7638
97.7681
97.7724
97.7887
97.7993
97.8407
97.8429
97.8612
97.8644
97.8773
97.9229
97.9246
97.9256
97.9316
97.9617
97.9823
97.991
98.0056
98.0062
98.044
98.0616
98.0907
98.1846
98.1915
98.1991
98.216
98.3138
98.3195
98.5398
98.5409
98.5731
98.6412
98.6671
98.6682
98.6759
98.6883
98.7082
98.7193
98.7463
98.7513
98.7878
98.7988
98.9103
98.9415
98.9431
98.9509
98.9601
99.0598
99.0924
99.1996
99.2272
99.2383
99.2935
99.396
99.4141
99.4175
99.4278
99.4286
99.43
99.6388
99.655
99.6895
99.723
99.7287
99.7387
99.8232
99.8469
99.8551
99.8642
99.8933
99.8939
99.9002
99.935
99.9422
99.998
100.06
100.062
100.07
100.089
100.186
100.192
100.327
100.406
100.546
100.557
100.567
100.581
100.628
100.72
100.827
100.851
100.917
100.949
101.083
101.28
101.287
101.296
101.3
101.309
101.337
101.506
101.824
101.949
102.052
102.057
102.065
102.092
102.105
102.213
102.218
102.229
102.422
102.625
102.659
102.921
103.13
103.406
103.475
103.53
103.876
104.229
104.312
104.425
104.483
104.486
104.742
105.116
105.156
105.311
105.403
105.635
105.827
106.035
106.243
106.325
106.422
106.683
106.919
107.02
107.119
107.641
108.514
108.724
108.93
109.044
109.618
110.98
111.041
111.314
111.322
111.527
111.785
111.956
111.98
112.531
113.209
113.476
115.115
115.358
115.46
116.511
116.538
116.816
117.187
117.262
119.018
120.083
