88.6793
89.1348
89.4027
89.7904
89.9808
90.0049
90.0171
90.1065
90.1367
90.2021
90.3303
90.3309
90.3624
90.3777
90.3814
90.4914
90.5335
90.5886
90.6971
90.8389
90.8881
90.9716
91.2485
91.2789
91.2923
91.3784
91.4527
91.5182
91.5341
91.5362
91.5794
91.5869
91.5958
91.627
91.6395
91.7921
91.8148
91.8481
91.9196
91.9439
92.128
92.1632
92.201
92.3686
92.3782
92.5687
92.595
92.6663
92.7568
92.8128
92.9173
92.9432
92.9457
92.9908
93.0327
93.0416
93.0619
93.1479
93.1805
93.2315
93.2643
93.3457
93.4745
93.5519
93.5797
93.6879
93.7051
93.7185
93.8696
93.8753
93.8886
93.8937
93.8991
93.9071
93.9754
94.0056
94.0386
94.0845
94.106
94.1154
94.2017
94.3073
94.3467
94.3468
94.3789
94.3832
94.3981
94.464
94.5045
94.5895
94.6242
94.7262
94.7568
94.7577
94.7686
94.79
94.8019
94.8159
94.8878
94.9289
95.0384
95.0846
95.2096
95.3283
95.3691
95.4184
95.5015
95.6632
95.7154
95.7877
95.9056
96.0302
96.0581
96.1403
96.222
96.3183
96.3934
96.4208
96.7647
96.9255
97.1874
97.3619
97.4268
97.7203
97.971
98.197
98.3394
98.5353
98.7001
98.8518
98.8994
99.0863
99.2642
99.5084
99.8548
99.9804
100.343
100.363
100.493
100.967
101.036
101.647
101.69
102.374
102.922
102.986
103.208
103.215
104.133
104.505
104.67
109.609
109.946
111.428
112.133
117.073
