86.625
86.6469
86.9121
86.9598
86.9921
87.064
87.1878
87.3122
87.4922
87.5397
87.5813
87.5835
87.7193
87.7551
87.7619
87.8582
87.8655
87.9851
88.0192
88.0589
88.1296
88.1714
88.2308
88.2405
88.2467
88.2521
88.2827
88.2869
88.3202
88.4585
88.5128
88.5506
88.5611
88.6485
88.7636
88.8488
88.8548
88.8711
88.9714
89.1008
89.1058
89.1274
89.1544
89.1859
89.218
89.2444
89.2456
89.2875
89.4141
89.431
89.4352
89.5199
89.5356
89.5732
89.5803
89.5821
89.5872
89.6099
89.6137
89.6298
89.642
89.6613
89.7125
89.7592
89.8997
89.9501
90.0135
90.0172
90.0385
90.0447
90.0891
90.1572
90.187
90.2984
90.3232
90.3795
90.3927
90.4291
90.6193
90.6325
90.667
90.6934
90.7149
90.7573
90.7787
90.9425
90.9496
91.045
91.1608
91.2586
91.2915
91.3719
91.4111
91.5336
91.5611
91.7259
91.8217
91.9241
91.9657
92.0054
92.1237
92.1414
92.2367
92.2983
92.3231
92.3376
92.4252
92.4928
92.4945
92.5478
92.8009
92.8652
92.909
93.1489
93.2409
93.5372
93.5877
93.9246
94.0667
94.2473
94.5964
94.7485
94.788
94.9164
95.8401
96.8283
96.9396
97.1757
97.2202
97.3877
97.6941
97.7594
98.2495
99.3924
99.4654
101.042
101.813
102.039
103.074
103.166
105.029
105.643
108.638
109.626
