74.9414
75.0572
75.2979
75.3726
75.4569
75.6254
75.6515
75.6908
75.7423
75.8191
75.8462
75.8871
75.9075
75.9184
75.9564
75.9571
75.9723
75.9741
75.9763
75.9925
76.036
76.0502
76.1051
76.1358
76.1456
76.1585
76.1905
76.1987
76.212
76.2265
76.2416
76.3017
76.3142
76.3166
76.3357
76.3462
76.3554
76.38
76.4217
76.422
76.4282
76.438
76.4535
76.4568
76.46
76.4665
76.4944
76.5146
76.518
76.5559
76.5685
76.5709
76.579
76.5835
76.6066
76.6179
76.6216
76.6523
76.6585
76.6621
76.6717
76.676
76.7008
76.7465
76.7479
76.75
76.7506
76.7606
76.7958
76.8285
76.8542
76.8656
76.8704
76.874
76.8803
76.8964
76.8988
76.9233
76.9274
76.9304
76.9311
76.9313
76.9349
76.9381
76.9463
76.9571
76.9655
76.9735
76.9844
76.9976
76.9991
77.0254
77.0389
77.0516
77.0538
77.0829
77.0969
77.1122
77.1149
77.1158
77.1205
77.1501
77.1529
77.1723
77.1726
77.1767
77.18
77.18
77.1836
77.1889
77.2027
77.2136
77.2238
77.2238
77.2324
77.2485
77.2504
77.2589
77.2624
77.264
77.2643
77.2904
77.3008
77.3095
77.311
77.3145
77.32
77.3527
77.3538
77.3656
77.3842
77.3905
77.414
77.4237
77.4239
77.4375
77.4597
77.4628
77.4699
77.472
77.472
77.4933
77.4989
77.4994
77.507
77.5115
77.5316
77.5353
77.5524
77.5533
77.5599
77.5691
77.582
77.5874
77.5931
77.6165
77.6171
77.6263
77.6284
77.6431
77.6446
77.6549
77.6611
77.6617
77.6656
77.6699
77.6715
77.6766
77.6795
77.6986
77.7166
77.7191
77.7259
77.7268
77.7289
77.7472
77.7591
77.7615
77.7723
77.7729
77.7731
77.7748
77.7782
77.78
77.7827
77.7953
77.8154
77.8157
77.8207
77.8238
77.8307
77.8307
77.8508
77.8591
77.8726
77.8795
77.8822
77.8877
77.8885
77.8916
77.9111
77.92
77.9279
77.947
77.9486
77.9488
77.9512
77.961
77.9645
77.9713
77.9799
77.98
77.9855
78.0009
78.0012
78.0013
78.0031
78.0083
78.0091
78.0096
78.0169
78.0217
78.0227
78.0271
78.0305
78.0307
78.031
78.034
78.0363
78.0385
78.041
78.0454
78.0463
78.0473
78.0534
78.056
78.0561
78.077
78.0785
78.0885
78.091
78.0934
78.0941
78.0972
78.098
78.1
78.1143
78.1276
78.1375
78.1411
78.153
78.1589
78.1642
78.1656
78.1762
78.1969
78.2067
78.2076
78.2083
78.2106
78.2219
78.2229
78.2247
78.2355
78.2396
78.241
78.2472
78.2479
78.2483
78.2492
78.2524
78.2557
78.2559
78.2576
78.2578
78.2628
78.267
78.2695
78.2704
78.2733
78.2736
78.2746
78.2781
78.2893
78.2898
78.291
78.294
78.2956
78.3048
78.3134
78.3156
78.3264
78.329
78.3317
78.3324
78.3359
78.3389
78.3397
78.3405
78.3518
78.3562
78.3593
78.3639
78.3645
78.3658
78.3685
78.3698
78.3714
78.3778
78.3806
78.3823
78.3872
78.3892
78.3905
78.3916
78.3943
78.3957
78.399
78.411
78.4195
78.4313
78.4398
78.4425
78.4444
78.448
78.4541
78.4552
78.4678
78.4816
78.4873
78.488
78.4937
78.4967
78.4974
78.5002
78.5044
78.5079
78.5095
78.5102
78.5153
78.5176
78.5224
78.5255
78.5259
78.5279
78.5573
78.5578
78.5735
78.5787
78.5874
78.5917
78.593
78.5944
78.6011
78.6337
78.6343
78.6438
78.6497
78.6504
78.6567
78.669
78.6751
78.6823
78.6863
78.6896
78.6926
78.6932
78.7025
78.7095
78.7261
78.7263
78.7267
78.7297
78.7402
78.756
78.7572
78.7599
78.7643
78.7749
78.7788
78.7838
78.789
78.7913
78.7923
78.7965
78.8146
78.8178
78.8219
78.8219
78.823
78.8262
78.8285
78.8343
78.8399
78.8407
78.8416
78.8418
78.8461
78.8573
78.8578
78.86
78.8687
78.8698
78.871
78.8776
78.878
78.8782
78.8798
78.8849
78.888
78.8985
78.9015
78.9026
78.9051
78.909
78.9139
78.9271
78.9315
78.9331
78.9369
78.9434
78.9451
78.9461
78.9462
78.947
78.9475
78.9526
78.9574
78.958
78.9594
78.9627
78.963
78.9631
78.9785
78.9794
78.9797
78.9895
79.001
79.0023
79.0054
79.007
79.0079
79.0098
79.0124
79.0155
79.0165
79.0177
79.0307
79.0329
79.0368
79.0386
79.0396
79.0398
79.0415
79.0436
79.0521
79.0541
79.0582
79.0616
79.0657
79.0681
79.0689
79.0695
79.0718
79.0803
79.0804
79.087
79.0906
79.093
79.0943
79.0984
79.1001
79.1016
79.115
79.1271
79.1284
79.1316
79.1334
79.134
79.137
79.1379
79.1396
79.1436
79.1453
79.1492
79.1493
79.1519
79.163
79.1705
79.1745
79.1745
79.1767
79.1805
79.1817
79.187
79.1874
79.1997
79.2138
79.224
79.2255
79.2316
79.2322
79.2478
79.251
79.2542
79.2593
79.2652
79.2673
79.2701
79.2835
79.2865
79.2985
79.3085
79.3432
79.3439
79.3448
79.3489
79.3513
79.3593
79.3603
79.3676
79.3819
79.3829
79.3836
79.3843
79.3851
79.3865
79.3941
79.4011
79.4027
79.4043
79.4052
79.4052
79.414
79.4143
79.4158
79.4249
79.4262
79.4273
79.4307
79.4316
79.4322
79.4334
79.4349
79.4385
79.4391
79.4428
79.4429
79.4441
79.4514
79.4543
79.4564
79.4591
79.4744
79.4748
79.476
79.4846
79.4917
79.4951
79.4958
79.5101
79.5142
79.5173
79.5193
79.5223
79.5246
79.5254
79.535
79.5414
79.5467
79.5492
79.555
79.5599
79.561
79.5708
79.5728
79.5732
79.576
79.5771
79.5782
79.5987
79.6161
79.6204
79.6232
79.6371
79.644
79.6449
79.6482
79.6483
79.6497
79.6524
79.6528
79.6551
79.6561
79.6587
79.6606
79.6662
79.6685
79.6695
79.6711
79.6717
79.6728
79.6786
79.6826
79.6843
79.6866
79.6883
79.6888
79.6913
79.704
79.7114
79.7148
79.7211
79.7248
79.7293
79.7405
79.7426
79.7473
79.7498
79.751
79.7567
79.7663
79.7696
79.7768
79.7771
79.7838
79.7841
79.7864
79.8009
79.8254
79.8348
79.8393
79.8435
79.845
79.8488
79.8722
79.8818
79.89
79.8929
79.8943
79.8953
79.9028
79.9078
79.9094
79.9163
79.9179
79.9184
79.9224
79.9264
79.9269
79.93
79.9375
79.9385
79.9761
79.9764
79.978
79.9785
79.9845
79.9882
79.995
80.0003
80.0061
80.0083
80.0154
80.0221
80.0289
80.0292
80.0403
80.0519
80.0624
80.0659
80.0662
80.0682
80.0685
80.0691
80.0707
80.078
80.0809
80.0815
80.082
80.0852
80.0888
80.0895
80.0927
80.0945
80.097
80.1014
80.1021
80.1095
80.1127
80.1161
80.1174
80.1186
80.1308
80.1318
80.1331
80.1376
80.1404
80.1425
80.1511
80.1513
80.158
80.1649
80.1675
80.1694
80.173
80.1755
80.1758
80.1767
80.1792
80.1836
80.1861
80.1927
80.1935
80.1963
80.2083
80.2144
80.2163
80.2259
80.2438
80.2446
80.2521
80.2573
80.2594
80.2766
80.2851
80.2922
80.2971
80.3033
80.3117
80.3119
80.3183
80.3238
80.3294
80.3296
80.3381
80.339
80.3439
80.3508
80.3517
80.3528
80.366
80.3662
80.3688
80.369
80.3754
80.3836
80.3858
80.3912
80.3937
80.4042
80.4108
80.411
80.4161
80.4292
80.4292
80.4307
80.441
80.4422
80.457
80.4575
80.4589
80.4617
80.4636
80.4766
80.4792
80.4817
80.483
80.4952
80.4957
80.4995
80.5002
80.5003
80.5144
80.5166
80.5232
80.5253
80.5288
80.5303
80.5305
80.5361
80.5422
80.5487
80.5547
80.5622
80.5673
80.5853
80.5875
80.5991
80.6055
80.6063
80.6095
80.6193
80.6206
80.6218
80.622
80.6304
80.6407
80.6424
80.6472
80.6486
80.6491
80.6552
80.6813
80.6888
80.6951
80.6962
80.7032
80.7106
80.7185
80.7333
80.7333
80.7354
80.7376
80.7464
80.7569
80.7657
80.7719
80.7767
80.7864
80.7899
80.794
80.8008
80.8113
80.812
80.8159
80.8274
80.8297
80.835
80.8367
80.8528
80.8542
80.8563
80.8591
80.8622
80.8805
80.883
80.8865
80.9113
80.9178
80.9185
80.9198
80.9286
80.9291
80.9333
80.9363
80.9805
80.9863
80.9872
80.9902
80.9979
81.0007
81.0237
81.0423
81.0423
81.0556
81.0562
81.0574
81.059
81.0686
81.0856
81.0866
81.0953
81.1019
81.1116
81.1302
81.1421
81.1455
81.1613
81.1623
81.166
81.1686
81.1721
81.1737
81.1786
81.1819
81.1821
81.1875
81.1902
81.2059
81.2108
81.2137
81.2316
81.243
81.2504
81.253
81.2542
81.259
81.2604
81.2758
81.2763
81.3016
81.3023
81.3088
81.3137
81.3151
81.3161
81.3186
81.3291
81.3382
81.3415
81.3474
81.3478
81.3655
81.3667
81.3813
81.3953
81.4144
81.4248
81.4308
81.4316
81.4317
81.4349
81.4421
81.4512
81.4535
81.4551
81.4763
81.4786
81.4828
81.4875
81.4919
81.4927
81.498
81.5021
81.5038
81.5157
81.5168
81.5231
81.5347
81.5478
81.5507
81.5581
81.5587
81.5699
81.601
81.6027
81.6067
81.6104
81.6124
81.6149
81.6171
81.6441
81.6468
81.6541
81.6546
81.6636
81.6647
81.6801
81.6875
81.6907
81.693
81.6942
81.6942
81.7055
81.7059
81.7123
81.7267
81.7281
81.7335
81.7401
81.756
81.7628
81.7653
81.768
81.7789
81.7797
81.7856
81.7969
81.7978
81.8089
81.817
81.819
81.8298
81.8348
81.8671
81.8696
81.8715
81.8733
81.8747
81.8758
81.882
81.8823
81.8849
81.8907
81.8924
81.8956
81.9015
81.9143
81.9181
81.9256
81.9375
81.939
81.9413
81.9415
81.9617
81.9718
81.9721
81.9754
81.9899
81.9902
81.9909
81.9965
81.9972
82.0343
82.0412
82.0664
82.0807
82.0982
82.1135
82.1419
82.1515
82.1587
82.1813
82.186
82.2038
82.2102
82.2131
82.2246
82.2256
82.2269
82.2274
82.2466
82.2541
82.2551
82.2715
82.2878
82.289
82.2929
82.2946
82.296
82.3077
82.3077
82.3131
82.3532
82.3591
82.3654
82.3728
82.3822
82.3884
82.3949
82.4118
82.465
82.4676
82.4685
82.4687
82.4759
82.4878
82.4899
82.501
82.5041
82.5092
82.5222
82.5332
82.538
82.5526
82.553
82.5636
82.5699
82.5821
82.5834
82.5834
82.5878
82.5896
82.5937
82.6204
82.6218
82.6281
82.6446
82.6488
82.6603
82.6627
82.6863
82.6995
82.7017
82.7134
82.7142
82.7361
82.7403
82.7665
82.7913
82.8141
82.8198
82.8231
82.8327
82.84
82.8409
82.8469
82.8795
82.887
82.9097
82.9101
82.9113
82.9261
82.9407
82.9415
82.9457
82.9663
82.9678
82.9688
82.9733
82.9876
83.0171
83.0331
83.0387
83.0571
83.0644
83.0679
83.0741
83.0989
83.1064
83.1463
83.1563
83.166
83.175
83.1772
83.1937
83.2182
83.2272
83.2656
83.2736
83.2932
83.306
83.3572
83.3622
83.3629
83.3663
83.3867
83.3938
83.434
83.4565
83.4614
83.4681
83.4722
83.4946
83.4975
83.5325
83.5505
83.5911
83.6032
83.608
83.613
83.6303
83.6352
83.6423
83.6507
83.6544
83.6583
83.6665
83.7015
83.7298
83.7506
83.7734
83.7785
83.7794
83.781
83.7997
83.8004
83.8008
83.8025
83.8078
83.837
83.8371
83.8483
83.8512
83.853
83.855
83.8765
83.8824
83.9006
83.9249
83.9377
83.9894
83.9903
83.9951
84.0449
84.0468
84.0627
84.0855
84.0952
84.0979
84.1082
84.1091
84.1267
84.1738
84.1858
84.1928
84.2107
84.2728
84.2733
84.2841
84.2907
84.2962
84.3345
84.3391
84.3654
84.3695
84.4005
84.4843
84.4896
84.4925
84.4983
84.5093
84.5094
84.5204
84.5257
84.5396
84.5686
84.5736
84.5745
84.592
84.6079
84.6128
84.6175
84.656
84.6781
84.6789
84.6926
84.7378
84.7397
84.7434
84.7495
84.7626
84.8001
84.8188
84.8414
84.8637
84.887
84.8974
84.9577
84.9747
84.9833
84.9947
85.0106
85.0128
85.0507
85.0559
85.1136
85.1554
85.2035
85.2251
85.2397
85.2552
85.2563
85.2655
85.2881
85.3002
85.4539
85.5941
85.6005
85.6135
85.6191
85.6262
85.6439
85.6928
85.7249
85.7742
85.7782
85.7854
85.7857
85.8099
85.8447
85.8897
85.9009
85.9508
85.9568
86.0022
86.0051
86.0131
86.0163
86.0348
86.0573
86.0576
86.1708
86.185
86.2055
86.2182
86.2771
86.2863
86.3118
86.3316
86.3317
86.3527
86.4082
86.4489
86.4495
86.4525
86.4612
86.4968
86.5418
86.5511
86.5671
86.5915
86.609
86.6795
86.6862
86.6932
86.707
86.7127
86.7191
86.7836
86.784
86.8371
86.8545
86.8593
86.86
86.8622
86.8777
86.8791
86.8837
86.9163
86.9573
86.9882
86.993
87.0966
87.3031
87.3357
87.4491
87.4524
87.4699
87.4885
87.5065
87.6697
87.699
87.7301
87.7623
87.8436
87.9145
87.9192
87.9288
87.9941
88.0183
88.2318
88.2911
88.2998
88.423
88.4938
88.549
88.5734
88.6654
88.6958
88.7827
88.8369
88.8547
88.8791
88.9132
88.9924
89.1884
89.2572
89.306
89.3065
89.3274
89.4048
89.4651
89.5189
89.6242
89.6589
89.6807
89.7125
89.7418
89.7797
89.8026
89.8167
89.8279
89.8925
89.9648
90.0899
90.0923
90.1964
90.3668
90.5196
90.5373
90.5853
90.689
90.748
90.7917
90.813
90.8653
90.9997
91.1793
91.1963
91.2744
91.2856
91.5659
91.6418
91.6743
92.0016
92.08
92.0998
92.1085
92.2139
92.2664
92.4146
92.4856
92.5827
92.6424
92.8785
93.0129
93.0469
93.1272
93.1447
93.2111
93.2365
93.4163
93.6754
93.8487
93.8935
93.9097
94.1842
94.5742
94.5997
94.813
94.8461
94.9664
95.1079
95.4212
95.5104
95.6012
95.675
95.736
95.8532
95.9758
96.0507
96.0876
96.6077
96.8855
97.0502
97.0525
97.3251
97.3838
97.3967
97.5922
97.8293
97.8638
97.8803
98.0367
99.1409
99.3871
99.458
99.5374
99.6125
99.8469
100.125
100.315
100.355
100.495
100.647
100.777
101.049
101.988
102.292
102.408
102.601
102.736
103.203
103.675
103.908
165.117
181.384
2494.23
2494.54
2495.3
2499.9
2500.09
2512.05
