94.6767
94.8327
95.3469
95.415
95.4214
95.5362
95.6474
95.6763
95.7524
95.7712
95.8478
95.8712
95.8981
96.0096
96.1117
96.1321
96.1634
96.1944
96.1975
96.2377
96.2818
96.3288
96.3641
96.3807
96.3863
96.49
96.492
96.5062
96.5146
96.518
96.5207
96.5574
96.5743
96.6104
96.6276
96.666
96.6713
96.6805
96.7289
96.748
96.7792
96.8218
96.8392
96.8434
96.8465
96.85
96.8542
96.8817
96.8907
96.8929
96.9077
96.909
96.9091
96.9091
96.9227
96.9259
96.9506
96.9701
96.9737
96.9766
97.0004
97.0032
97.0306
97.0411
97.0508
97.0753
97.0846
97.0885
97.0948
97.1308
97.1403
97.1403
97.1534
97.1643
97.166
97.1711
97.179
97.1797
97.1819
97.1847
97.1851
97.204
97.2124
97.2431
97.2441
97.2492
97.2541
97.2693
97.2883
97.2985
97.3057
97.3147
97.3151
97.3384
97.3388
97.3409
97.3478
97.3602
97.3728
97.3774
97.3834
97.4078
97.4177
97.4198
97.4247
97.4289
97.4332
97.4342
97.4376
97.4394
97.4528
97.4581
97.4751
97.4798
97.5003
97.5016
97.5024
97.5405
97.5502
97.5575
97.5579
97.5593
97.5723
97.5732
97.5737
97.6011
97.6151
97.6383
97.6448
97.6672
97.6868
97.6883
97.6929
97.7072
97.7154
97.7206
97.7287
97.7293
97.7296
97.7375
97.7387
97.7531
97.76
97.7782
97.7807
97.7839
97.7845
97.7978
97.7983
97.8004
97.8063
97.8217
97.8233
97.8265
97.8302
97.831
97.841
97.8489
97.8576
97.8578
97.8757
97.8792
97.8795
97.8805
97.896
97.8985
97.9053
97.9691
97.98
97.9837
97.9944
98.0058
98.0169
98.025
98.038
98.0475
98.0594
98.0845
98.0933
98.0963
98.1067
98.1069
98.1242
98.125
98.1319
98.1359
98.1582
98.1624
98.1771
98.1831
98.1832
98.191
98.1939
98.1956
98.1973
98.2011
98.2042
98.2059
98.2156
98.2248
98.2439
98.2453
98.2523
98.2547
98.2609
98.2617
98.2717
98.2757
98.3283
98.3346
98.337
98.3402
98.3508
98.3696
98.3754
98.3768
98.3852
98.3962
98.3966
98.3989
98.4013
98.4047
98.4097
98.4173
98.4239
98.4466
98.448
98.505
98.5155
98.5227
98.5262
98.5474
98.5476
98.5617
98.5628
98.5682
98.5714
98.582
98.5856
98.5908
98.5971
98.6044
98.6062
98.6195
98.6208
98.6661
98.676
98.6827
98.6851
98.6863
98.6941
98.6961
98.7153
98.7248
98.733
98.7448
98.7477
98.7614
98.7849
98.7913
98.7986
98.8051
98.8074
98.81
98.8149
98.8295
98.8358
98.8391
98.8486
98.8537
98.8743
98.8752
98.8778
98.8849
98.8896
98.8906
98.8992
98.9007
98.9039
98.9189
98.9341
98.9678
98.9816
98.9851
98.9988
99.003
99.0252
99.0277
99.0406
99.059
99.0665
99.0738
99.0829
99.0895
99.0972
99.1
99.1017
99.1082
99.1092
99.1153
99.1295
99.1309
99.133
99.1404
99.1699
99.1798
99.1831
99.1857
99.1871
99.1949
99.1951
99.1991
99.2064
99.2067
99.2138
99.2179
99.2201
99.2231
99.2464
99.2749
99.281
99.2853
99.3047
99.3054
99.3146
99.3225
99.3584
99.3644
99.375
99.3838
99.3864
99.3896
99.3933
99.3951
99.4052
99.4085
99.41
99.4143
99.4152
99.4203
99.4254
99.4264
99.43
99.4336
99.4422
99.4532
99.4709
99.4747
99.4767
99.4812
99.4817
99.4928
99.4932
99.516
99.5236
99.5305
99.537
99.5421
99.5451
99.5548
99.5604
99.5718
99.5751
99.5888
99.5933
99.5984
99.5994
99.6141
99.6188
99.63
99.6309
99.6405
99.6549
99.663
99.6719
99.6748
99.6756
99.6763
99.6928
99.7082
99.7174
99.7388
99.7802
99.794
99.8
99.8069
99.8106
99.8146
99.817
99.8333
99.8521
99.8585
99.8606
99.862
99.8655
99.8662
99.8689
99.885
99.9106
99.9203
99.9299
99.9356
99.9606
99.9624
99.9701
99.9856
100.015
100.03
100.044
100.06
100.063
100.063
100.073
100.079
100.091
100.094
100.109
100.11
100.123
100.157
100.159
100.162
100.181
100.185
100.185
100.214
100.223
100.228
100.237
100.241
100.244
100.265
100.268
100.27
100.291
100.306
100.316
100.327
100.337
100.358
100.373
100.413
100.421
100.455
100.469
100.471
100.477
100.485
100.499
100.507
100.515
100.529
100.537
100.543
100.558
100.567
100.585
100.61
100.621
100.623
100.652
100.667
100.686
100.707
100.727
100.734
100.737
100.769
100.777
100.789
100.806
100.825
100.835
100.858
100.859
100.868
100.874
100.879
100.894
100.9
100.951
100.958
100.97
100.977
100.988
100.993
101.023
101.048
101.097
101.104
101.122
101.144
101.197
101.207
101.216
101.224
101.228
101.242
101.253
101.26
101.261
101.269
101.286
101.317
101.323
101.326
101.359
101.361
101.384
101.397
101.404
101.444
101.483
101.489
101.491
101.494
101.507
101.513
101.571
101.596
101.608
101.628
101.652
101.663
101.669
101.695
101.727
101.752
101.774
101.786
101.786
101.789
101.794
101.799
101.813
101.826
101.831
101.833
101.838
101.852
101.863
101.867
101.881
101.911
101.936
101.949
101.954
101.993
102.014
102.015
102.018
102.052
102.078
102.082
102.105
102.106
102.129
102.197
102.221
102.239
102.247
102.272
102.287
102.333
102.354
102.405
102.527
102.528
102.539
102.57
102.605
102.614
102.68
102.702
102.732
102.743
102.872
102.888
102.889
102.917
102.985
103.014
103.064
103.077
103.078
103.114
103.188
103.243
103.244
103.34
103.354
103.361
103.422
103.459
103.513
103.515
103.572
103.589
103.592
103.625
103.726
103.784
103.8
103.809
103.813
103.836
103.84
103.847
103.883
103.895
103.899
103.901
103.974
104.073
104.086
104.15
104.159
104.369
104.421
104.441
104.571
104.627
104.708
104.8
104.825
104.855
104.886
104.988
105.033
105.066
105.142
105.145
105.231
105.249
105.292
105.425
105.586
105.654
105.776
105.824
105.914
105.916
105.947
105.949
106
106.002
106.005
106.04
106.18
106.215
106.27
106.32
106.338
106.421
106.451
106.467
106.52
106.584
106.599
106.614
107.012
107.154
107.154
107.202
107.304
107.406
107.438
107.621
107.672
107.979
108.227
108.371
108.414
108.465
108.517
108.864
108.979
109.018
109.452
109.64
109.675
109.771
109.822
109.831
109.961
110.039
110.089
110.611
110.614
110.868
110.994
111.793
111.955
112.183
112.535
112.595
112.904
113.227
113.368
113.939
114.282
114.295
114.354
114.408
114.589
115.214
115.764
116.062
116.284
116.341
116.386
117.038
117.454
117.915
118.236
118.425
120.005
120.063
121.523
122.012
122.015
