88.8622
89.2237
89.2636
89.4491
89.4925
89.8294
89.8461
89.9511
90.2823
90.3667
90.3932
90.4697
90.5212
90.5296
90.5379
90.5579
90.5903
90.6195
90.6218
90.629
90.6493
90.6658
90.7822
90.8002
90.8721
90.8812
90.9573
90.9578
90.986
91.0224
91.0665
91.069
91.0775
91.168
91.1873
91.2678
91.2698
91.2715
91.2884
91.2948
91.3597
91.4057
91.4215
91.4339
91.4524
91.4631
91.472
91.4894
91.5108
91.5247
91.5255
91.5281
91.5418
91.5433
91.5466
91.5842
91.5877
91.6383
91.6548
91.6629
91.6678
91.6748
91.7022
91.7147
91.727
91.7576
91.7624
91.7628
91.7689
91.7893
91.8125
91.8148
91.8356
91.885
91.9292
91.9339
91.9891
92.0185
92.0243
92.0266
92.0387
92.0456
92.0461
92.0648
92.0831
92.1152
92.1154
92.1482
92.1515
92.1629
92.1639
92.1878
92.2133
92.2189
92.2309
92.2693
92.2823
92.2853
92.3517
92.355
92.3568
92.3582
92.3718
92.3783
92.3825
92.3886
92.4084
92.4351
92.4639
92.479
92.4808
92.4914
92.4983
92.5176
92.5262
92.5273
92.5873
92.5926
92.6051
92.6231
92.6395
92.6546
92.6656
92.6827
92.7749
92.8837
92.8918
92.9051
93.0095
93.0127
93.0171
93.0235
93.0242
93.0269
93.033
93.0482
93.0508
93.0883
93.0994
93.1284
93.1331
93.1341
93.1372
93.1444
93.1673
93.1774
93.2004
93.2116
93.218
93.345
93.3585
93.3824
93.3844
93.4209
93.4558
93.4618
93.4945
93.5133
93.5203
93.5934
93.6124
93.6133
93.6218
93.6246
93.6319
93.6484
93.6498
93.6668
93.6919
93.7162
93.7199
93.7255
93.7554
93.7655
93.8481
93.9034
93.9701
93.9857
94.011
94.0156
94.0183
94.0247
94.0286
94.0769
94.1236
94.1384
94.1459
94.1811
94.2131
94.2234
94.2495
94.2517
94.2859
94.288
94.3244
94.3331
94.3478
94.3651
94.3667
94.4227
94.4323
94.4326
94.4555
94.4753
94.4934
94.5393
94.6264
94.6273
94.641
94.6631
94.6671
94.668
94.7102
94.8262
94.863
94.8849
94.901
94.9672
95.009
95.0157
95.0197
95.0209
95.0648
95.0719
95.1105
95.1123
95.1366
95.181
95.208
95.2094
95.2122
95.2186
95.2734
95.325
95.3638
95.389
95.419
95.4384
95.4833
95.5137
95.518
95.5384
95.6041
95.6505
95.86
95.922
95.9926
96.0831
96.1076
96.1151
96.1531
96.1712
96.2195
96.2637
96.3382
96.4443
96.5047
96.5465
96.579
96.6808
96.8492
96.8625
96.8822
96.9027
96.959
96.9969
97.0567
97.2992
97.3562
97.3597
97.3865
97.637
97.6475
97.7248
97.9181
98.2377
98.2441
98.2576
98.2661
98.341
98.4009
98.4034
98.4443
98.5066
98.5228
98.6508
98.7219
98.765
98.9783
99.023
99.1201
99.1205
99.1465
99.1836
99.3114
99.4703
99.4738
99.5972
99.664
99.7867
99.8376
99.9513
100.06
100.092
100.399
100.407
100.408
100.56
100.595
100.908
101.088
101.153
101.37
101.441
101.526
101.594
101.826
101.845
101.89
102.067
102.205
102.858
103.655
105.142
105.342
106.039
107.508
108.527
108.821
108.912
109.145
109.769
110.626
111.155
112.105
112.297
114.307
