96.6218
96.8599
97.5039
97.5649
97.5838
97.593
97.6565
97.8078
97.9512
97.9981
98.0315
98.1354
98.1493
98.1789
98.1884
98.2412
98.2417
98.2679
98.2905
98.3124
98.3199
98.3384
98.3736
98.3905
98.4723
98.5168
98.5259
98.548
98.5498
98.5654
98.6077
98.608
98.6089
98.6106
98.6289
98.6388
98.6461
98.6806
98.7135
98.7806
98.7923
98.8561
98.8681
98.8716
98.8722
98.8752
98.8898
98.9009
98.9116
98.9195
98.9644
98.9655
98.9677
98.9737
98.9765
98.9906
98.9943
99.0146
99.0183
99.0404
99.0455
99.0549
99.0744
99.0886
99.1088
99.1103
99.1195
99.126
99.1362
99.1486
99.164
99.1654
99.1885
99.1892
99.1913
99.1913
99.1913
99.198
99.1984
99.2035
99.2144
99.2273
99.2448
99.2568
99.2721
99.2778
99.3095
99.327
99.3392
99.3432
99.3534
99.3538
99.3591
99.3684
99.3899
99.3971
99.4022
99.4033
99.4152
99.4158
99.4307
99.444
99.4447
99.4608
99.4922
99.4953
99.4958
99.5008
99.5221
99.5271
99.5524
99.5661
99.57
99.5801
99.5965
99.6162
99.6313
99.6451
99.6469
99.658
99.6718
99.6795
99.703
99.7036
99.7197
99.7374
99.7383
99.7538
99.7695
99.7724
99.7775
99.7892
99.7902
99.8087
99.8408
99.8425
99.8744
99.8751
99.8831
99.8871
99.893
99.8989
99.9077
99.9126
99.928
99.9367
99.9468
99.9568
99.9613
99.9916
100.023
100.034
100.04
100.06
100.065
100.065
100.068
100.078
100.096
100.098
100.1
100.101
100.107
100.114
100.121
100.13
100.132
100.147
100.155
100.182
100.185
100.189
100.195
100.199
100.212
100.223
100.227
100.247
100.248
100.251
100.254
100.257
100.257
100.265
100.266
100.296
100.307
100.311
100.32
100.322
100.326
100.328
100.331
100.339
100.344
100.346
100.35
100.359
100.373
100.376
100.381
100.384
100.394
100.396
100.403
100.41
100.427
100.453
100.459
100.467
100.484
100.49
100.502
100.505
100.521
100.521
100.526
100.538
100.54
100.55
100.55
100.552
100.556
100.564
100.571
100.576
100.577
100.578
100.581
100.596
100.605
100.618
100.618
100.618
100.618
100.621
100.628
100.641
100.646
100.646
100.647
100.649
100.652
100.654
100.667
100.672
100.675
100.679
100.687
100.699
100.7
100.708
100.714
100.72
100.73
100.733
100.746
100.747
100.749
100.752
100.753
100.758
100.76
100.772
100.777
100.792
100.803
100.81
100.821
100.826
100.845
100.871
100.876
100.878
100.882
100.885
100.885
100.888
100.888
100.89
100.901
100.904
100.912
100.924
100.933
100.942
100.944
100.948
100.963
100.968
100.969
100.985
100.999
101.008
101.009
101.013
101.021
101.025
101.026
101.039
101.039
101.04
101.061
101.065
101.08
101.092
101.095
101.099
101.102
101.104
101.106
101.108
101.111
101.112
101.115
101.117
101.118
101.128
101.134
101.142
101.159
101.162
101.164
101.176
101.178
101.18
101.186
101.195
101.198
101.214
101.217
101.218
101.218
101.219
101.22
101.226
101.234
101.234
101.236
101.241
101.245
101.266
101.272
101.29
101.296
101.299
101.3
101.315
101.321
101.327
101.332
101.343
101.345
101.353
101.363
101.367
101.381
101.387
101.394
101.426
101.448
101.451
101.461
101.47
101.476
101.483
101.487
101.487
101.492
101.493
101.496
101.502
101.507
101.514
101.526
101.532
101.544
101.548
101.553
101.558
101.562
101.567
101.568
101.585
101.588
101.591
101.598
101.624
101.624
101.626
101.635
101.639
101.639
101.643
101.657
101.66
101.663
101.665
101.673
101.674
101.68
101.693
101.694
101.699
101.712
101.719
101.732
101.74
101.763
101.763
101.773
101.781
101.782
101.786
101.79
101.805
101.808
101.838
101.842
101.85
101.864
101.865
101.875
101.883
101.888
101.891
101.902
101.917
101.919
101.927
101.933
101.934
101.936
101.938
101.959
101.968
101.974
101.978
101.982
101.984
101.991
102.001
102.008
102.01
102.017
102.043
102.044
102.044
102.046
102.049
102.049
102.052
102.056
102.063
102.074
102.079
102.088
102.091
102.091
102.094
102.094
102.1
102.105
102.111
102.114
102.12
102.122
102.123
102.13
102.136
102.145
102.146
102.15
102.155
102.158
102.167
102.185
102.187
102.189
102.2
102.221
102.224
102.231
102.242
102.246
102.25
102.265
102.272
102.273
102.284
102.287
102.294
102.348
102.374
102.383
102.392
102.413
102.413
102.418
102.422
102.439
102.44
102.444
102.471
102.483
102.5
102.509
102.514
102.53
102.543
102.548
102.56
102.586
102.587
102.588
102.593
102.623
102.624
102.635
102.641
102.649
102.676
102.68
102.682
102.697
102.703
102.704
102.712
102.713
102.717
102.719
102.721
102.727
102.737
102.739
102.744
102.756
102.774
102.795
102.799
102.807
102.819
102.833
102.839
102.843
102.857
102.862
102.862
102.889
102.892
102.895
102.905
102.913
102.936
102.947
102.953
102.956
102.97
102.973
102.978
102.989
103.021
103.05
103.055
103.087
103.099
103.099
103.112
103.118
103.121
103.127
103.133
103.135
103.137
103.153
103.157
103.157
103.161
103.161
103.182
103.203
103.208
103.209
103.209
103.236
103.249
103.258
103.263
103.277
103.279
103.282
103.292
103.297
103.297
103.301
103.308
103.328
103.337
103.337
103.35
103.356
103.362
103.367
103.375
103.389
103.409
103.421
103.428
103.435
103.465
103.471
103.476
103.502
103.509
103.515
103.515
103.521
103.523
103.524
103.534
103.535
103.537
103.541
103.571
103.576
103.61
103.633
103.639
103.652
103.707
103.708
103.727
103.732
103.762
103.766
103.771
103.801
103.811
103.831
103.894
103.9
103.92
103.927
103.93
103.936
103.948
103.964
103.966
104.003
104.026
104.058
104.06
104.061
104.075
104.075
104.169
104.183
104.19
104.203
104.206
104.219
104.223
104.251
104.259
104.297
104.313
104.317
104.354
104.363
104.374
104.378
104.396
104.398
104.43
104.444
104.446
104.462
104.464
104.486
104.495
104.541
104.545
104.563
104.565
104.585
104.589
104.594
104.603
104.616
104.637
104.664
104.695
104.698
104.699
104.721
104.753
104.799
104.807
104.814
104.819
104.884
104.892
104.915
104.928
104.947
104.957
104.959
104.963
104.976
104.98
104.98
105.031
105.074
105.096
105.152
105.154
105.162
105.206
105.207
105.225
105.244
105.246
105.249
105.31
105.35
105.365
105.375
105.392
105.399
105.399
105.408
105.487
105.497
105.501
105.504
105.505
105.517
105.522
105.538
105.594
105.602
105.622
105.626
105.628
105.656
105.658
105.694
105.756
105.86
105.89
105.891
105.901
105.956
105.979
105.99
106.047
106.076
106.088
106.093
106.137
106.169
106.189
106.221
106.233
106.27
106.274
106.318
106.341
106.35
106.383
106.412
106.498
106.55
106.589
106.599
106.637
106.65
106.665
106.677
106.745
106.749
106.769
106.79
106.816
106.829
106.839
106.855
106.863
106.91
107.011
107.107
107.118
107.119
107.123
107.127
107.167
107.201
107.327
107.352
107.397
107.449
107.459
107.488
107.52
107.524
107.645
107.696
107.721
107.736
107.748
107.759
107.786
107.863
107.866
107.92
107.967
107.969
107.973
107.988
108.065
108.075
108.155
108.165
108.217
108.235
108.263
108.323
108.337
108.377
108.385
108.4
108.424
108.493
108.527
108.562
108.563
108.563
108.594
108.601
108.694
108.705
108.726
108.737
108.739
108.761
108.868
108.895
108.963
108.965
109.107
109.169
109.174
109.264
109.38
109.416
109.425
109.444
109.487
109.509
109.599
109.643
109.707
110.005
110.05
110.187
110.267
110.322
110.335
110.378
110.404
110.442
110.539
110.655
110.787
110.983
111.031
111.07
111.198
111.231
111.311
111.326
111.941
112.014
112.099
112.191
112.193
112.229
112.272
112.356
112.504
112.537
112.851
112.869
112.916
113.216
113.367
113.372
113.389
113.656
113.667
113.953
113.987
114.065
114.169
114.331
114.453
114.544
114.684
114.688
114.758
115.088
115.114
115.249
115.386
115.394
115.459
115.472
115.573
115.753
115.788
115.858
116.137
116.384
116.593
116.606
116.635
116.639
116.927
117.256
117.632
117.667
117.761
117.939
118.073
118.119
118.449
118.781
119.66
119.772
120.053
120.167
120.438
120.841
120.911
121.345
121.367
121.716
121.83
122.161
122.2
122.351
123.033
123.224
123.861
124.205
124.447
124.699
125.403
125.695
180.757
182.266
182.648
183.675
187.101
188.315
190.303
