86.457
86.4787
86.5295
86.7474
86.8668
87.0435
87.1295
87.2037
87.3011
87.4668
87.4992
87.5166
87.5713
87.6148
87.7138
87.7578
87.77
87.8025
87.8096
87.89
87.9282
87.9297
87.9791
88.0024
88.0115
88.0453
88.062
88.0978
88.1272
88.1306
88.1527
88.1761
88.1898
88.2302
88.4098
88.4352
88.4547
88.4592
88.4593
88.4733
88.4941
88.5031
88.5073
88.5199
88.5422
88.5503
88.5518
88.5792
88.5855
88.617
88.6214
88.6364
88.6536
88.667
88.6695
88.7
88.7016
88.7038
88.7082
88.7357
88.7664
88.7826
88.7869
88.7904
88.7968
88.8101
88.8161
88.8208
88.8212
88.8261
88.8275
88.8302
88.8358
88.8364
88.8506
88.8535
88.8543
88.8606
88.8778
88.8959
88.9054
88.9083
88.9092
88.9101
88.915
88.9277
88.9508
88.9615
88.9972
89.0013
89.0031
89.0032
89.0107
89.0139
89.0144
89.022
89.0269
89.0325
89.0343
89.0347
89.0808
89.1012
89.1072
89.1136
89.1162
89.1184
89.127
89.1315
89.14
89.1435
89.1476
89.1588
89.1738
89.1788
89.1835
89.1961
89.1983
89.2144
89.2213
89.2481
89.2482
89.256
89.2583
89.2753
89.2774
89.2831
89.3263
89.3264
89.3339
89.3393
89.3555
89.3736
89.3912
89.4043
89.4169
89.4199
89.4221
89.4348
89.4361
89.4366
89.4463
89.4477
89.4564
89.4669
89.4806
89.4846
89.4981
89.499
89.5139
89.5141
89.5142
89.5145
89.5189
89.5327
89.538
89.5471
89.5484
89.5517
89.5567
89.5624
89.5727
89.5747
89.5766
89.5768
89.5823
89.5878
89.5919
89.5951
89.5991
89.6009
89.6081
89.6282
89.6358
89.6533
89.6621
89.6747
89.6777
89.6831
89.6873
89.689
89.6931
89.7034
89.7036
89.7047
89.709
89.7157
89.7191
89.7253
89.7301
89.7421
89.7488
89.7513
89.7611
89.7674
89.7756
89.7823
89.7831
89.7845
89.7939
89.8004
89.8047
89.8231
89.8329
89.8421
89.8451
89.8516
89.8801
89.884
89.9
89.9127
89.919
89.9409
89.9442
89.9484
89.9594
89.9728
89.9885
90.0002
90.0011
90.0034
90.0128
90.0138
90.0177
90.0274
90.0284
90.0379
90.0416
90.0604
90.0789
90.081
90.0825
90.0855
90.1049
90.1059
90.1233
90.1258
90.1386
90.1392
90.1448
90.1463
90.1508
90.1549
90.1578
90.1745
90.1906
90.196
90.1972
90.202
90.2022
90.2136
90.2138
90.2166
90.2229
90.2255
90.2406
90.2566
90.2641
90.2668
90.275
90.2828
90.2858
90.2907
90.2923
90.2998
90.3014
90.3026
90.3136
90.3273
90.3287
90.3307
90.3322
90.3325
90.339
90.344
90.347
90.3518
90.3604
90.3609
90.3624
90.3727
90.381
90.3851
90.4022
90.4058
90.406
90.4093
90.4161
90.4238
90.4286
90.443
90.4593
90.46
90.4657
90.4698
90.4709
90.4734
90.4823
90.4858
90.4891
90.4901
90.491
90.4996
90.5069
90.5167
90.5183
90.5202
90.5246
90.525
90.5292
90.5361
90.5365
90.5401
90.5402
90.5427
90.5532
90.5695
90.5738
90.5906
90.5913
90.598
90.6036
90.6068
90.6109
90.6157
90.6198
90.6302
90.648
90.6503
90.6523
90.6552
90.6636
90.6775
90.6861
90.6913
90.695
90.6998
90.7122
90.7128
90.7254
90.7422
90.7452
90.7483
90.7509
90.7738
90.7779
90.7909
90.7909
90.7934
90.7956
90.7988
90.8042
90.8105
90.8195
90.8247
90.8365
90.8601
90.8608
90.8673
90.8751
90.9039
90.9063
90.9146
90.9184
90.92
90.9214
90.9277
90.931
90.9332
90.9408
90.9443
90.9465
90.9484
90.9491
90.9599
90.9641
90.9669
90.9683
90.9699
90.9744
90.9847
90.9868
90.9986
91.001
91.012
91.0237
91.0397
91.04
91.0404
91.0486
91.0491
91.0802
91.0837
91.0877
91.0983
91.1011
91.121
91.1417
91.1429
91.1527
91.1587
91.1759
91.1782
91.179
91.1887
91.1893
91.1937
91.1957
91.2005
91.2099
91.2157
91.2282
91.2378
91.2446
91.2576
91.2639
91.2644
91.2658
91.2764
91.2801
91.2833
91.2903
91.293
91.2957
91.297
91.2994
91.3033
91.304
91.3184
91.319
91.3297
91.3337
91.3454
91.353
91.3544
91.3607
91.3628
91.364
91.3938
91.3976
91.399
91.4031
91.4078
91.4081
91.4214
91.427
91.4576
91.4578
91.4671
91.4756
91.4825
91.4826
91.4843
91.4847
91.4883
91.4911
91.4936
91.5003
91.5006
91.503
91.5091
91.5098
91.5141
91.5169
91.5169
91.519
91.5192
91.5192
91.5239
91.543
91.549
91.554
91.5549
91.5552
91.5697
91.5745
91.5815
91.5843
91.5933
91.6105
91.6178
91.6247
91.6294
91.6305
91.6361
91.6365
91.6443
91.648
91.6496
91.6516
91.6553
91.6554
91.6597
91.6599
91.6646
91.6675
91.6699
91.6711
91.6796
91.6828
91.6905
91.6964
91.7003
91.7151
91.7255
91.7257
91.7289
91.7335
91.7443
91.7458
91.7513
91.7579
91.7717
91.7736
91.7746
91.7802
91.7844
91.7885
91.8164
91.8198
91.8236
91.8311
91.8367
91.8373
91.8375
91.8434
91.8454
91.8529
91.8558
91.8625
91.8634
91.9017
91.9087
91.9195
91.9227
91.9384
91.9414
91.951
91.951
91.9525
91.9586
91.9667
91.9732
91.9876
91.9911
91.9935
91.9963
92.006
92.0149
92.0154
92.0185
92.0235
92.0367
92.0477
92.0493
92.0561
92.0572
92.0663
92.0694
92.0727
92.0789
92.0892
92.0911
92.0963
92.0966
92.1014
92.1014
92.1113
92.1253
92.1402
92.1598
92.1788
92.1826
92.217
92.229
92.2456
92.2504
92.252
92.2524
92.2533
92.2554
92.2703
92.2808
92.289
92.2906
92.3009
92.3062
92.3171
92.3218
92.3235
92.3365
92.3367
92.3418
92.348
92.3648
92.3715
92.3799
92.3863
92.389
92.3912
92.3951
92.4102
92.4177
92.4179
92.4563
92.4567
92.4735
92.4751
92.4798
92.4935
92.5308
92.5321
92.5333
92.5356
92.5422
92.5442
92.5653
92.5778
92.5797
92.5918
92.5935
92.6033
92.6146
92.6189
92.6463
92.6536
92.6552
92.66
92.6685
92.6754
92.6887
92.7085
92.7117
92.7141
92.7229
92.7235
92.7316
92.7622
92.7723
92.7883
92.7996
92.8034
92.8119
92.8182
92.8183
92.8277
92.8289
92.8305
92.8407
92.8416
92.8575
92.8579
92.8633
92.8657
92.875
92.8751
92.8762
92.9072
92.9093
92.9094
92.9162
92.9241
92.9486
92.9503
92.9631
92.977
92.9827
92.9845
92.9883
92.9889
92.9999
93.0268
93.0287
93.0361
93.0363
93.0455
93.0538
93.0595
93.0607
93.066
93.0762
93.083
93.0876
93.0921
93.0935
93.1037
93.1061
93.1086
93.1434
93.1592
93.1653
93.1808
93.1931
93.2018
93.2098
93.2195
93.2217
93.2231
93.2293
93.2353
93.2357
93.286
93.2904
93.2934
93.3013
93.3061
93.3077
93.3338
93.3388
93.3467
93.3577
93.3629
93.3786
93.3866
93.3886
93.4042
93.4056
93.4326
93.4347
93.4582
93.463
93.4806
93.4942
93.4953
93.4995
93.5035
93.5212
93.5254
93.526
93.5283
93.531
93.5428
93.5505
93.566
93.569
93.5692
93.5756
93.6331
93.652
93.6528
93.6585
93.7281
93.7344
93.7436
93.7461
93.7472
93.7495
93.7512
93.7611
93.7664
93.7928
93.8083
93.8134
93.8136
93.8176
93.8244
93.8483
93.8737
93.9024
93.913
93.9185
93.936
93.9365
93.9535
93.9537
93.9565
93.9668
93.9856
93.9894
93.9926
94.0247
94.0408
94.0457
94.0571
94.0576
94.0776
94.0779
94.0786
94.0787
94.0874
94.0915
94.1087
94.1238
94.1282
94.1433
94.1687
94.173
94.196
94.1978
94.2141
94.2152
94.218
94.2272
94.2332
94.237
94.249
94.2491
94.2521
94.2666
94.2732
94.285
94.2908
94.3008
94.3193
94.3201
94.3226
94.3297
94.3356
94.3676
94.4061
94.4151
94.4212
94.4421
94.4568
94.4794
94.4886
94.5043
94.5136
94.5633
94.5715
94.5733
94.5884
94.5993
94.6058
94.6182
94.6351
94.6395
94.6422
94.6426
94.649
94.6548
94.6716
94.6773
94.7289
94.7405
94.7509
94.757
94.7588
94.7748
94.7859
94.7935
94.8065
94.8095
94.8098
94.8358
94.8497
94.8512
94.861
94.878
94.8835
94.8982
94.9401
94.9407
94.9591
94.9781
95.0496
95.0534
95.0632
95.0819
95.0852
95.0994
95.0998
95.159
95.1694
95.1796
95.1876
95.1895
95.2094
95.2157
95.2218
95.2371
95.2659
95.2812
95.308
95.3272
95.3387
95.3565
95.4033
95.4126
95.4241
95.4326
95.455
95.4556
95.5263
95.5506
95.5666
95.639
95.6528
95.673
95.6887
95.6957
95.7181
95.7591
95.7627
95.7656
95.7773
95.8095
95.822
95.8235
95.8497
95.8723
95.8726
95.8774
95.879
95.8841
95.946
95.958
96.0076
96.0155
96.0257
96.0298
96.0817
96.0906
96.1061
96.1282
96.1284
96.152
96.2037
96.204
96.2308
96.2426
96.2478
96.2712
96.2966
96.314
96.3235
96.3237
96.3468
96.3532
96.3899
96.4138
96.4242
96.4422
96.4621
96.4787
96.5003
96.5119
96.5456
96.5616
96.6045
96.6138
96.7007
96.701
96.7075
96.712
96.7282
96.8277
96.8479
96.9297
96.9417
96.9712
96.9903
97.053
97.084
97.1001
97.1193
97.125
97.1305
97.135
97.1892
97.1985
97.2128
97.325
97.3647
97.4453
97.4498
97.4802
97.6004
97.6823
97.7234
97.7236
97.7403
97.8095
97.9188
97.9412
97.9414
97.9516
98.2648
98.2855
98.4535
98.4973
98.5133
98.5257
98.5258
98.53
98.5322
98.5614
98.6433
98.6689
98.7852
98.8081
98.8415
98.8869
98.8944
98.8986
98.979
99.0273
99.0947
99.3396
99.4197
99.518
99.5256
99.7036
99.8236
99.8365
99.8586
99.9319
99.9477
100.095
100.135
100.225
100.231
100.237
100.271
100.409
100.421
100.603
100.665
100.838
100.974
101.024
101.191
101.311
101.375
101.45
101.57
101.608
101.628
101.664
101.668
101.698
101.741
101.888
101.999
102.005
102.049
102.291
102.336
102.336
102.352
102.389
102.508
102.951
103.033
103.298
103.357
103.78
104.107
104.156
104.192
104.51
104.518
104.682
104.697
105.366
105.596
105.915
106.095
106.127
106.196
106.254
106.307
106.539
106.918
107.205
107.211
107.274
107.354
107.485
107.607
107.639
107.827
108.469
109.836
110.686
110.731
110.743
111.133
111.15
111.568
112.1
112.247
112.442
113.384
113.443
114.263
114.879
115.487
115.498
116.024
116.409
