77.5444
77.6491
78.1185
78.2934
78.5579
78.7712
79.008
79.0362
79.248
79.2732
79.2918
79.3088
79.4139
79.4213
79.5623
79.5784
79.6244
79.6722
79.7261
79.7689
79.7741
79.8504
79.8693
80.1444
80.2292
80.2363
80.2616
80.2883
80.2945
80.3034
80.4105
80.4314
80.4919
80.5003
80.5361
80.5647
80.5665
80.5761
80.5853
80.6842
80.7142
80.7393
80.7732
80.7809
80.8242
80.9473
80.9639
80.9684
81.0103
81.0419
81.0439
81.0455
81.0837
81.0948
81.1091
81.1212
81.1654
81.1832
81.1916
81.222
81.237
81.2509
81.3201
81.3881
81.3928
81.4128
81.4182
81.6163
81.6348
81.6663
81.6953
81.709
81.7347
81.7402
81.7452
81.7488
81.8043
81.8607
81.8786
81.934
81.9344
81.9808
82.0004
82.0113
82.0443
82.0757
82.133
82.1625
82.2096
82.2382
82.267
82.3791
82.3892
82.4163
82.4596
82.4765
82.5855
82.6202
82.6353
82.6695
82.8279
82.8598
82.9041
82.9389
82.9546
83.0765
83.3206
83.324
83.4153
83.4442
83.4779
83.5165
83.5264
83.5593
83.5671
83.5788
83.76
83.7848
83.8443
83.845
83.8507
83.9285
84.002
84.0036
84.0188
84.1169
84.1506
84.209
84.2337
84.2729
84.3065
84.3254
84.4573
84.4773
84.5937
84.7742
84.8402
84.8445
84.8725
84.9972
85.0123
85.2217
85.3052
85.4706
85.5943
85.6753
86.2375
86.279
86.4523
86.6237
86.6712
87.0702
88.0079
88.2302
88.9737
89.4062
89.8449
89.9942
90.588
90.7829
91.1849
91.2077
91.9796
92.4018
92.8666
93.4545
93.6194
93.6559
93.8747
93.9506
94.6431
95.4958
95.7741
96.8859
102.915
106.233
106.733
106.839
7050.04
7050.05
7050.07
7050.25
7050.72
7050.75
7051.67
7051.91
7051.96
7052.13
7052.26
7052.28
7052.45
7052.68
7052.8
7053.05
7053.08
7053.21
7053.27
7053.37
7053.92
7054.26
7055.2
7055.25
7055.72
7056.97
7058.51
7061.84
7063
7064.17
