70.1776
70.3182
70.5175
70.6289
70.6501
70.704
70.8652
70.8986
70.9835
70.9896
70.9931
71.0066
71.0652
71.2607
71.2661
71.3171
71.3532
71.3595
71.3825
71.4212
71.4249
71.4276
71.4911
71.5771
71.6034
71.6848
71.7413
71.7664
71.7777
71.7964
71.8353
71.8747
71.897
71.9419
71.9428
71.9436
71.9538
71.9586
71.9817
72.0154
72.0281
72.0394
72.0431
72.0522
72.0563
72.0704
72.0729
72.0817
72.0903
72.0916
72.0989
72.1045
72.1076
72.1192
72.1501
72.152
72.1675
72.1781
72.1812
72.1962
72.2033
72.2147
72.2237
72.2588
72.2629
72.2653
72.2688
72.2738
72.2795
72.2828
72.2889
72.304
72.3079
72.312
72.3177
72.3188
72.3215
72.3317
72.3319
72.3357
72.3374
72.3388
72.3448
72.3566
72.3597
72.3719
72.3752
72.3781
72.3794
72.4003
72.4029
72.4136
72.4296
72.4404
72.4422
72.4473
72.4542
72.4568
72.4611
72.462
72.4678
72.4756
72.4798
72.4856
72.4922
72.4948
72.5059
72.5077
72.5105
72.5194
72.5203
72.5247
72.5272
72.5505
72.5518
72.5563
72.5778
72.5805
72.5865
72.5878
72.5884
72.591
72.5923
72.5973
72.6036
72.6072
72.6217
72.6276
72.6357
72.6539
72.6549
72.6744
72.6873
72.6885
72.701
72.7023
72.7036
72.7107
72.7107
72.7117
72.7181
72.7337
72.7468
72.7522
72.758
72.7638
72.7674
72.7709
72.7729
72.7756
72.7766
72.7912
72.8188
72.8462
72.8472
72.859
72.8602
72.8607
72.8607
72.8656
72.8841
72.8938
72.8977
72.9021
72.9075
72.9097
72.913
72.9257
72.9291
72.9299
72.9308
72.9394
72.9448
72.9454
72.9534
72.9561
72.9592
72.9602
72.9616
72.9619
72.9659
72.9762
72.9813
72.9855
72.9865
72.9866
72.9879
72.9957
72.9992
73.0157
73.017
73.0248
73.0368
73.0368
73.037
73.0417
73.0638
73.0701
73.0722
73.0897
73.0924
73.0984
73.107
73.1072
73.1132
73.1133
73.1151
73.1187
73.1271
73.1367
73.1386
73.1427
73.1447
73.1453
73.1552
73.1589
73.1623
73.1688
73.1763
73.1773
73.1838
73.2001
73.2049
73.2127
73.2161
73.2167
73.218
73.2204
73.221
73.2245
73.238
73.2518
73.2585
73.2596
73.2602
73.2669
73.2715
73.273
73.28
73.2814
73.2838
73.2844
73.2939
73.3066
73.321
73.3216
73.3244
73.3331
73.3366
73.3369
73.3467
73.3492
73.3516
73.3626
73.3645
73.3665
73.3675
73.3692
73.3791
73.386
73.4074
73.4164
73.4206
73.4236
73.4241
73.4284
73.4338
73.441
73.443
73.4458
73.4502
73.4524
73.4629
73.4669
73.4705
73.4844
73.4906
73.5
73.5017
73.5036
73.5093
73.5178
73.5308
73.5308
73.5314
73.5315
73.5441
73.5512
73.5523
73.5576
73.572
73.5724
73.5738
73.5863
73.5883
73.5951
73.5971
73.6107
73.6227
73.6307
73.6339
73.6345
73.6408
73.6463
73.6486
73.6495
73.6503
73.6565
73.6571
73.6586
73.6603
73.6615
73.6711
73.6719
73.6807
73.6906
73.6988
73.7001
73.7011
73.7027
73.7088
73.7246
73.7343
73.7409
73.7532
73.7632
73.7633
73.7729
73.7753
73.7812
73.7844
73.7977
73.8036
73.8058
73.8244
73.8451
73.8459
73.8498
73.8509
73.8514
73.8565
73.8698
73.872
73.8764
73.8808
73.8975
73.8979
73.9142
73.9166
73.9199
73.9251
73.9269
73.9289
73.9331
73.9374
73.9431
73.9451
73.9457
73.955
73.9568
73.961
73.9637
73.9677
73.9804
73.9842
73.9909
74.0122
74.0141
74.0147
74.021
74.0216
74.023
74.0232
74.029
74.0293
74.0304
74.0374
74.0393
74.0412
74.0543
74.0554
74.0567
74.0716
74.0724
74.0731
74.0749
74.082
74.0843
74.0849
74.0883
74.0895
74.0943
74.0959
74.0971
74.0986
74.1057
74.1087
74.113
74.1164
74.1165
74.1213
74.1296
74.1364
74.1395
74.1498
74.1522
74.1541
74.1565
74.1644
74.1687
74.1729
74.1749
74.1757
74.177
74.1791
74.1805
74.1817
74.1857
74.1975
74.2014
74.203
74.2139
74.222
74.2345
74.2363
74.2378
74.2413
74.246
74.2476
74.2486
74.2507
74.2509
74.2522
74.254
74.2546
74.2634
74.2728
74.2767
74.2792
74.2799
74.2824
74.2854
74.291
74.292
74.2936
74.295
74.2978
74.2987
74.3065
74.3093
74.3153
74.3205
74.3232
74.3448
74.348
74.3695
74.3704
74.3732
74.3735
74.3853
74.3919
74.3981
74.3991
74.3996
74.4005
74.4058
74.4117
74.4173
74.4185
74.4274
74.4339
74.4364
74.4451
74.4457
74.4534
74.459
74.4592
74.4599
74.4633
74.4638
74.4727
74.4748
74.4765
74.4808
74.4887
74.4892
74.49
74.4907
74.4949
74.5054
74.5076
74.5083
74.5267
74.5283
74.5335
74.5371
74.5547
74.5581
74.5742
74.5754
74.584
74.5862
74.5874
74.606
74.6084
74.6109
74.6112
74.6122
74.6193
74.6236
74.6276
74.633
74.6367
74.6404
74.6441
74.6445
74.6459
74.6615
74.6689
74.6739
74.6748
74.6775
74.678
74.6797
74.6838
74.7107
74.7148
74.7257
74.7315
74.7399
74.7403
74.7504
74.7532
74.7701
74.773
74.7781
74.7803
74.7821
74.7835
74.7871
74.801
74.8024
74.8079
74.8093
74.8118
74.8199
74.8205
74.8301
74.832
74.8331
74.8399
74.8452
74.8574
74.8579
74.8622
74.8694
74.8749
74.8769
74.8802
74.8835
74.8844
74.8916
74.8963
74.8979
74.9
74.9085
74.9135
74.9184
74.9222
74.9231
74.9431
74.9441
74.9457
74.9576
74.9674
74.9691
74.9726
74.9767
74.9821
74.9833
74.9932
74.9989
75.0009
75.0036
75.0196
75.0197
75.0254
75.0277
75.0284
75.0325
75.0435
75.046
75.0534
75.056
75.0569
75.069
75.0727
75.0921
75.0948
75.0951
75.1011
75.1131
75.1229
75.1268
75.1274
75.1319
75.1541
75.1548
75.1619
75.1661
75.1686
75.1727
75.174
75.1955
75.1986
75.2073
75.2112
75.2129
75.2142
75.2209
75.2252
75.2272
75.231
75.2347
75.2428
75.2489
75.2515
75.2562
75.2564
75.2675
75.2704
75.2752
75.2756
75.2769
75.2841
75.2866
75.2869
75.29
75.2995
75.3134
75.3142
75.3245
75.3442
75.3466
75.3511
75.3673
75.3687
75.3709
75.3823
75.3857
75.3884
75.3924
75.398
75.4096
75.4098
75.4169
75.4243
75.4362
75.4422
75.4429
75.4762
75.4923
75.4994
75.4996
75.5053
75.5069
75.5085
75.5234
75.5238
75.5302
75.5352
75.5418
75.5641
75.5642
75.5819
75.5849
75.5927
75.5999
75.609
75.6147
75.6304
75.6306
75.6316
75.639
75.6454
75.6567
75.6584
75.6748
75.6877
75.6994
75.702
75.7099
75.7281
75.7306
75.7382
75.7447
75.7456
75.7464
75.7479
75.7553
75.7732
75.7823
75.7846
75.7939
75.7942
75.8018
75.8047
75.8056
75.8057
75.811
75.8117
75.8136
75.8369
75.8585
75.8594
75.8639
75.869
75.8704
75.8766
75.878
75.8914
75.9089
75.9117
75.9421
75.9442
75.9484
75.9497
75.9605
75.9633
75.9636
75.9665
75.9735
75.974
75.9822
75.9944
76.0009
76.0052
76.02
76.0239
76.027
76.0272
76.0292
76.0412
76.043
76.0454
76.053
76.06
76.0617
76.0692
76.0698
76.0901
76.0983
76.1007
76.1111
76.1175
76.1258
76.1425
76.1593
76.1599
76.1706
76.1728
76.1772
76.1797
76.1872
76.1947
76.2024
76.2062
76.2121
76.2397
76.2429
76.2516
76.2579
76.263
76.2695
76.2747
76.2822
76.2839
76.3144
76.3166
76.3213
76.3284
76.3415
76.3424
76.3428
76.3488
76.3544
76.3861
76.4041
76.4092
76.4287
76.4322
76.4416
76.445
76.462
76.4807
76.4814
76.4994
76.5244
76.5251
76.5327
76.5363
76.546
76.5558
76.5592
76.5653
76.5795
76.591
76.6035
76.6153
76.6354
76.6438
76.6441
76.6564
76.6646
76.6685
76.6777
76.6785
76.6945
76.7034
76.7416
76.746
76.7558
76.7564
76.7639
76.765
76.7785
76.8266
76.8371
76.8509
76.8551
76.8652
76.9048
76.9137
76.9251
76.9266
76.9337
76.9411
76.9569
76.958
76.9623
76.9653
76.9735
76.9845
76.9911
76.9994
77.0037
77.0188
77.0297
77.0515
77.0571
77.0664
77.0664
77.0824
77.0882
77.1301
77.1685
77.1833
77.1844
77.1925
77.2136
77.2157
77.2192
77.2386
77.2696
77.2722
77.2726
77.2771
77.2871
77.2879
77.2934
77.3084
77.3152
77.3189
77.3211
77.3213
77.3572
77.3765
77.3921
77.4194
77.4468
77.45
77.4518
77.4633
77.4675
77.4757
77.4766
77.4954
77.5099
77.537
77.5533
77.5794
77.5894
77.5962
77.6126
77.6334
77.6783
77.6999
77.7086
77.709
77.7408
77.7621
77.7645
77.7749
77.7776
77.8037
77.8192
77.8639
77.8642
77.8815
77.8923
77.9208
77.9519
77.9543
77.9619
77.9643
77.9721
77.9759
77.9817
77.9908
78.0297
78.0627
78.0646
78.0975
78.1039
78.1101
78.1135
78.1438
78.1454
78.1611
78.1637
78.1668
78.1712
78.176
78.1773
78.2033
78.2068
78.207
78.2246
78.2271
78.2454
78.2541
78.2562
78.259
78.2915
78.3087
78.3322
78.3393
78.351
78.3681
78.3847
78.3948
78.406
78.4077
78.4245
78.4311
78.4326
78.4344
78.4956
78.533
78.5511
78.5585
78.5621
78.568
78.5726
78.596
78.6115
78.6318
78.6356
78.6425
78.6579
78.6597
78.6901
78.7002
78.7524
78.771
78.8256
78.8356
78.8538
78.9033
78.9332
78.9527
78.9713
78.9932
78.9957
79.0267
79.0764
79.0765
79.1046
79.1284
79.1543
79.162
79.1736
79.1799
79.1926
79.1947
79.2281
79.266
79.2799
79.3038
79.3196
79.3313
79.3435
79.3543
79.3673
79.3754
79.3963
79.416
79.4307
79.4711
79.5206
79.5223
79.5244
79.5814
79.582
79.6182
79.6259
79.6282
79.6427
79.6723
79.6972
79.7145
79.7328
79.7929
79.7999
79.8105
79.9304
79.9354
79.9372
79.9985
80.0349
80.0623
80.1128
80.1272
80.1381
80.1424
80.1495
80.1696
80.1958
80.2761
80.2892
80.302
80.3235
80.3388
80.351
80.3565
80.3607
80.3755
80.391
80.4191
80.4649
80.4924
80.4928
80.5069
80.53
80.5347
80.5912
80.6122
80.6143
80.6228
80.6436
80.6568
80.6989
80.7222
80.7597
80.8369
80.8811
80.9084
80.945
81.0157
81.0477
81.0659
81.0699
81.0758
81.0768
81.0919
81.1072
81.1189
81.1487
81.2131
81.2277
81.6364
81.6914
81.7307
81.7954
81.7967
81.8937
81.9374
82.0126
82.0351
82.0378
82.0685
82.1113
82.1645
82.23
82.2716
82.3434
82.3687
82.4666
82.5186
82.5384
82.5626
82.6284
82.6695
82.6992
82.7204
82.7519
82.7536
82.7957
82.8489
82.8965
82.9073
82.9313
82.9612
83.0117
83.0469
83.1801
83.2508
83.2954
83.3234
83.3683
83.4155
83.4458
83.4573
83.6151
83.6216
83.6609
83.7226
83.8275
83.8593
84.0375
84.255
84.2578
84.3397
84.3461
84.3704
84.7006
84.7437
84.8167
85.0852
85.2165
85.3674
85.3925
85.4854
85.4933
85.496
85.5444
85.556
85.6445
85.7145
85.7418
85.9595
85.9805
86.1144
86.1251
86.1305
86.1809
86.291
86.3008
86.3949
86.4462
86.5202
86.5801
86.6291
86.805
86.8616
86.9436
86.9851
87.1434
87.363
87.6054
87.655
87.6696
87.6968
87.9714
88.1492
88.5167
88.6142
88.9678
88.9721
89.239
89.3018
89.3362
89.3783
89.9088
90.2466
90.8039
91.7671
91.7671
92.0454
92.1723
92.3893
93.2372
93.3199
93.5404
94.0975
95.2901
95.7424
95.7961
95.9628
96.8111
97.4168
97.9762
98.1873
98.763
99.2178
