83.129
83.2084
83.449
83.6943
83.8267
84.0694
84.1351
84.2044
84.3599
84.4359
84.4412
84.4606
84.4841
84.5069
84.5988
84.6214
84.6348
84.6441
84.7237
84.7297
84.7376
84.7491
84.8832
84.906
84.9151
84.9823
85.004
85.0046
85.0857
85.0885
85.1448
85.1448
85.1584
85.189
85.1935
85.2029
85.21
85.2184
85.2249
85.2451
85.2575
85.2843
85.2973
85.3597
85.3656
85.3701
85.3781
85.3792
85.3962
85.4041
85.4061
85.4507
85.4559
85.469
85.4929
85.5486
85.5529
85.5533
85.5581
85.5656
85.5672
85.5722
85.5859
85.6099
85.6165
85.6171
85.6262
85.6582
85.6675
85.6688
85.6868
85.7072
85.7257
85.7301
85.7323
85.7474
85.783
85.7845
85.7961
85.7996
85.8056
85.8524
85.8645
85.8659
85.8678
85.8708
85.8939
85.905
85.9191
85.9215
85.9226
85.9278
85.9351
85.9417
85.954
85.9561
85.9596
85.9636
85.9646
85.9667
85.9783
86.0157
86.0173
86.0197
86.0252
86.0283
86.0317
86.0381
86.0392
86.0399
86.0414
86.0681
86.0718
86.073
86.0748
86.0983
86.1054
86.1153
86.1206
86.1212
86.1246
86.1542
86.1567
86.1762
86.1888
86.2028
86.2085
86.2175
86.2193
86.2268
86.2342
86.2391
86.2413
86.243
86.2528
86.2595
86.2632
86.2715
86.2879
86.2893
86.291
86.2942
86.3026
86.3096
86.3167
86.3241
86.3275
86.3306
86.3436
86.3582
86.3587
86.3677
86.3701
86.3757
86.3818
86.3865
86.4111
86.4123
86.4196
86.4235
86.4253
86.4367
86.438
86.4422
86.4438
86.4496
86.4542
86.4591
86.4707
86.4882
86.4884
86.4894
86.4958
86.4965
86.5002
86.5077
86.5273
86.5325
86.5594
86.5636
86.5677
86.5796
86.581
86.5858
86.5862
86.5895
86.5927
86.594
86.6026
86.6088
86.6123
86.6125
86.6164
86.6168
86.6334
86.6406
86.642
86.6517
86.6619
86.6653
86.675
86.6753
86.6803
86.6818
86.684
86.6885
86.704
86.7154
86.7232
86.7275
86.7417
86.7422
86.7469
86.7523
86.7557
86.7565
86.7865
86.7866
86.7883
86.7887
86.7996
86.8014
86.8173
86.8295
86.8509
86.8605
86.8646
86.87
86.8972
86.8993
86.8994
86.9014
86.9021
86.9026
86.9118
86.9382
86.9434
86.9508
86.951
86.9551
86.9582
86.9611
86.964
86.9646
86.9649
86.965
86.9693
86.9782
86.9786
86.9808
86.9866
86.9949
87.0029
87.0111
87.0205
87.0286
87.0409
87.0528
87.0605
87.0607
87.0609
87.0747
87.0767
87.0837
87.089
87.096
87.0978
87.1035
87.108
87.114
87.1192
87.1297
87.1339
87.1354
87.1384
87.1384
87.1408
87.1446
87.1519
87.1546
87.1553
87.1613
87.166
87.1661
87.1813
87.1938
87.2085
87.2165
87.2165
87.2195
87.2355
87.2422
87.243
87.2435
87.2474
87.2487
87.259
87.2673
87.2924
87.2927
87.2935
87.2964
87.2967
87.2985
87.3064
87.3112
87.3181
87.3211
87.3315
87.3323
87.3425
87.35
87.3526
87.3576
87.3578
87.3645
87.3767
87.3768
87.3921
87.3971
87.4026
87.4136
87.4215
87.423
87.4324
87.4356
87.4358
87.4391
87.4451
87.4591
87.464
87.4783
87.479
87.4868
87.4948
87.5
87.5056
87.5088
87.5128
87.5224
87.5231
87.5244
87.5292
87.5309
87.5413
87.5433
87.5476
87.5517
87.5559
87.5699
87.5905
87.5952
87.603
87.6105
87.6185
87.6201
87.6224
87.6293
87.64
87.6441
87.6443
87.6472
87.6598
87.6609
87.662
87.6698
87.6705
87.6984
87.6987
87.7102
87.7124
87.7167
87.7188
87.7209
87.7223
87.7277
87.7311
87.7335
87.7503
87.7561
87.7597
87.7599
87.7601
87.7604
87.763
87.7661
87.7798
87.7808
87.7875
87.7945
87.7964
87.8025
87.808
87.8146
87.8174
87.8175
87.8218
87.8243
87.8405
87.8449
87.8496
87.8598
87.8651
87.8712
87.8719
87.8868
87.8921
87.8957
87.9009
87.9219
87.9289
87.9321
87.9367
87.9368
87.9448
87.9497
87.9559
87.9568
87.9583
87.9587
87.9622
87.9672
87.9687
87.9694
87.9695
87.9729
87.9771
87.9829
87.9927
87.9969
88.0091
88.0129
88.0143
88.0156
88.0169
88.0173
88.0199
88.0311
88.0314
88.0367
88.0408
88.0513
88.0515
88.0682
88.0706
88.0726
88.0789
88.081
88.0918
88.1103
88.117
88.1181
88.1201
88.1234
88.125
88.1265
88.135
88.1486
88.1489
88.1651
88.171
88.1747
88.1773
88.1944
88.2006
88.2018
88.2036
88.2044
88.2091
88.2131
88.2134
88.2213
88.2285
88.2414
88.2439
88.2443
88.2526
88.2591
88.2644
88.2689
88.2803
88.2827
88.2834
88.2834
88.2898
88.2977
88.2996
88.2999
88.3039
88.3081
88.3232
88.3393
88.3591
88.3675
88.3696
88.373
88.3962
88.3967
88.3981
88.4108
88.4184
88.4187
88.422
88.4255
88.4355
88.4436
88.4533
88.4722
88.4737
88.4881
88.4893
88.5
88.5017
88.5126
88.5158
88.5179
88.5301
88.5328
88.5332
88.5686
88.5708
88.5769
88.5774
88.5963
88.5996
88.6021
88.647
88.6498
88.6503
88.6513
88.653
88.661
88.6612
88.6615
88.6691
88.6702
88.6719
88.6727
88.6803
88.6935
88.7084
88.7123
88.716
88.7182
88.7207
88.7304
88.7399
88.7405
88.7409
88.747
88.7476
88.7549
88.7552
88.7577
88.7631
88.7646
88.7685
88.7697
88.7743
88.7806
88.7923
88.8012
88.8034
88.8045
88.8084
88.816
88.8223
88.8223
88.833
88.8409
88.855
88.8711
88.8763
88.8853
88.8886
88.8943
88.9117
88.9213
88.9249
88.932
88.9411
88.9417
88.946
88.9547
88.9549
88.9573
88.9633
88.9698
88.975
88.9761
88.9941
89.0062
89.0074
89.0157
89.0549
89.0673
89.0799
89.0912
89.0943
89.1142
89.1215
89.1287
89.1295
89.1488
89.1535
89.16
89.1621
89.1678
89.1776
89.1968
89.2004
89.2132
89.219
89.2266
89.2478
89.2553
89.2696
89.2821
89.2877
89.2926
89.3071
89.3099
89.3268
89.3338
89.3538
89.363
89.3746
89.4069
89.4183
89.4473
89.475
89.4869
89.4883
89.4892
89.4979
89.4996
89.5033
89.5368
89.5428
89.5619
89.5743
89.5827
89.584
89.5956
89.6011
89.6312
89.634
89.6413
89.6839
89.6864
89.7127
89.7137
89.7257
89.7319
89.7322
89.7418
89.745
89.7457
89.7564
89.7568
89.7678
89.7788
89.7813
89.7984
89.8359
89.8483
89.8575
89.8592
89.8637
89.8935
89.9018
89.9207
89.927
89.94
89.9437
89.9487
89.953
89.9548
89.9612
89.9634
89.9636
89.9677
89.9687
89.9741
89.9809
89.982
89.9931
89.9974
89.9977
90.0025
90.0051
90.0197
90.0362
90.0484
90.0731
90.0796
90.0872
90.1138
90.1166
90.1184
90.1217
90.1357
90.1363
90.1416
90.1497
90.1623
90.1753
90.1984
90.2015
90.2041
90.219
90.2232
90.2393
90.2685
90.324
90.3258
90.3347
90.3432
90.3451
90.3483
90.3504
90.3643
90.3666
90.3682
90.3713
90.3844
90.4293
90.4295
90.4389
90.4706
90.486
90.4884
90.4892
90.4902
90.493
90.5203
90.5215
90.5248
90.5275
90.5292
90.5525
90.5786
90.605
90.6334
90.6347
90.637
90.6527
90.6614
90.6739
90.6789
90.7135
90.7219
90.7279
90.75
90.7556
90.7702
90.7822
90.8004
90.8075
90.8206
90.8222
90.8283
90.83
90.8312
90.8839
90.9009
90.9075
90.912
90.9176
90.9209
90.9586
90.964
90.9655
90.9766
90.9877
91.0073
91.0103
91.0171
91.0449
91.082
91.0969
91.1127
91.1171
91.1423
91.181
91.1869
91.1949
91.1998
91.2032
91.2222
91.2325
91.2415
91.2571
91.2659
91.2677
91.2746
91.284
91.3063
91.3102
91.3114
91.3144
91.36
91.3679
91.4011
91.4019
91.4023
91.4184
91.4283
91.4312
91.4318
91.4814
91.4862
91.4946
91.5268
91.5446
91.5772
91.5824
91.6026
91.6131
91.6253
91.6311
91.6426
91.6805
91.6936
91.7119
91.717
91.7578
91.7652
91.7754
91.8035
91.8047
91.8179
91.8358
91.8398
91.8542
91.858
91.8615
91.8737
91.9235
91.9773
92.0379
92.0593
92.0749
92.0754
92.0772
92.1319
92.1482
92.1677
92.2455
92.2482
92.2532
92.2954
92.3168
92.3193
92.3304
92.3629
92.3932
92.5121
92.5298
92.6262
92.6697
92.6943
92.6973
92.698
92.7244
92.7247
92.7891
92.8051
92.836
92.8585
92.862
92.9098
92.9172
92.9211
92.9473
92.983
92.9945
93.0074
93.0557
93.0707
93.1534
93.1829
93.2109
93.2765
93.2775
93.3213
93.3714
93.379
93.3959
93.4072
93.4138
93.4275
93.4382
93.4434
93.4787
93.4793
93.4855
93.5184
93.5282
93.5304
93.5469
93.5613
93.5737
93.6011
93.6191
93.6465
93.6508
93.7202
93.76
93.7942
93.8412
93.8892
94.017
94.0246
94.0275
94.034
94.0665
94.1033
94.1251
94.2268
94.3037
94.3378
94.368
94.4316
94.4583
94.5169
94.6923
94.7685
94.8036
94.9147
94.9198
94.9326
94.9466
94.9667
95.0195
95.0306
95.0847
95.1222
95.1464
95.1683
95.2008
95.2176
95.2258
95.2432
95.2466
95.252
95.2841
95.2912
95.4804
95.6883
95.6907
95.7034
95.7039
95.708
95.9179
95.9796
95.9801
96.0555
96.1058
96.119
96.1777
96.2195
96.2282
96.2497
96.4714
96.4847
96.5539
96.6127
96.6231
96.6445
96.8362
96.96
96.9683
97.0433
97.0642
97.1163
97.2172
97.4061
97.4365
97.4433
97.5441
97.6591
97.8754
97.9247
97.948
98.0947
98.2712
98.2964
98.4692
98.48
98.687
98.7156
98.8469
98.93
99.1353
99.2457
99.3591
99.3904
99.4076
99.8017
100.101
100.102
100.355
100.391
100.432
100.445
100.464
100.55
100.626
100.748
100.915
100.982
101.598
101.905
102.04
102.556
102.579
102.658
102.665
102.786
102.788
102.816
103.328
103.685
103.819
104.35
104.47
104.593
104.658
104.969
105.41
105.415
105.43
105.433
106.134
106.181
106.492
106.562
106.735
108.066
108.275
108.319
109.125
109.253
109.74
109.934
109.963
110.439
110.493
110.507
111.787
111.961
111.98
112.093
112.58
112.894
177.087
177.554
181.303
191.998
