92.4511
92.7506
92.9555
93.0158
93.12
93.236
93.3771
93.4229
93.4384
93.4835
93.5784
93.6113
93.6628
93.7169
93.7242
93.7295
93.7444
93.7855
93.9001
93.9232
93.9452
93.9456
93.9595
93.9817
94.0079
94.0263
94.0595
94.1284
94.1396
94.1696
94.1724
94.2228
94.2348
94.2513
94.2702
94.3242
94.3784
94.4008
94.4103
94.4167
94.4413
94.4482
94.4618
94.4777
94.4819
94.4883
94.4981
94.503
94.5188
94.544
94.5531
94.5675
94.5747
94.5811
94.5851
94.5978
94.604
94.612
94.6142
94.6182
94.6545
94.6874
94.693
94.7158
94.7481
94.7515
94.7861
94.8058
94.8975
94.9483
94.9581
94.9596
95.0037
95.0053
95.0281
95.0449
95.0596
95.0885
95.0951
95.1015
95.1343
95.1432
95.1512
95.1543
95.16
95.1603
95.1622
95.1624
95.1686
95.1694
95.196
95.1996
95.2122
95.2135
95.2135
95.2231
95.2268
95.2483
95.2562
95.2733
95.2901
95.297
95.3008
95.3061
95.3099
95.3103
95.3114
95.3349
95.3396
95.3555
95.3702
95.3822
95.3971
95.4149
95.4193
95.4262
95.4746
95.4891
95.4942
95.5042
95.5265
95.5475
95.5787
95.5852
95.5924
95.6057
95.61
95.6771
95.6843
95.6885
95.7033
95.7116
95.7487
95.766
95.8026
95.8092
95.8347
95.8396
95.8436
95.8502
95.8556
95.8574
95.8662
95.9009
95.9018
95.9093
95.9222
95.9325
95.9625
95.9799
95.9816
96.0113
96.0187
96.0492
96.0672
96.0919
96.155
96.1581
96.1641
96.1857
96.1896
96.1986
96.2026
96.2046
96.2089
96.2146
96.2222
96.2507
96.2755
96.2987
96.3102
96.3328
96.348
96.3538
96.3735
96.3775
96.3809
96.3874
96.3891
96.3909
96.4202
96.4235
96.4298
96.4495
96.4799
96.5044
96.5084
96.5284
96.5411
96.5426
96.5503
96.5625
96.581
96.5832
96.638
96.6652
96.6829
96.6899
96.7214
96.7238
96.7273
96.7574
96.7644
96.7892
96.7939
96.7941
96.8044
96.8068
96.8252
96.8288
96.8386
96.8416
96.8863
96.8997
96.9212
96.9298
96.93
96.939
96.9511
96.9802
96.9829
96.9926
97.0292
97.0332
97.0377
97.0451
97.0564
97.066
97.0664
97.0822
97.0854
97.094
97.1124
97.1743
97.1894
97.2172
97.2191
97.2208
97.2252
97.2442
97.2448
97.2461
97.2576
97.2625
97.2666
97.3085
97.3088
97.3162
97.3284
97.3313
97.3391
97.3418
97.3665
97.3853
97.3874
97.3968
97.4043
97.4244
97.4431
97.4862
97.4969
97.5046
97.5212
97.5357
97.5406
97.5521
97.5562
97.5644
97.5651
97.5824
97.5934
97.5937
97.6111
97.6301
97.6499
97.6601
97.7064
97.7112
97.7583
97.7652
97.7689
97.7735
97.7779
97.7876
97.8096
97.8097
97.8254
97.8278
97.8311
97.9084
97.9092
97.9298
97.9355
97.9416
97.9431
97.966
97.9661
97.9692
97.971
97.9725
97.9872
98.0339
98.0345
98.0356
98.0364
98.0598
98.0601
98.0646
98.1313
98.1321
98.1327
98.1527
98.1704
98.1856
98.1874
98.1994
98.2057
98.2077
98.2427
98.2463
98.2501
98.2908
98.3049
98.3222
98.3368
98.3468
98.3514
98.3754
98.3875
98.4162
98.5081
98.5349
98.5965
98.6143
98.6847
98.7108
98.7277
98.7314
98.7411
98.8152
98.8637
98.879
99.0383
99.0473
99.0642
99.0815
99.0831
99.1001
99.1436
99.169
99.1799
99.1943
99.226
99.2297
99.2438
99.2733
99.2766
99.2969
99.3098
99.3181
99.3408
99.355
99.3765
99.3774
99.4015
99.4132
99.4566
99.4691
99.4712
99.4919
99.5135
99.5149
99.5252
99.6107
99.6399
99.7049
99.7559
99.8614
99.9269
99.9869
99.9881
100.096
100.214
100.216
100.225
100.248
100.291
100.308
100.402
100.486
100.644
100.65
100.751
100.829
100.835
100.949
101.033
101.033
101.086
101.104
101.142
101.179
101.289
101.34
101.451
101.471
101.477
101.483
101.495
101.575
101.661
101.715
101.89
101.905
101.922
102.012
102.024
102.066
102.068
102.108
102.322
102.327
102.39
102.409
102.469
102.587
102.663
102.921
102.952
103.004
103.128
103.134
103.21
103.26
103.295
103.386
103.428
103.469
103.511
103.775
103.794
103.85
103.861
103.903
104.086
104.24
104.311
104.47
104.511
104.572
104.925
105.012
105.14
105.212
105.323
105.658
105.852
106.19
106.278
106.282
106.299
106.309
106.336
106.6
106.693
106.698
107.145
107.358
108.027
108.318
108.378
108.596
108.822
108.935
109.215
109.361
109.374
109.548
110.507
110.594
111.453
111.621
112.206
113.064
113.115
113.898
114.373
114.63
114.807
114.943
115.532
115.578
116.062
116.916
117.124
117.163
117.727
118.238
119.18
119.772
121.648
