101.379
101.454
101.463
101.636
101.762
101.934
101.968
102.154
102.305
102.334
102.42
102.505
102.558
102.598
102.599
102.616
102.644
102.791
102.82
102.85
102.878
102.891
102.913
102.925
102.965
102.993
103.018
103.033
103.048
103.092
103.098
103.121
103.128
103.149
103.154
103.174
103.183
103.198
103.22
103.24
103.276
103.305
103.305
103.32
103.32
103.325
103.364
103.376
103.387
103.401
103.409
103.459
103.573
103.589
103.629
103.639
103.671
103.689
103.717
103.723
103.743
103.755
103.774
103.806
103.816
103.817
103.827
103.827
103.845
103.85
103.859
103.888
103.932
103.947
103.95
103.964
103.964
104.074
104.157
104.159
104.16
104.161
104.181
104.208
104.217
104.226
104.231
104.235
104.245
104.248
104.271
104.275
104.282
104.29
104.3
104.301
104.328
104.347
104.373
104.387
104.404
104.41
104.418
104.446
104.448
104.454
104.467
104.474
104.532
104.544
104.567
104.573
104.577
104.588
104.601
104.621
104.658
104.663
104.669
104.673
104.675
104.682
104.713
104.771
104.786
104.788
104.865
104.887
104.89
104.917
104.921
104.926
104.959
105.028
105.03
105.032
105.035
105.048
105.069
105.078
105.078
105.098
105.106
105.107
105.111
105.128
105.178
105.243
105.245
105.253
105.262
105.265
105.307
105.321
105.341
105.342
105.348
105.353
105.353
105.362
105.386
105.39
105.399
105.413
105.431
105.466
105.468
105.471
105.479
105.542
105.558
105.568
105.569
105.573
105.598
105.622
105.623
105.634
105.661
105.673
105.693
105.708
105.718
105.718
105.724
105.75
105.75
105.79
105.795
105.796
105.81
105.814
105.832
105.836
105.854
105.896
105.964
105.996
106.007
106.027
106.042
106.056
106.058
106.064
106.067
106.111
106.113
106.114
106.125
106.147
106.152
106.21
106.213
106.254
106.259
106.263
106.295
106.31
106.348
106.372
106.393
106.396
106.409
106.419
106.42
106.421
106.428
106.442
106.492
106.513
106.515
106.519
106.519
106.531
106.625
106.636
106.641
106.658
106.682
106.683
106.709
106.709
106.748
106.749
106.767
106.771
106.78
106.883
106.917
106.926
106.938
106.963
106.993
107.01
107.011
107.031
107.031
107.088
107.088
107.14
107.184
107.236
107.319
107.343
107.371
107.394
107.423
107.448
107.511
107.574
107.602
107.603
107.658
107.659
107.751
107.777
107.839
107.906
107.913
107.916
107.975
108.057
108.093
108.102
108.137
108.143
108.17
108.185
108.201
108.244
108.269
108.349
108.438
108.466
108.569
108.581
108.615
108.744
108.779
108.793
108.826
108.852
108.866
109.002
109.007
109.009
109.014
109.111
109.125
109.139
109.196
109.263
109.402
109.626
109.662
109.685
109.716
110.026
110.045
110.195
110.305
110.351
110.401
110.427
110.528
110.589
110.637
110.741
110.766
110.844
110.893
110.953
110.963
110.992
111.046
111.086
111.118
111.301
111.479
111.626
111.659
111.818
111.844
111.847
111.959
111.998
112.134
112.199
112.427
112.446
112.658
112.806
112.962
112.967
113.151
113.168
113.183
113.331
113.499
113.857
113.934
113.935
113.966
114.129
114.182
114.324
114.399
114.48
114.948
115.3
115.919
116.209
116.434
116.602
116.713
116.973
117.005
117.092
117.968
118.738
120.137
120.949
121.212
121.786
121.831
122.109
123.703
124.047
124.114
125.49
126.528
128.307
