84.1091
85.2676
85.4697
85.5604
85.5818
85.9077
86.1689
86.3095
86.3367
86.3823
86.4805
86.5169
86.5599
86.606
86.6779
86.7626
86.8016
86.9308
86.9324
86.9477
86.951
86.96
86.9688
87.0011
87.0153
87.0164
87.0213
87.0274
87.0313
87.0318
87.0535
87.0807
87.1027
87.1208
87.1254
87.1419
87.1468
87.167
87.1874
87.1914
87.1999
87.2124
87.2412
87.2579
87.2758
87.316
87.3223
87.3466
87.3523
87.3547
87.3712
87.3726
87.3863
87.3904
87.4442
87.4453
87.4507
87.4581
87.4643
87.4781
87.4818
87.4838
87.5018
87.514
87.5147
87.5263
87.5355
87.5759
87.5769
87.581
87.5849
87.5976
87.6035
87.622
87.6253
87.6274
87.63
87.666
87.6707
87.6723
87.6767
87.7066
87.71
87.7164
87.7203
87.7206
87.7247
87.7292
87.742
87.7433
87.7435
87.7538
87.7586
87.7663
87.7701
87.7726
87.7911
87.8117
87.8198
87.8225
87.8283
87.8341
87.8382
87.8403
87.8509
87.8591
87.8657
87.8805
87.8821
87.89
87.8951
87.9555
87.9659
87.9672
87.9672
87.9847
87.987
87.9984
88.0134
88.0161
88.0188
88.0209
88.034
88.0376
88.0437
88.047
88.0527
88.0531
88.0573
88.058
88.0623
88.0693
88.0705
88.0733
88.0737
88.0877
88.0904
88.0922
88.0967
88.1118
88.1153
88.1162
88.1175
88.1184
88.1228
88.123
88.1295
88.1301
88.1326
88.1343
88.1364
88.1412
88.1414
88.1433
88.1433
88.1498
88.1632
88.1672
88.1719
88.1724
88.1849
88.1857
88.1957
88.198
88.2004
88.2076
88.2335
88.2565
88.2588
88.2658
88.2704
88.2716
88.2776
88.2959
88.306
88.3166
88.3251
88.3261
88.3446
88.3483
88.3493
88.3571
88.3859
88.3909
88.3961
88.4017
88.4028
88.4206
88.4286
88.4351
88.4435
88.4481
88.451
88.4573
88.4793
88.4799
88.4822
88.491
88.5013
88.5049
88.5056
88.5142
88.5153
88.5279
88.528
88.5347
88.5504
88.5511
88.5515
88.5573
88.5727
88.5811
88.584
88.5842
88.5865
88.5891
88.5977
88.6013
88.6016
88.6068
88.6136
88.6161
88.6188
88.6223
88.6237
88.6262
88.6387
88.6393
88.6475
88.6573
88.6602
88.6682
88.6735
88.6829
88.6989
88.7073
88.7117
88.7266
88.7275
88.7329
88.7346
88.7393
88.746
88.749
88.7703
88.7808
88.7897
88.7898
88.7932
88.7934
88.7948
88.7986
88.8084
88.8273
88.8297
88.8332
88.8466
88.8501
88.852
88.8572
88.8663
88.8681
88.8737
88.875
88.8799
88.8916
88.8924
88.8969
88.8995
88.9038
88.9128
88.913
88.9193
88.9255
88.931
88.9332
88.9407
88.9494
88.9533
88.9556
88.9565
88.9579
88.9607
88.9667
88.9684
88.9721
88.9733
88.9743
88.9763
88.9857
88.9947
88.9959
88.9982
88.9989
89.0024
89.005
89.0109
89.0148
89.0188
89.0263
89.033
89.0384
89.0617
89.0618
89.0758
89.0785
89.0942
89.1045
89.1164
89.1172
89.1195
89.1247
89.1309
89.133
89.1344
89.1425
89.149
89.1572
89.1585
89.1704
89.1761
89.1798
89.1912
89.1925
89.1925
89.1953
89.2059
89.209
89.2106
89.2122
89.2148
89.2244
89.226
89.2261
89.235
89.2577
89.2595
89.265
89.2714
89.2745
89.2807
89.2993
89.2996
89.3004
89.3019
89.3122
89.3264
89.3264
89.3362
89.3427
89.3429
89.3516
89.3517
89.3593
89.3707
89.3743
89.388
89.3909
89.391
89.3917
89.3949
89.4025
89.4027
89.4133
89.4182
89.4207
89.4241
89.4247
89.4313
89.4352
89.4373
89.4382
89.4424
89.4601
89.465
89.4689
89.4718
89.472
89.4724
89.4754
89.4894
89.4954
89.4977
89.4996
89.5285
89.5351
89.5385
89.5537
89.5576
89.5604
89.5704
89.5743
89.5945
89.5967
89.61
89.6289
89.6293
89.636
89.6535
89.6657
89.6697
89.6737
89.6741
89.6763
89.6766
89.6775
89.6828
89.6893
89.6917
89.7156
89.7233
89.7357
89.74
89.7513
89.7523
89.7557
89.7581
89.7628
89.7634
89.7652
89.7708
89.7772
89.7799
89.7835
89.7844
89.7856
89.7864
89.8017
89.8024
89.8024
89.8081
89.8154
89.8158
89.8195
89.8303
89.8322
89.8332
89.8357
89.8392
89.8516
89.8516
89.8613
89.8626
89.8675
89.8686
89.8694
89.8777
89.8782
89.8803
89.8956
89.902
89.914
89.9145
89.9342
89.9373
89.9406
89.9502
89.9536
89.9581
89.9586
89.9595
89.9596
89.962
89.9659
89.99
89.9929
89.9958
89.997
90.0128
90.0142
90.0181
90.0205
90.0284
90.0306
90.0391
90.0419
90.0445
90.0446
90.0518
90.0678
90.0786
90.0844
90.0883
90.0925
90.1038
90.1075
90.1223
90.1265
90.131
90.1428
90.1432
90.1472
90.1502
90.1516
90.1534
90.158
90.1588
90.164
90.1674
90.1683
90.1697
90.1725
90.1777
90.1873
90.201
90.2096
90.2129
90.2159
90.2217
90.2247
90.2296
90.2417
90.2459
90.2489
90.2577
90.2682
90.2746
90.276
90.2799
90.2868
90.308
90.312
90.3165
90.334
90.3361
90.3502
90.3502
90.3612
90.3622
90.3644
90.3707
90.373
90.3772
90.3878
90.4079
90.4101
90.4119
90.4171
90.4235
90.4354
90.4417
90.4439
90.4499
90.4517
90.466
90.4839
90.4906
90.4911
90.4959
90.5003
90.5014
90.5059
90.53
90.5334
90.5359
90.5412
90.5483
90.5492
90.5643
90.5747
90.5805
90.5854
90.6007
90.6067
90.6098
90.6183
90.6273
90.6397
90.6447
90.6562
90.6577
90.6598
90.6604
90.6613
90.6614
90.6686
90.6705
90.6734
90.6801
90.6966
90.7153
90.7159
90.7271
90.7272
90.7291
90.7372
90.7379
90.752
90.7541
90.7545
90.7704
90.7762
90.7789
90.7878
90.7881
90.7893
90.7948
90.8009
90.8028
90.815
90.8401
90.8412
90.8419
90.8546
90.8654
90.8715
90.8735
90.8736
90.874
90.8849
90.8858
90.8963
90.9113
90.9336
90.9397
90.9409
90.9412
90.9417
90.9456
90.9907
90.9977
91.0045
91.0055
91.0106
91.0108
91.013
91.0151
91.03
91.035
91.0387
91.0387
91.0405
91.0458
91.0704
91.0707
91.0885
91.0907
91.0917
91.0923
91.0924
91.1035
91.1178
91.1306
91.1437
91.1459
91.1574
91.167
91.1924
91.1956
91.2068
91.2142
91.2164
91.2225
91.2271
91.2285
91.2311
91.2433
91.2642
91.2693
91.286
91.2904
91.2977
91.303
91.3034
91.3111
91.3372
91.3392
91.3421
91.3435
91.3536
91.3638
91.3776
91.3883
91.393
91.3981
91.4071
91.4384
91.4501
91.465
91.4834
91.4858
91.5041
91.5056
91.5081
91.5283
91.5358
91.5371
91.5411
91.5569
91.5731
91.5824
91.5841
91.5873
91.6004
91.602
91.6063
91.6306
91.631
91.6396
91.6481
91.6502
91.653
91.6558
91.6737
91.6806
91.7018
91.7102
91.7121
91.7292
91.7315
91.7366
91.7469
91.7597
91.7668
91.7729
91.7739
91.7755
91.7916
91.8097
91.8107
91.8157
91.8243
91.834
91.835
91.8424
91.8697
91.8728
91.8786
91.8787
91.9059
91.9145
91.9329
91.9453
91.9486
91.955
91.9586
91.9627
91.9642
91.9666
91.9895
91.9976
92.0013
92.0021
92.0148
92.038
92.0516
92.0546
92.0751
92.0871
92.1003
92.1017
92.1042
92.1084
92.1165
92.117
92.1198
92.1266
92.1309
92.1385
92.1556
92.1557
92.1627
92.1697
92.1851
92.1968
92.2112
92.2152
92.2383
92.2442
92.2532
92.26
92.2602
92.2645
92.269
92.2885
92.2904
92.3008
92.3015
92.3142
92.3173
92.3358
92.3478
92.3496
92.3502
92.3519
92.3589
92.3755
92.3856
92.3933
92.3951
92.4361
92.439
92.4647
92.4706
92.4727
92.4778
92.4786
92.4924
92.4991
92.5044
92.5098
92.5188
92.5258
92.5261
92.5452
92.547
92.5617
92.5672
92.6424
92.677
92.6783
92.6901
92.6916
92.6998
92.7016
92.7063
92.7068
92.7126
92.7317
92.7333
92.7419
92.7505
92.7552
92.7723
92.7967
92.8084
92.8087
92.8192
92.8198
92.8321
92.8449
92.8633
92.8745
92.8778
92.8869
92.9021
92.9042
92.9074
92.9079
92.9141
92.9187
92.9378
92.9755
92.9813
92.9818
92.9869
93.0029
93.0099
93.0102
93.036
93.0619
93.0669
93.0832
93.0882
93.0917
93.1056
93.1136
93.1301
93.1441
93.1494
93.1521
93.1538
93.1709
93.1741
93.1907
93.2065
93.2067
93.2238
93.2454
93.253
93.2633
93.2923
93.2945
93.3222
93.3223
93.3283
93.3297
93.3565
93.3686
93.3773
93.414
93.4321
93.4356
93.4427
93.4933
93.514
93.5241
93.535
93.5401
93.5605
93.6193
93.6337
93.6385
93.6395
93.652
93.6725
93.7024
93.7318
93.7335
93.8009
93.8025
93.8107
93.8165
93.8548
93.9026
93.915
93.9315
93.9419
93.9572
93.9783
94.0081
94.0084
94.0242
94.0289
94.0384
94.0511
94.056
94.0832
94.084
94.1034
94.1178
94.1755
94.1841
94.2117
94.2602
94.2792
94.2937
94.2983
94.3147
94.3421
94.3469
94.3544
94.3584
94.3772
94.4248
94.4308
94.4344
94.4372
94.4479
94.4852
94.5062
94.5079
94.5109
94.5427
94.5529
94.6177
94.6465
94.6491
94.6781
94.6794
94.6923
94.7182
94.7296
94.738
94.7416
94.7591
94.7649
94.7667
94.838
94.8575
94.8865
94.8949
94.9139
94.9248
94.9428
94.9635
94.9703
95.023
95.0251
95.0389
95.052
95.0777
95.0861
95.087
95.1066
95.1167
95.1525
95.1544
95.1577
95.2171
95.2354
95.3098
95.316
95.3217
95.335
95.3545
95.3801
95.4487
95.4742
95.4794
95.5205
95.5971
95.6319
95.7034
95.7356
95.7497
95.7748
95.8165
95.8402
95.8474
95.9116
95.9148
95.9355
95.9966
96.0325
96.0486
96.0491
96.1023
96.1175
96.1224
96.1237
96.1286
96.1307
96.1332
96.1372
96.1448
96.1768
96.2198
96.235
96.2889
96.3373
96.3961
96.4056
96.4769
96.492
96.5994
96.6315
96.6693
96.693
96.7158
96.7174
96.7444
96.7581
96.7584
96.7591
96.7827
96.8051
96.8209
96.8768
96.9393
96.9667
97.1043
97.2254
97.2593
97.263
97.2887
97.3234
97.3711
97.3896
97.3932
97.3953
97.4247
97.4639
97.4787
97.48
97.5067
97.51
97.5241
97.5346
97.5718
97.6614
97.8448
98.0132
98.0472
98.0651
98.127
98.1424
98.189
98.2098
98.2664
98.2732
98.3776
98.5071
98.5269
98.6457
98.697
98.7306
98.7864
98.836
98.9319
98.9527
98.9892
99.049
99.1196
99.1247
99.1248
99.3886
99.4398
99.5227
99.5242
99.5643
99.6891
99.7916
100.124
100.184
100.505
100.56
100.627
100.679
100.885
101.202
101.228
101.264
101.803
102.036
102.196
102.3
102.469
102.495
102.599
102.655
102.77
103.101
103.136
103.162
103.748
103.817
104.013
104.066
104.094
104.179
104.209
104.249
104.263
104.434
104.628
104.991
105.512
105.532
105.658
106.207
106.302
106.317
107.03
107.4
107.774
108.038
108.131
108.466
108.671
109.548
109.554
109.573
110.504
110.781
111.04
111.468
111.759
112.104
112.564
186.68
191.215
2106.05
2106.75
2107.34
2107.48
2107.76
2108.06
2108.3
2108.64
2108.99
2109.82
2110.37
2111.13
2112.16
2113.34
2118.93
