79.605
79.6229
79.7063
79.9098
80.0127
80.1018
80.2131
80.2198
80.2785
80.2808
80.295
80.2987
80.5755
80.6133
80.6753
80.7611
80.8572
80.8627
80.8734
80.8817
80.8915
80.9128
80.9137
80.9373
80.9924
81.0576
81.0809
81.1084
81.116
81.1429
81.2147
81.2185
81.2721
81.3043
81.3668
81.3862
81.4135
81.4327
81.4413
81.4679
81.4702
81.4776
81.4822
81.4824
81.5418
81.5488
81.5583
81.5604
81.5952
81.6041
81.6412
81.6616
81.6811
81.695
81.705
81.7251
81.7428
81.7729
81.7792
81.7851
81.7965
81.8255
81.8293
81.832
81.8669
81.8932
81.8948
81.9038
81.9453
81.9522
81.9626
81.9662
81.9692
81.9741
81.9798
81.9923
81.9936
82.0111
82.0346
82.0462
82.0612
82.0676
82.0828
82.0954
82.1227
82.1228
82.1549
82.1555
82.1591
82.1622
82.1748
82.1751
82.1752
82.193
82.1943
82.206
82.2067
82.2203
82.2411
82.2643
82.2889
82.3033
82.3184
82.3203
82.3239
82.3267
82.3346
82.3562
82.3659
82.3747
82.383
82.3848
82.3869
82.3998
82.411
82.4162
82.4177
82.4426
82.4483
82.4558
82.4605
82.4624
82.4635
82.4642
82.4642
82.4669
82.4774
82.4807
82.4853
82.4917
82.5317
82.5375
82.5458
82.6039
82.6081
82.612
82.6159
82.6182
82.629
82.6368
82.6397
82.6588
82.6617
82.6691
82.6729
82.6779
82.6897
82.6915
82.6941
82.6967
82.7076
82.7095
82.7192
82.7207
82.7334
82.7345
82.758
82.7581
82.7582
82.7727
82.7903
82.7907
82.7963
82.8139
82.8252
82.8484
82.8504
82.8539
82.8544
82.8848
82.8936
82.9009
82.9135
82.9153
82.9284
82.9307
82.9311
82.9421
82.9476
82.952
82.9591
82.9631
82.9831
82.9832
82.9838
82.9885
82.9911
82.9964
83.0511
83.0909
83.0989
83.144
83.1735
83.1806
83.1857
83.1872
83.1934
83.2011
83.2174
83.2441
83.253
83.256
83.2623
83.2707
83.2719
83.2853
83.2926
83.2973
83.2998
83.3031
83.3052
83.3237
83.3274
83.3373
83.3422
83.3632
83.3649
83.3684
83.3754
83.4198
83.4254
83.4316
83.4391
83.4403
83.4543
83.4582
83.4692
83.4847
83.4917
83.4996
83.5275
83.5277
83.5409
83.5882
83.5903
83.6051
83.6089
83.6156
83.626
83.6648
83.6667
83.6771
83.6825
83.6842
83.6859
83.6863
83.6972
83.7005
83.7037
83.7352
83.7572
83.7781
83.7904
83.7972
83.8022
83.8398
83.8571
83.8656
83.8686
83.8706
83.8764
83.8765
83.8841
83.9301
83.9307
83.999
84.0142
84.0147
84.0154
84.0375
84.0458
84.0498
84.0549
84.0576
84.065
84.1277
84.1577
84.1717
84.1726
84.1887
84.2094
84.2123
84.2152
84.2229
84.227
84.232
84.2642
84.2687
84.2872
84.3003
84.3019
84.3065
84.3081
84.3174
84.3357
84.337
84.3382
84.3412
84.3463
84.3498
84.3569
84.3588
84.3618
84.3667
84.3808
84.3945
84.3952
84.4045
84.4523
84.4577
84.4659
84.4996
84.5154
84.5167
84.5415
84.555
84.5834
84.5842
84.5968
84.6067
84.644
84.6479
84.6611
84.6644
84.6796
84.6849
84.6856
84.6975
84.7173
84.7259
84.7375
84.7598
84.7619
84.7728
84.775
84.7805
84.8065
84.858
84.8823
84.9325
84.9561
84.9795
84.9829
84.992
84.9925
85.0264
85.0529
85.0539
85.0715
85.0852
85.094
85.1009
85.1095
85.1267
85.1403
85.1532
85.1607
85.1701
85.189
85.2209
85.2428
85.2613
85.2841
85.2997
85.3105
85.3338
85.3496
85.3716
85.3863
85.4304
85.4366
85.457
85.4696
85.4825
85.5179
85.5393
85.5697
85.5834
85.6507
85.6973
85.7399
85.752
85.7522
85.7743
85.7982
85.8581
85.8639
85.8732
85.9426
85.9545
85.9602
85.9822
85.9951
86.0036
86.0061
86.0178
86.0229
86.0246
86.0721
86.0761
86.1089
86.1137
86.1601
86.2163
86.238
86.2735
86.2841
86.2855
86.286
86.2869
86.2949
86.3071
86.4166
86.4966
86.5043
86.5189
86.5615
86.5659
86.5663
86.5685
86.5808
86.5966
86.6095
86.6265
86.6348
86.6655
86.6842
86.7375
86.7467
86.7896
86.7931
86.7993
86.8809
86.891
86.8912
86.9626
86.9649
86.9822
86.995
86.9952
87.024
87.0243
87.0361
87.1184
87.1231
87.1251
87.1278
87.1643
87.1818
87.2129
87.2538
87.2855
87.2892
87.3163
87.3217
87.3427
87.3565
87.363
87.3855
87.3982
87.4269
87.4359
87.4499
87.46
87.5029
87.5174
87.5744
87.6081
87.6982
87.711
87.7731
87.7807
87.8324
87.8366
87.8376
87.8451
87.8543
87.8734
87.8879
87.8981
87.9032
87.9732
87.9842
87.9859
87.9967
88.0475
88.0986
88.1057
88.153
88.1598
88.1691
88.2155
88.255
88.3016
88.38
88.4021
88.434
88.4757
88.5085
88.5154
88.5461
88.5797
88.7348
88.7497
88.7781
88.794
88.8103
88.8886
88.9114
88.96
89.0149
89.0599
89.1416
89.1599
89.1794
89.1941
89.203
89.2196
89.2721
89.3213
89.4026
89.4815
89.5808
89.6361
89.7194
89.7307
89.8007
89.8096
89.8113
89.8381
89.9224
90.0401
90.0598
90.0735
90.1521
90.1961
90.2525
90.3006
90.3454
90.4182
90.5867
90.6714
90.7678
90.8986
90.9697
91.2301
91.2449
91.2641
91.3608
91.3991
91.4022
91.4798
91.5161
91.6339
91.6556
91.7863
91.7967
91.8343
91.835
91.9466
91.9693
92.2533
92.3057
92.3193
92.3657
92.435
92.4663
92.5537
92.616
92.6974
92.8303
92.9709
92.9733
93.1361
93.214
93.2414
93.424
93.4791
93.5266
93.5807
93.6667
93.6982
93.93
94.0044
94.017
94.1458
94.2075
94.2212
94.3151
94.3284
94.3434
94.3862
94.3981
94.59
94.6802
94.7934
94.9655
95.0635
95.0938
95.145
95.3817
95.4524
95.4777
95.5807
95.6512
95.8049
95.8072
96.0108
96.1489
96.1899
96.2822
96.3861
96.4682
96.5484
96.7655
96.7943
96.8471
97.0159
97.2735
97.6148
97.8975
98.1393
98.1797
98.5493
98.561
98.6101
98.7321
98.7341
98.7468
98.8159
98.8547
99.4025
99.9436
100.06
100.103
101.047
101.344
101.487
101.678
101.699
101.721
101.745
102.178
102.437
102.455
102.653
103.389
104.89
104.9
104.919
105.033
105.095
107.903
108.313
108.456
108.704
