87.1031
87.8421
87.8606
87.9838
87.9913
88.1224
88.2725
88.2809
88.4304
88.5063
88.6093
88.6196
88.6939
88.7184
88.7395
88.7555
88.7992
88.8474
88.8798
88.9047
88.9796
88.9986
89.0004
89.0282
89.035
89.0662
89.068
89.0784
89.0907
89.0995
89.116
89.1171
89.1199
89.1262
89.1271
89.1377
89.172
89.1739
89.1985
89.2064
89.2169
89.222
89.2361
89.2428
89.247
89.2644
89.2681
89.2992
89.3016
89.3048
89.3289
89.3308
89.3366
89.342
89.3443
89.3445
89.3461
89.3503
89.359
89.3593
89.3596
89.3598
89.3607
89.3653
89.3739
89.3764
89.3766
89.3871
89.4165
89.4167
89.4189
89.4218
89.4274
89.4304
89.4329
89.4453
89.4466
89.4573
89.4743
89.4744
89.4856
89.4932
89.499
89.5037
89.5048
89.5164
89.5165
89.5203
89.5262
89.5319
89.5335
89.5355
89.5408
89.5584
89.5596
89.5601
89.5604
89.5617
89.5626
89.5672
89.5731
89.577
89.5798
89.5872
89.5887
89.5901
89.594
89.5979
89.6121
89.6291
89.6338
89.641
89.653
89.6556
89.6571
89.6631
89.6647
89.6744
89.6802
89.6879
89.7037
89.709
89.7136
89.7168
89.723
89.726
89.726
89.7402
89.7405
89.7531
89.7559
89.7582
89.7611
89.7612
89.7616
89.7741
89.7746
89.7836
89.7842
89.789
89.7892
89.7925
89.7997
89.8004
89.8016
89.8108
89.8115
89.8155
89.8288
89.8316
89.8327
89.8348
89.8354
89.8543
89.8575
89.8581
89.865
89.8652
89.8682
89.8683
89.8755
89.8797
89.8811
89.8869
89.8906
89.9039
89.904
89.9164
89.9165
89.9204
89.921
89.9377
89.9402
89.9461
89.9488
89.9499
89.9512
89.9517
89.9577
89.9613
89.9639
89.9704
89.9731
89.9777
89.9795
89.9806
89.9812
89.9858
89.9896
89.9905
89.992
89.9923
89.9933
89.9971
89.9991
90.001
90.001
90.0039
90.0088
90.0111
90.0125
90.015
90.0209
90.0236
90.0269
90.037
90.0379
90.0388
90.0437
90.0446
90.0542
90.0543
90.0547
90.0558
90.0618
90.0635
90.0635
90.0663
90.0664
90.0665
90.0788
90.0794
90.0813
90.0835
90.0864
90.0876
90.0888
90.09
90.091
90.0918
90.0924
90.0995
90.0999
90.1018
90.1048
90.1065
90.109
90.1145
90.1176
90.1221
90.1254
90.1263
90.1272
90.1291
90.1302
90.1305
90.1314
90.1318
90.1325
90.1336
90.1339
90.1385
90.1464
90.1473
90.1519
90.1535
90.1536
90.1602
90.1609
90.1644
90.1648
90.1655
90.1672
90.1684
90.1776
90.1781
90.1811
90.1813
90.1855
90.1896
90.1915
90.1922
90.1928
90.1972
90.1994
90.2033
90.2051
90.2067
90.2075
90.2076
90.2102
90.2146
90.2154
90.2184
90.2231
90.2259
90.2315
90.236
90.2363
90.2396
90.2423
90.2457
90.2458
90.2475
90.2479
90.2501
90.2526
90.2563
90.2566
90.257
90.2575
90.2581
90.2594
90.2596
90.2655
90.2692
90.2724
90.2781
90.288
90.2883
90.2916
90.2926
90.2968
90.3046
90.3055
90.3075
90.3105
90.3131
90.3154
90.3159
90.3161
90.3215
90.327
90.3297
90.3323
90.3373
90.3439
90.3442
90.3452
90.3484
90.3488
90.3535
90.3538
90.3558
90.3576
90.3584
90.3605
90.3605
90.3622
90.3634
90.3643
90.3671
90.3682
90.3706
90.3728
90.373
90.3759
90.3763
90.3844
90.3888
90.3908
90.3937
90.3969
90.4039
90.4049
90.4067
90.4069
90.407
90.4111
90.4121
90.4122
90.413
90.4141
90.4156
90.4178
90.4268
90.4325
90.433
90.4335
90.4357
90.4395
90.4419
90.4422
90.4442
90.4463
90.4472
90.4476
90.4508
90.4529
90.4557
90.4627
90.4628
90.4628
90.4638
90.466
90.4688
90.4709
90.4715
90.4722
90.4734
90.4751
90.4766
90.4772
90.4871
90.493
90.493
90.4951
90.4958
90.4959
90.4969
90.4972
90.5034
90.509
90.5148
90.5162
90.5218
90.522
90.5263
90.5266
90.5268
90.5295
90.5307
90.5319
90.5377
90.539
90.5421
90.5467
90.5487
90.5514
90.5519
90.5533
90.5534
90.555
90.5555
90.5569
90.5578
90.5583
90.5597
90.5608
90.5631
90.565
90.5676
90.5697
90.5725
90.5727
90.5735
90.5746
90.575
90.5773
90.578
90.5796
90.583
90.5852
90.5865
90.5869
90.5924
90.6035
90.6038
90.6045
90.6045
90.6092
90.6093
90.6096
90.6118
90.6124
90.6128
90.6141
90.6152
90.6162
90.6226
90.6227
90.6271
90.629
90.63
90.6302
90.6341
90.6345
90.6384
90.6389
90.6439
90.6446
90.645
90.6463
90.647
90.6491
90.6515
90.653
90.6539
90.6576
90.658
90.6605
90.6613
90.6614
90.6656
90.6663
90.6669
90.6675
90.6684
90.6694
90.6716
90.675
90.6793
90.6793
90.68
90.6812
90.682
90.6827
90.6829
90.6849
90.6897
90.6934
90.6944
90.7003
90.7032
90.7032
90.7069
90.7085
90.7104
90.7106
90.7112
90.7124
90.7129
90.7154
90.7165
90.7189
90.7205
90.7212
90.7215
90.7231
90.7236
90.7258
90.7271
90.7277
90.7278
90.7338
90.7364
90.7384
90.7397
90.7401
90.7462
90.7463
90.7468
90.7487
90.7489
90.749
90.7516
90.7522
90.7529
90.7538
90.7549
90.7564
90.7569
90.7598
90.7599
90.7609
90.7618
90.7653
90.7731
90.775
90.7768
90.7786
90.7793
90.7807
90.7819
90.7823
90.7846
90.7849
90.7859
90.7861
90.7875
90.7912
90.7914
90.7922
90.7933
90.7935
90.7954
90.7966
90.7986
90.8017
90.8048
90.805
90.806
90.8101
90.8112
90.8141
90.8164
90.8194
90.8207
90.8217
90.8218
90.8262
90.8267
90.8278
90.829
90.8304
90.8319
90.8328
90.8334
90.8335
90.8344
90.8353
90.8421
90.8425
90.8431
90.8433
90.8448
90.8508
90.8511
90.852
90.8521
90.8525
90.8528
90.8538
90.8601
90.8626
90.8635
90.8697
90.8698
90.8709
90.8732
90.874
90.8743
90.8751
90.8771
90.8777
90.8805
90.8846
90.8853
90.886
90.8863
90.8905
90.892
90.8927
90.8953
90.8972
90.8975
90.8983
90.8989
90.8992
90.901
90.9029
90.9038
90.9044
90.9052
90.9056
90.9091
90.9096
90.9118
90.914
90.9141
90.9174
90.9193
90.9202
90.9217
90.9262
90.9285
90.9287
90.9292
90.9297
90.9299
90.932
90.9348
90.9354
90.9363
90.9363
90.9371
90.938
90.9401
90.9434
90.9444
90.9457
90.9495
90.9528
90.9532
90.9564
90.9579
90.9581
90.9607
90.9615
90.9616
90.962
90.9661
90.967
90.9687
90.9689
90.97
90.9708
90.9716
90.9741
90.981
90.9822
90.9825
90.9835
90.9865
90.9873
90.9882
90.9896
90.993
90.9954
90.9956
90.999
90.9993
91.0001
91.0002
91.0025
91.0031
91.0035
91.0045
91.0054
91.0066
91.0086
91.0093
91.0097
91.0107
91.0107
91.0131
91.0138
91.0155
91.0164
91.0179
91.0183
91.0185
91.019
91.0229
91.0233
91.0237
91.0241
91.0242
91.0244
91.0264
91.0268
91.028
91.028
91.0283
91.0297
91.0298
91.0299
91.0306
91.0308
91.032
91.0328
91.0343
91.0354
91.0368
91.0377
91.039
91.0413
91.0436
91.0472
91.0473
91.0481
91.0481
91.0492
91.0513
91.0519
91.0537
91.0562
91.0591
91.0591
91.0655
91.0663
91.0673
91.0705
91.0713
91.0724
91.077
91.077
91.077
91.0786
91.0798
91.0807
91.0808
91.081
91.0822
91.0826
91.083
91.0864
91.0868
91.0876
91.0877
91.0878
91.0881
91.0886
91.0914
91.0914
91.0921
91.0922
91.0984
91.1012
91.1016
91.1061
91.1098
91.1101
91.1105
91.1119
91.112
91.1153
91.1158
91.1168
91.1187
91.1199
91.1226
91.125
91.1251
91.13
91.1301
91.1303
91.131
91.131
91.1311
91.1314
91.1317
91.1332
91.1342
91.1344
91.1357
91.1361
91.1365
91.1376
91.1386
91.1394
91.1419
91.1425
91.1433
91.1472
91.1504
91.1504
91.1509
91.1519
91.1524
91.1541
91.1555
91.156
91.1582
91.1596
91.1599
91.1661
91.1666
91.1698
91.1704
91.1705
91.171
91.1722
91.1743
91.1743
91.177
91.1796
91.18
91.1802
91.1831
91.1839
91.1843
91.185
91.1854
91.1857
91.1868
91.1871
91.1894
91.1938
91.1974
91.2001
91.2006
91.2017
91.2051
91.2095
91.21
91.2109
91.2128
91.2151
91.2156
91.2171
91.2177
91.2194
91.2202
91.2203
91.2207
91.2207
91.2225
91.2238
91.2266
91.2286
91.2288
91.2291
91.2298
91.2299
91.2306
91.2311
91.2338
91.2339
91.2345
91.236
91.2363
91.2382
91.2391
91.2398
91.2405
91.2417
91.2418
91.2433
91.2434
91.2437
91.2446
91.2452
91.2453
91.2475
91.2494
91.2515
91.2544
91.2545
91.255
91.2578
91.2578
91.2586
91.2589
91.2608
91.2609
91.2627
91.2635
91.2643
91.266
91.2667
91.2669
91.2697
91.2706
91.271
91.2717
91.2736
91.2737
91.2744
91.2746
91.2769
91.2782
91.2786
91.2792
91.2801
91.2864
91.2873
91.2879
91.289
91.289
91.2893
91.2898
91.29
91.2901
91.2901
91.2905
91.2936
91.2947
91.2967
91.2984
91.2992
91.3002
91.3007
91.3007
91.3016
91.3016
91.3023
91.3023
91.3061
91.3065
91.3085
91.3092
91.3129
91.3134
91.3134
91.3138
91.3145
91.3149
91.3155
91.3167
91.3183
91.319
91.3196
91.3198
91.3199
91.3207
91.3228
91.3232
91.3235
91.3239
91.325
91.3254
91.326
91.3264
91.3276
91.329
91.3295
91.3327
91.333
91.333
91.3352
91.3387
91.3413
91.3421
91.3424
91.3428
91.343
91.3439
91.3457
91.3459
91.3461
91.3474
91.3475
91.348
91.3491
91.3511
91.3523
91.3527
91.3554
91.3564
91.3569
91.3578
91.3598
91.3606
91.3609
91.3635
91.3638
91.365
91.3664
91.3671
91.3684
91.3694
91.3718
91.3729
91.3743
91.3743
91.3754
91.3817
91.3845
91.3856
91.3863
91.3866
91.3874
91.3899
91.3903
91.3913
91.3928
91.3941
91.3944
91.3963
91.3967
91.3967
91.3978
91.3985
91.3992
91.4007
91.4012
91.4015
91.4041
91.406
91.4097
91.4098
91.4099
91.41
91.4115
91.4116
91.4147
91.4147
91.4154
91.4155
91.4181
91.4207
91.4223
91.423
91.4233
91.4245
91.425
91.4257
91.4276
91.4278
91.4287
91.4337
91.4339
91.4343
91.4346
91.435
91.436
91.4365
91.4382
91.4389
91.4409
91.4416
91.443
91.4431
91.4435
91.4437
91.4442
91.4446
91.4457
91.4461
91.4495
91.4538
91.4538
91.4562
91.4589
91.4626
91.4643
91.4649
91.465
91.4666
91.4682
91.4689
91.4696
91.4707
91.4707
91.4712
91.4727
91.475
91.4766
91.4779
91.4789
91.4789
91.4799
91.4814
91.4843
91.4848
91.4861
91.4868
91.4868
91.4892
91.4901
91.4914
91.4949
91.4959
91.4996
91.5005
91.5012
91.5015
91.5019
91.5019
91.5028
91.5036
91.5042
91.5051
91.5071
91.5074
91.5096
91.5168
91.5194
91.521
91.523
91.5233
91.5253
91.5267
91.5268
91.527
91.5291
91.5295
91.5296
91.5305
91.5313
91.5317
91.5326
91.5329
91.535
91.5351
91.5358
91.5359
91.5361
91.5365
91.5375
91.5407
91.5412
91.5476
91.5487
91.5503
91.5518
91.5531
91.5534
91.554
91.5566
91.5573
91.5582
91.5598
91.5602
91.5607
91.5628
91.5636
91.5647
91.5647
91.5654
91.5667
91.5668
91.5672
91.5676
91.5684
91.5689
91.5691
91.5704
91.5726
91.5741
91.5763
91.5805
91.5806
91.5814
91.5843
91.5869
91.5882
91.5886
91.5898
91.5931
91.5947
91.5948
91.596
91.5986
91.6021
91.6028
91.603
91.6033
91.6033
91.6044
91.6046
91.6047
91.6056
91.6065
91.6092
91.6097
91.6104
91.6146
91.6167
91.6197
91.6208
91.6214
91.6223
91.6228
91.6228
91.6229
91.6231
91.6235
91.6238
91.6258
91.6264
91.6269
91.6279
91.6279
91.628
91.6288
91.6298
91.6327
91.633
91.6331
91.6331
91.6334
91.6359
91.6363
91.6425
91.6431
91.6434
91.6458
91.6465
91.6474
91.6477
91.6488
91.6496
91.6499
91.6507
91.6518
91.6534
91.6542
91.6545
91.6556
91.658
91.6583
91.6584
91.6595
91.6626
91.6628
91.6642
91.665
91.6657
91.6669
91.6678
91.6679
91.6681
91.6681
91.6701
91.6737
91.6743
91.6746
91.6767
91.6768
91.6771
91.6772
91.6791
91.6807
91.681
91.6813
91.6823
91.6829
91.6837
91.6863
91.6871
91.6876
91.689
91.6909
91.692
91.6935
91.6944
91.6945
91.6971
91.6993
91.6998
91.7
91.7031
91.7055
91.7059
91.7064
91.7119
91.7128
91.713
91.715
91.7181
91.7182
91.7202
91.7212
91.7212
91.7225
91.7225
91.7225
91.7225
91.7257
91.7259
91.7261
91.7273
91.728
91.7285
91.7293
91.7305
91.732
91.7326
91.7341
91.7341
91.7352
91.7388
91.7401
91.7408
91.7411
91.7414
91.7418
91.7418
91.744
91.7447
91.7453
91.7457
91.7474
91.7496
91.7502
91.7524
91.7528
91.7531
91.7536
91.7548
91.7568
91.757
91.757
91.757
91.758
91.762
91.7629
91.7638
91.7644
91.7667
91.7679
91.77
91.7706
91.7708
91.7709
91.7709
91.7711
91.7717
91.7721
91.7754
91.7756
91.7757
91.7779
91.7792
91.7799
91.7803
91.7816
91.7829
91.783
91.7854
91.7867
91.7869
91.7869
91.7873
91.7882
91.7896
91.7912
91.7914
91.7917
91.7924
91.7943
91.7944
91.7947
91.7948
91.7959
91.7962
91.7966
91.7977
91.7978
91.798
91.799
91.7993
91.8014
91.8017
91.8071
91.8073
91.8079
91.8089
91.8096
91.8109
91.8116
91.812
91.8128
91.8132
91.8151
91.8153
91.818
91.8184
91.821
91.8214
91.8222
91.8236
91.8236
91.8238
91.8242
91.8244
91.8244
91.8252
91.826
91.8271
91.8289
91.8316
91.8316
91.8321
91.8327
91.833
91.8331
91.8335
91.8343
91.8344
91.8346
91.8352
91.837
91.8383
91.8403
91.8421
91.8461
91.8464
91.8493
91.8495
91.851
91.8519
91.8537
91.8558
91.8568
91.8582
91.8611
91.863
91.8645
91.8659
91.8665
91.8672
91.8694
91.8696
91.8702
91.8713
91.8722
91.8727
91.8735
91.8747
91.8791
91.8814
91.8836
91.8847
91.8855
91.8869
91.8877
91.8887
91.8899
91.8913
91.8914
91.8915
91.8936
91.8936
91.8937
91.895
91.8959
91.8961
91.8965
91.8985
91.899
91.9003
91.9024
91.9036
91.9058
91.9092
91.9095
91.9112
91.9168
91.9172
91.918
91.918
91.9181
91.9186
91.9186
91.919
91.919
91.9194
91.921
91.9214
91.9216
91.9233
91.9236
91.9236
91.9239
91.9242
91.9251
91.9261
91.9261
91.9267
91.9278
91.9288
91.9289
91.9297
91.9306
91.9308
91.9317
91.9341
91.9343
91.9348
91.9372
91.9377
91.938
91.9417
91.9431
91.9433
91.9438
91.9446
91.9457
91.9464
91.9472
91.9501
91.9516
91.9518
91.9528
91.9545
91.955
91.9554
91.9557
91.9564
91.9583
91.96
91.9616
91.9624
91.9632
91.9635
91.9639
91.964
91.9672
91.9685
91.9687
91.9697
91.97
91.9714
91.9735
91.9738
91.9739
91.9752
91.9763
91.9775
91.9782
91.981
91.9814
91.9825
91.9828
91.9835
91.984
91.988
91.988
91.9881
91.989
91.9895
91.9896
91.9902
91.9929
91.9931
91.9953
91.996
91.9984
91.9991
92.0019
92.0036
92.0043
92.0078
92.0078
92.0109
92.011
92.0112
92.0115
92.0121
92.0123
92.0131
92.0138
92.0147
92.018
92.0181
92.0193
92.0205
92.0232
92.0233
92.0242
92.0246
92.0248
92.0248
92.0254
92.0261
92.0262
92.0282
92.0302
92.0309
92.0315
92.0345
92.0349
92.0358
92.0361
92.0368
92.0368
92.0381
92.0392
92.0395
92.04
92.04
92.0402
92.0414
92.0415
92.0416
92.0433
92.0448
92.0463
92.0465
92.0468
92.05
92.054
92.0551
92.0564
92.0608
92.061
92.0643
92.0675
92.0676
92.0682
92.0682
92.0708
92.0715
92.0752
92.0754
92.076
92.0763
92.0765
92.0788
92.0793
92.0798
92.0805
92.0816
92.0819
92.0828
92.0852
92.0856
92.0886
92.0886
92.0902
92.0906
92.0924
92.094
92.0957
92.1018
92.1027
92.1027
92.1035
92.105
92.1054
92.1055
92.1056
92.1098
92.1103
92.1117
92.1122
92.1126
92.1126
92.1137
92.1148
92.1149
92.1182
92.1183
92.1202
92.1205
92.1207
92.1245
92.1246
92.1248
92.1251
92.1251
92.1259
92.1262
92.1269
92.1281
92.1286
92.1291
92.1299
92.1309
92.1327
92.1333
92.1333
92.1335
92.1337
92.1367
92.1372
92.1376
92.1381
92.1392
92.1398
92.14
92.1408
92.1432
92.1465
92.1478
92.1483
92.1484
92.1507
92.1518
92.1518
92.1521
92.156
92.1579
92.158
92.1587
92.1607
92.1609
92.161
92.161
92.1623
92.1628
92.163
92.1633
92.1639
92.1646
92.1649
92.1655
92.1676
92.1678
92.1688
92.1695
92.1697
92.1699
92.1706
92.1717
92.1717
92.1724
92.1729
92.1733
92.1736
92.1739
92.1742
92.1744
92.175
92.1759
92.1761
92.1773
92.1793
92.18
92.1801
92.181
92.1829
92.1843
92.1846
92.1858
92.1864
92.1875
92.1881
92.191
92.1912
92.1916
92.1942
92.195
92.1953
92.1986
92.2
92.2011
92.2023
92.2041
92.2046
92.2059
92.206
92.2083
92.2088
92.2097
92.211
92.2114
92.2123
92.2133
92.2145
92.2166
92.2172
92.2175
92.2176
92.2183
92.2186
92.2203
92.2205
92.2209
92.2228
92.2235
92.2238
92.2239
92.2242
92.2254
92.2281
92.2288
92.2308
92.2311
92.2328
92.2338
92.2339
92.2357
92.2369
92.2377
92.2379
92.2427
92.2433
92.2436
92.2438
92.2443
92.2445
92.245
92.2454
92.2454
92.2456
92.2458
92.2465
92.2486
92.2492
92.2502
92.2502
92.251
92.2513
92.2529
92.2537
92.2557
92.2568
92.2575
92.2583
92.2592
92.2593
92.2595
92.2601
92.2639
92.2642
92.2658
92.267
92.2671
92.269
92.2712
92.2725
92.2759
92.2767
92.2777
92.2791
92.2809
92.2813
92.2821
92.2831
92.2841
92.2846
92.2853
92.2854
92.2867
92.2885
92.2886
92.2931
92.2937
92.2937
92.2939
92.2941
92.2949
92.2961
92.2997
92.3012
92.3043
92.3058
92.3061
92.3062
92.3077
92.3084
92.3087
92.309
92.3098
92.3099
92.3124
92.3151
92.3158
92.3176
92.3182
92.3199
92.3201
92.3205
92.3209
92.3209
92.3214
92.3234
92.3243
92.3245
92.3249
92.3269
92.3273
92.3284
92.3296
92.3299
92.3299
92.33
92.3336
92.3349
92.3353
92.336
92.3366
92.3377
92.3391
92.3392
92.3395
92.3397
92.3404
92.3416
92.3435
92.3436
92.3444
92.3466
92.3472
92.3481
92.3485
92.3505
92.354
92.3557
92.3559
92.3578
92.3598
92.3621
92.3634
92.3634
92.3651
92.3665
92.3667
92.3675
92.368
92.3686
92.3686
92.3687
92.3694
92.3699
92.371
92.3729
92.374
92.3743
92.376
92.3769
92.3774
92.3784
92.3787
92.3794
92.3795
92.3816
92.3819
92.3821
92.3824
92.3825
92.3829
92.383
92.3839
92.3843
92.3848
92.3853
92.3866
92.3867
92.3877
92.3882
92.3889
92.39
92.39
92.3904
92.3904
92.3935
92.3959
92.3959
92.3977
92.3992
92.4005
92.4008
92.4016
92.4032
92.4045
92.4048
92.4052
92.4057
92.4059
92.4096
92.4103
92.4116
92.4135
92.414
92.4157
92.4159
92.4161
92.4163
92.4166
92.4181
92.4215
92.4238
92.425
92.4251
92.4254
92.4259
92.4264
92.4276
92.428
92.432
92.432
92.432
92.4338
92.4345
92.4347
92.4349
92.4357
92.4358
92.4359
92.4369
92.437
92.4382
92.4394
92.4398
92.4422
92.4426
92.4437
92.4441
92.445
92.4451
92.4453
92.4459
92.447
92.4482
92.4505
92.4506
92.4506
92.451
92.4516
92.453
92.453
92.4538
92.4542
92.4552
92.4557
92.4564
92.4564
92.4565
92.4567
92.4578
92.4602
92.4602
92.461
92.4615
92.4616
92.4637
92.4646
92.4652
92.4675
92.471
92.4729
92.4737
92.4749
92.4749
92.4756
92.4758
92.4761
92.4764
92.4794
92.4795
92.4821
92.4833
92.4839
92.4843
92.4854
92.4856
92.4859
92.487
92.4877
92.4886
92.4915
92.4948
92.4957
92.4961
92.4961
92.4974
92.4974
92.4977
92.4983
92.4994
92.5003
92.5007
92.5014
92.5015
92.5044
92.5063
92.5076
92.5077
92.5082
92.5098
92.5105
92.5118
92.5128
92.5131
92.5142
92.5148
92.5166
92.5196
92.5233
92.5253
92.5264
92.5271
92.5277
92.5278
92.5291
92.5295
92.5306
92.5308
92.5311
92.5313
92.5316
92.5317
92.5339
92.5351
92.5352
92.5354
92.5362
92.5364
92.5366
92.5379
92.5386
92.539
92.5396
92.5401
92.5403
92.5407
92.5434
92.5437
92.5467
92.5479
92.5496
92.552
92.5534
92.5562
92.5563
92.5563
92.5581
92.5594
92.5602
92.5646
92.565
92.5655
92.5655
92.5684
92.5684
92.5694
92.5696
92.5706
92.5723
92.5742
92.5743
92.5747
92.5747
92.5748
92.577
92.5777
92.5784
92.5793
92.5796
92.5797
92.5817
92.5824
92.5839
92.5841
92.5846
92.5849
92.585
92.5851
92.5864
92.5873
92.5888
92.589
92.5893
92.5897
92.5905
92.5925
92.5927
92.5929
92.5934
92.5954
92.5966
92.5979
92.5986
92.6
92.6013
92.6016
92.6016
92.6019
92.6022
92.6022
92.6022
92.6041
92.6046
92.605
92.605
92.6061
92.6071
92.6095
92.61
92.6162
92.6162
92.6182
92.6189
92.6198
92.6204
92.6205
92.6207
92.6215
92.6226
92.623
92.6233
92.6244
92.6247
92.6247
92.6248
92.6259
92.6259
92.6264
92.6282
92.6284
92.6285
92.629
92.6302
92.631
92.631
92.6313
92.6337
92.6351
92.6359
92.636
92.6373
92.6378
92.6378
92.6395
92.641
92.641
92.6413
92.6427
92.6435
92.6439
92.6446
92.6448
92.6454
92.6458
92.6466
92.6475
92.6478
92.6482
92.6482
92.6508
92.6527
92.6533
92.6533
92.6567
92.6568
92.6579
92.6584
92.6597
92.6613
92.6624
92.6646
92.6655
92.6669
92.6676
92.6706
92.6738
92.675
92.675
92.6756
92.6759
92.6761
92.6804
92.6809
92.6817
92.6821
92.6848
92.6848
92.6857
92.6862
92.6864
92.6867
92.6888
92.689
92.6911
92.6915
92.6921
92.6922
92.693
92.6961
92.6962
92.6999
92.7001
92.7002
92.7035
92.7055
92.7057
92.706
92.7062
92.7063
92.7082
92.7088
92.7097
92.7112
92.7122
92.7132
92.7169
92.717
92.7171
92.7201
92.7206
92.721
92.7225
92.7228
92.724
92.7247
92.7254
92.7262
92.7263
92.7278
92.7282
92.73
92.7317
92.7329
92.7355
92.7371
92.7385
92.7388
92.7399
92.7418
92.7423
92.7434
92.7442
92.745
92.7463
92.7466
92.7494
92.7495
92.7499
92.7503
92.7519
92.7524
92.7532
92.7548
92.7602
92.7606
92.761
92.7627
92.7631
92.7632
92.7644
92.7658
92.7678
92.7688
92.7689
92.7691
92.7705
92.7706
92.771
92.7715
92.7721
92.7723
92.7734
92.7735
92.7739
92.7758
92.7762
92.7764
92.777
92.778
92.7784
92.7791
92.7805
92.7817
92.7821
92.7821
92.7835
92.7846
92.7854
92.7861
92.7886
92.7894
92.7898
92.7903
92.7919
92.7922
92.7933
92.7936
92.7939
92.797
92.7978
92.7984
92.7987
92.7989
92.8012
92.8023
92.8024
92.8024
92.8038
92.8043
92.8053
92.8063
92.8079
92.809
92.8098
92.8118
92.814
92.8144
92.8148
92.8175
92.8179
92.8182
92.8191
92.8192
92.8196
92.8196
92.8204
92.8207
92.8212
92.8214
92.8216
92.8218
92.8218
92.8219
92.8262
92.8265
92.8287
92.8288
92.8303
92.8311
92.8314
92.8316
92.832
92.8325
92.8338
92.8347
92.8347
92.8358
92.8362
92.8371
92.8373
92.8382
92.8385
92.8385
92.8392
92.84
92.8403
92.8406
92.8407
92.8445
92.8447
92.845
92.8455
92.8458
92.8459
92.8468
92.8471
92.8473
92.8495
92.8508
92.8509
92.8524
92.8576
92.8579
92.8589
92.8605
92.8606
92.8615
92.8615
92.8631
92.8635
92.8644
92.8654
92.8656
92.8672
92.8702
92.8706
92.8707
92.8709
92.8713
92.873
92.8754
92.877
92.8772
92.8786
92.8802
92.8817
92.882
92.8838
92.8848
92.8866
92.8901
92.8901
92.8906
92.8928
92.8943
92.8943
92.8986
92.8995
92.9007
92.9014
92.9028
92.9031
92.9056
92.9082
92.9088
92.909
92.9092
92.9093
92.9106
92.911
92.9145
92.916
92.9185
92.9187
92.9189
92.9197
92.9203
92.9219
92.922
92.9228
92.9234
92.9258
92.9264
92.9267
92.9275
92.9296
92.93
92.93
92.9303
92.9317
92.9317
92.9326
92.9328
92.9331
92.9374
92.9375
92.9416
92.9419
92.9421
92.9421
92.9424
92.9427
92.9427
92.9436
92.9454
92.947
92.9482
92.9485
92.949
92.9493
92.9495
92.9512
92.9523
92.9549
92.9552
92.9552
92.9571
92.9579
92.9597
92.9598
92.9606
92.9644
92.9692
92.9695
92.97
92.9706
92.9717
92.9722
92.9726
92.9726
92.9737
92.9742
92.9754
92.9757
92.976
92.9766
92.9781
92.9791
92.9816
92.9817
92.9823
92.9826
92.9835
92.9844
92.9865
92.9866
92.9868
92.9874
92.9882
92.9883
92.99
92.9905
92.9921
92.993
92.9946
92.996
92.997
92.9983
93
93.0001
93.0003
93.001
93.003
93.0031
93.0052
93.0061
93.0065
93.0075
93.0075
93.0089
93.0104
93.0138
93.0149
93.017
93.0175
93.02
93.0208
93.023
93.0233
93.025
93.025
93.025
93.0281
93.0282
93.0299
93.03
93.03
93.0313
93.0317
93.0323
93.0338
93.035
93.0354
93.0362
93.0363
93.0364
93.0366
93.037
93.0386
93.0386
93.0398
93.0408
93.042
93.0431
93.044
93.0447
93.0471
93.0499
93.0503
93.0504
93.051
93.0516
93.054
93.0546
93.055
93.056
93.0562
93.0593
93.0621
93.0631
93.0632
93.0638
93.0639
93.0642
93.065
93.0651
93.0663
93.0666
93.0672
93.0691
93.0713
93.0715
93.0718
93.0722
93.0747
93.0759
93.0761
93.0781
93.0793
93.0795
93.0795
93.0798
93.0799
93.0806
93.0814
93.0814
93.0815
93.084
93.085
93.085
93.0852
93.0854
93.0857
93.0861
93.0873
93.0873
93.0874
93.0883
93.0896
93.0912
93.0922
93.0951
93.0961
93.0978
93.098
93.0985
93.0988
93.0989
93.1017
93.1021
93.1024
93.1027
93.1036
93.1053
93.1064
93.1073
93.1084
93.1107
93.1118
93.1125
93.1126
93.1132
93.1139
93.1142
93.1159
93.1162
93.1184
93.1187
93.1196
93.1198
93.1202
93.1211
93.122
93.1233
93.1239
93.1256
93.1276
93.1285
93.1293
93.13
93.1319
93.1337
93.134
93.1347
93.1352
93.1359
93.136
93.1374
93.138
93.1391
93.1394
93.1409
93.1414
93.1444
93.1492
93.1493
93.1513
93.1517
93.1522
93.1545
93.1581
93.1591
93.1599
93.1619
93.1628
93.1637
93.164
93.1658
93.1682
93.1707
93.1721
93.1729
93.1762
93.18
93.1803
93.1806
93.1808
93.1816
93.1847
93.1852
93.1862
93.1878
93.1883
93.1889
93.189
93.1902
93.1903
93.1932
93.1958
93.1959
93.1984
93.1993
93.2013
93.2013
93.2015
93.2028
93.2032
93.2045
93.2053
93.2069
93.2079
93.2081
93.2099
93.2106
93.2107
93.2111
93.2126
93.2131
93.2144
93.2177
93.2182
93.2221
93.2226
93.2238
93.2257
93.2261
93.2261
93.2263
93.2264
93.2264
93.2285
93.2287
93.229
93.2314
93.2322
93.2323
93.2379
93.2402
93.2408
93.2409
93.2462
93.2484
93.2485
93.249
93.2491
93.2496
93.2502
93.2519
93.2526
93.2526
93.2564
93.2589
93.2605
93.2608
93.2615
93.262
93.263
93.2638
93.264
93.2674
93.2682
93.2683
93.2699
93.2702
93.2713
93.2719
93.2722
93.2727
93.2729
93.277
93.278
93.278
93.2785
93.2793
93.2796
93.2845
93.2846
93.289
93.2897
93.2907
93.2916
93.2925
93.293
93.2931
93.2957
93.2967
93.297
93.2995
93.3017
93.3028
93.303
93.3034
93.3041
93.3043
93.305
93.3056
93.306
93.3064
93.3065
93.31
93.3119
93.3132
93.3138
93.3168
93.3177
93.3186
93.3194
93.3226
93.3229
93.3232
93.3244
93.3249
93.3251
93.3255
93.3258
93.3259
93.3262
93.3297
93.3357
93.3365
93.3378
93.3387
93.3395
93.3422
93.3469
93.3478
93.3479
93.3501
93.3506
93.3519
93.3524
93.3532
93.3563
93.3572
93.3592
93.3602
93.3604
93.3606
93.3614
93.3621
93.3621
93.363
93.3637
93.3639
93.3641
93.3644
93.3671
93.3697
93.371
93.3724
93.3727
93.3735
93.3742
93.3757
93.3758
93.3758
93.3779
93.3786
93.3788
93.3789
93.3792
93.3794
93.3796
93.3801
93.3812
93.3817
93.3847
93.3848
93.3849
93.3858
93.3862
93.3864
93.3884
93.3911
93.392
93.3921
93.393
93.393
93.3931
93.3933
93.3933
93.3958
93.3958
93.3962
93.3963
93.3988
93.3989
93.3996
93.3997
93.4003
93.4004
93.4011
93.4016
93.4042
93.4057
93.4073
93.4116
93.4122
93.4135
93.4135
93.4159
93.4162
93.4184
93.4185
93.4189
93.4203
93.4204
93.4207
93.4208
93.4225
93.4252
93.429
93.4298
93.4306
93.4324
93.433
93.4338
93.4344
93.4345
93.4352
93.437
93.4391
93.4406
93.4417
93.4439
93.4439
93.4441
93.4444
93.4449
93.4452
93.4454
93.446
93.4468
93.4489
93.4489
93.4497
93.4497
93.4498
93.4521
93.4524
93.4526
93.4549
93.4552
93.4558
93.457
93.4575
93.4579
93.4589
93.4627
93.4635
93.4635
93.4642
93.4659
93.4661
93.4665
93.4666
93.4675
93.4692
93.4693
93.4701
93.4714
93.4719
93.472
93.4733
93.4734
93.4736
93.4751
93.4756
93.4769
93.4777
93.4785
93.4802
93.4812
93.4813
93.4825
93.483
93.4836
93.4847
93.4861
93.4874
93.4887
93.4888
93.4891
93.4899
93.4936
93.4942
93.4973
93.4977
93.498
93.4992
93.4997
93.4999
93.5
93.5006
93.5009
93.5013
93.5019
93.5036
93.5043
93.5045
93.5045
93.5055
93.5069
93.5074
93.5093
93.5116
93.5119
93.513
93.5143
93.5173
93.5177
93.5195
93.5201
93.5202
93.5226
93.5236
93.524
93.5251
93.5254
93.5269
93.5271
93.528
93.531
93.5331
93.5333
93.5343
93.5346
93.5364
93.5372
93.5384
93.5387
93.5392
93.5403
93.5417
93.5419
93.5432
93.5433
93.5452
93.5468
93.5479
93.548
93.5494
93.551
93.5522
93.5526
93.554
93.5542
93.5543
93.5553
93.5557
93.5572
93.5583
93.5628
93.5637
93.564
93.5642
93.5649
93.5666
93.5669
93.5698
93.5703
93.5706
93.5709
93.5766
93.5773
93.5774
93.5776
93.5794
93.5798
93.5826
93.5827
93.5849
93.5852
93.5858
93.5867
93.5868
93.5876
93.5876
93.5889
93.5894
93.5909
93.5911
93.5917
93.5917
93.5917
93.5923
93.594
93.5946
93.5958
93.5962
93.5964
93.5966
93.5981
93.5982
93.5987
93.6007
93.6033
93.6037
93.6064
93.6096
93.6107
93.6136
93.6155
93.6167
93.6169
93.6191
93.6199
93.6207
93.6212
93.6212
93.6227
93.6236
93.6242
93.6248
93.626
93.626
93.6271
93.6271
93.6279
93.6282
93.6315
93.6315
93.632
93.6336
93.6349
93.6358
93.6402
93.6402
93.6427
93.6427
93.6465
93.6469
93.6469
93.6476
93.6483
93.6506
93.6533
93.6572
93.66
93.6621
93.6633
93.6635
93.665
93.6654
93.6667
93.6739
93.677
93.6787
93.679
93.6797
93.6818
93.6831
93.6834
93.6838
93.6838
93.686
93.6871
93.6878
93.6935
93.6936
93.6944
93.6946
93.6959
93.6979
93.6981
93.7031
93.7064
93.7065
93.7066
93.7067
93.7109
93.7126
93.713
93.7148
93.7169
93.7178
93.7181
93.7187
93.7208
93.7228
93.7259
93.7265
93.7277
93.7278
93.7281
93.7291
93.7299
93.7304
93.7311
93.7332
93.7334
93.7357
93.7364
93.7368
93.7407
93.7408
93.7418
93.7422
93.744
93.7449
93.7461
93.7462
93.747
93.7471
93.7476
93.748
93.748
93.7492
93.7493
93.7499
93.7529
93.7534
93.7535
93.7548
93.7548
93.755
93.759
93.7615
93.763
93.7634
93.7662
93.7667
93.7703
93.7735
93.7748
93.776
93.7806
93.7808
93.7816
93.7834
93.7861
93.787
93.7893
93.7904
93.7926
93.7944
93.795
93.797
93.7977
93.7993
93.8003
93.8016
93.8019
93.804
93.8052
93.8061
93.8076
93.8085
93.8089
93.8122
93.8171
93.8193
93.8207
93.8209
93.8212
93.8217
93.8226
93.8231
93.827
93.8332
93.8334
93.8341
93.835
93.8352
93.8359
93.8361
93.8363
93.8379
93.8382
93.8392
93.8424
93.8431
93.844
93.8442
93.8485
93.8497
93.8515
93.8523
93.8538
93.8548
93.856
93.8572
93.8604
93.8627
93.8635
93.8644
93.865
93.8652
93.8656
93.8663
93.868
93.868
93.8688
93.8689
93.8691
93.8723
93.8736
93.8783
93.8827
93.8834
93.8843
93.8851
93.8865
93.8871
93.8882
93.8903
93.8915
93.8919
93.8921
93.8955
93.8961
93.8965
93.8974
93.8979
93.8998
93.9004
93.9006
93.9022
93.9025
93.9026
93.903
93.9054
93.9055
93.9064
93.907
93.9077
93.9086
93.9111
93.9121
93.9134
93.9159
93.9173
93.9191
93.9192
93.9205
93.9209
93.921
93.9214
93.9227
93.9228
93.9235
93.9274
93.9281
93.9305
93.9317
93.9342
93.9345
93.9353
93.9363
93.9364
93.9368
93.9371
93.9376
93.9384
93.9396
93.9404
93.9426
93.9433
93.946
93.9464
93.9467
93.9469
93.9471
93.9476
93.9476
93.9507
93.9512
93.9517
93.9528
93.9531
93.9544
93.9569
93.958
93.9584
93.9602
93.9606
93.9625
93.9629
93.9685
93.9697
93.9736
93.9739
93.9742
93.9776
93.9781
93.9782
93.9787
93.98
93.9804
93.9812
93.9824
93.9826
93.9844
93.9854
93.9879
93.9894
93.9897
93.9906
93.9906
93.9911
93.9933
93.9954
93.9978
93.9978
93.9983
93.9985
93.9985
93.9993
93.9998
93.9999
93.9999
94.0028
94.0035
94.0041
94.0047
94.0079
94.0094
94.0105
94.0108
94.0132
94.0138
94.0144
94.0167
94.0181
94.0194
94.0253
94.0254
94.0306
94.0314
94.0317
94.0338
94.0345
94.0389
94.0395
94.0415
94.0433
94.0458
94.0477
94.0484
94.0488
94.0504
94.0504
94.0519
94.0519
94.0522
94.0535
94.054
94.056
94.0561
94.0569
94.0572
94.0604
94.0618
94.062
94.0638
94.064
94.0649
94.0659
94.0664
94.0688
94.0694
94.0717
94.0721
94.0765
94.0771
94.0781
94.0821
94.0829
94.0834
94.085
94.0857
94.0858
94.0859
94.0875
94.0893
94.0964
94.0976
94.0981
94.0999
94.1009
94.1051
94.1061
94.1078
94.1105
94.1125
94.1154
94.1154
94.1171
94.12
94.1209
94.1219
94.1227
94.1231
94.1244
94.1283
94.1285
94.1287
94.13
94.1317
94.1339
94.1344
94.1349
94.1353
94.1355
94.1363
94.1378
94.1381
94.1432
94.1438
94.144
94.1448
94.145
94.1459
94.1464
94.1472
94.1491
94.1501
94.1525
94.1543
94.1578
94.1583
94.1596
94.1601
94.1618
94.1632
94.1652
94.1672
94.1681
94.1697
94.1698
94.1702
94.1713
94.1723
94.1744
94.1744
94.175
94.1762
94.1788
94.179
94.1795
94.1806
94.1806
94.1812
94.1869
94.1877
94.1891
94.1899
94.1912
94.1916
94.1919
94.193
94.1937
94.1944
94.1944
94.1957
94.1964
94.1966
94.1974
94.202
94.2029
94.2031
94.205
94.2065
94.2076
94.2091
94.2092
94.2103
94.2106
94.2117
94.2194
94.2291
94.2324
94.2331
94.2335
94.2378
94.2389
94.2393
94.2396
94.2405
94.2426
94.2438
94.2448
94.245
94.2451
94.2454
94.2458
94.2485
94.2494
94.2508
94.2535
94.2541
94.2542
94.2551
94.2559
94.2564
94.2565
94.2572
94.2583
94.2584
94.2586
94.2614
94.2643
94.2683
94.2729
94.274
94.2761
94.2804
94.2836
94.2852
94.2855
94.2868
94.2899
94.2921
94.2938
94.2945
94.2962
94.2964
94.297
94.2999
94.3
94.301
94.3029
94.305
94.3068
94.3069
94.3078
94.3106
94.3107
94.3109
94.3117
94.3135
94.3136
94.317
94.3178
94.3212
94.323
94.3261
94.3264
94.327
94.3283
94.329
94.3315
94.333
94.3338
94.3348
94.3356
94.3392
94.3402
94.3414
94.3415
94.3428
94.3443
94.3452
94.3462
94.3465
94.3482
94.3487
94.3489
94.3501
94.3521
94.3524
94.3525
94.3539
94.3552
94.3559
94.3607
94.3608
94.3645
94.3647
94.365
94.3689
94.3695
94.3709
94.3717
94.3724
94.3744
94.3747
94.3753
94.376
94.3764
94.3768
94.3778
94.3783
94.3804
94.3828
94.3845
94.3866
94.3875
94.3881
94.3959
94.3962
94.3967
94.3978
94.398
94.3998
94.4006
94.4006
94.4033
94.408
94.4087
94.4094
94.41
94.4108
94.4125
94.4125
94.4127
94.4137
94.4153
94.4164
94.4189
94.4193
94.4226
94.4229
94.423
94.424
94.4252
94.4257
94.429
94.43
94.4329
94.4331
94.4348
94.4361
94.4395
94.4407
94.4428
94.4436
94.4439
94.4449
94.4464
94.4465
94.4468
94.4486
94.4514
94.4521
94.4538
94.4562
94.4569
94.458
94.4581
94.4593
94.4598
94.4601
94.4609
94.4623
94.4629
94.4636
94.4692
94.4696
94.4699
94.4702
94.4732
94.4779
94.479
94.4801
94.4809
94.4809
94.4827
94.4828
94.4829
94.484
94.4848
94.4858
94.4861
94.4864
94.4867
94.4882
94.4883
94.4916
94.4943
94.5
94.5011
94.502
94.5042
94.5056
94.5081
94.5084
94.5103
94.511
94.5138
94.5146
94.5164
94.5183
94.5183
94.5209
94.5209
94.5221
94.5231
94.5239
94.5242
94.5344
94.5354
94.5399
94.5423
94.545
94.5456
94.5469
94.5473
94.5478
94.5501
94.5503
94.5509
94.5509
94.5516
94.5527
94.5534
94.5547
94.5594
94.5603
94.5605
94.5606
94.561
94.5639
94.5664
94.5667
94.567
94.5684
94.5702
94.5705
94.5706
94.5735
94.5769
94.5769
94.5771
94.5783
94.5788
94.5849
94.5865
94.5869
94.5898
94.5901
94.5937
94.5951
94.5959
94.5962
94.597
94.5993
94.5994
94.6029
94.6054
94.6055
94.6068
94.6083
94.6103
94.6108
94.6111
94.6118
94.6134
94.6138
94.6145
94.6146
94.6155
94.6156
94.6242
94.6247
94.6316
94.6329
94.6364
94.6388
94.6394
94.6403
94.6406
94.6437
94.646
94.6461
94.6468
94.6488
94.6528
94.6544
94.6549
94.6571
94.6573
94.6585
94.6593
94.6597
94.6597
94.6598
94.66
94.6603
94.6639
94.6651
94.6674
94.6687
94.6716
94.6757
94.6772
94.6776
94.6785
94.6786
94.6813
94.6873
94.6896
94.6915
94.6924
94.6944
94.6958
94.6959
94.697
94.6975
94.6978
94.6992
94.7022
94.7042
94.7062
94.7067
94.7124
94.7136
94.7137
94.7149
94.715
94.7162
94.7179
94.7202
94.721
94.7247
94.7249
94.7298
94.7328
94.7331
94.7336
94.734
94.7345
94.7382
94.7386
94.739
94.7406
94.745
94.7459
94.7469
94.7474
94.7475
94.7486
94.7486
94.7488
94.7519
94.753
94.7535
94.7543
94.755
94.7562
94.7566
94.7579
94.7623
94.7645
94.7655
94.7679
94.7763
94.7839
94.7861
94.7865
94.7869
94.7885
94.7887
94.7949
94.798
94.8001
94.8001
94.8017
94.8052
94.8059
94.8073
94.808
94.8103
94.8151
94.8152
94.8168
94.8184
94.8191
94.823
94.8231
94.8252
94.8275
94.8294
94.8334
94.8341
94.8344
94.8344
94.8374
94.8407
94.8408
94.8429
94.8473
94.8495
94.858
94.8591
94.862
94.8628
94.8641
94.8692
94.8703
94.8727
94.8752
94.8752
94.8785
94.8803
94.8803
94.8818
94.8875
94.8886
94.8897
94.8905
94.8908
94.8925
94.8931
94.8935
94.8968
94.8989
94.9051
94.9095
94.91
94.9107
94.9109
94.912
94.9124
94.9132
94.9144
94.9148
94.9151
94.9153
94.916
94.9165
94.919
94.9211
94.9229
94.9235
94.9237
94.9245
94.925
94.9253
94.9275
94.9287
94.9321
94.9359
94.936
94.9375
94.9377
94.9417
94.9453
94.9462
94.9465
94.9466
94.9497
94.9522
94.9536
94.9586
94.9596
94.9597
94.9602
94.9646
94.9649
94.9651
94.966
94.9671
94.9705
94.9708
94.9747
94.9768
94.9798
94.9802
94.9839
94.985
94.9855
94.987
94.9876
94.9885
94.9886
94.992
94.9949
94.995
94.9958
94.9962
94.9964
94.9975
94.9981
94.9982
94.9983
94.999
94.9994
95
95.001
95.0033
95.0044
95.005
95.0099
95.0117
95.0123
95.0129
95.0133
95.0172
95.0177
95.0183
95.0225
95.025
95.025
95.026
95.0265
95.0267
95.0276
95.0278
95.0278
95.0313
95.0322
95.0322
95.0322
95.0338
95.0347
95.0354
95.0377
95.0392
95.0485
95.0526
95.0588
95.0657
95.0702
95.0761
95.0775
95.0805
95.0814
95.0873
95.0918
95.096
95.099
95.0993
95.1001
95.1012
95.1017
95.1023
95.103
95.1054
95.1077
95.1107
95.1107
95.1121
95.1138
95.1168
95.1174
95.1176
95.1232
95.1246
95.1309
95.1312
95.1331
95.1341
95.14
95.1408
95.1414
95.1448
95.1465
95.1534
95.1538
95.1552
95.156
95.1566
95.1592
95.1602
95.1608
95.1614
95.1617
95.1626
95.1629
95.1633
95.1645
95.1645
95.1664
95.1668
95.1671
95.1685
95.1705
95.1715
95.1765
95.1768
95.1778
95.1778
95.1823
95.189
95.1927
95.1939
95.1941
95.1952
95.1956
95.1978
95.1993
95.2005
95.2085
95.2121
95.2158
95.2176
95.2184
95.2186
95.2196
95.2255
95.2273
95.2287
95.2344
95.2355
95.239
95.239
95.2412
95.2441
95.2453
95.2503
95.2544
95.2567
95.2576
95.2602
95.2613
95.264
95.2725
95.2787
95.2805
95.2864
95.2864
95.287
95.2875
95.2895
95.2922
95.2936
95.2973
95.2978
95.2988
95.2991
95.302
95.3024
95.3041
95.3048
95.3069
95.31
95.31
95.3111
95.3121
95.3139
95.3153
95.3163
95.3195
95.3208
95.321
95.3246
95.3259
95.3307
95.3333
95.3338
95.3353
95.3425
95.343
95.3447
95.3492
95.353
95.3556
95.3574
95.3587
95.3626
95.3661
95.367
95.3675
95.3689
95.3702
95.3746
95.375
95.3768
95.3775
95.3798
95.3805
95.381
95.3843
95.3866
95.3868
95.387
95.3878
95.3881
95.3896
95.3898
95.3907
95.3915
95.393
95.395
95.3986
95.3997
95.4014
95.4016
95.403
95.4033
95.4057
95.4082
95.4176
95.4195
95.4208
95.4217
95.4236
95.4242
95.4326
95.4329
95.4338
95.4339
95.4357
95.4358
95.4383
95.4399
95.4442
95.4482
95.4525
95.4534
95.4548
95.4569
95.4624
95.4666
95.4698
95.472
95.4763
95.4787
95.4793
95.4812
95.4837
95.4841
95.4856
95.4906
95.4962
95.5105
95.5118
95.5128
95.5139
95.5164
95.5242
95.5245
95.5283
95.5325
95.5348
95.5374
95.5401
95.5404
95.5427
95.5457
95.5464
95.5465
95.5487
95.5508
95.5518
95.5529
95.5529
95.5551
95.5553
95.5558
95.5574
95.5584
95.5597
95.56
95.5612
95.5629
95.5675
95.5685
95.5695
95.5712
95.575
95.5765
95.5769
95.5804
95.5868
95.587
95.5892
95.5949
95.5952
95.5982
95.6016
95.6017
95.6038
95.6045
95.6076
95.6087
95.6091
95.6101
95.6105
95.6163
95.6186
95.6193
95.6198
95.6209
95.6235
95.6242
95.6248
95.6267
95.6272
95.63
95.6309
95.6311
95.6318
95.6323
95.638
95.6386
95.6387
95.6395
95.6395
95.6482
95.6511
95.6518
95.6528
95.6563
95.659
95.6601
95.6637
95.6642
95.6665
95.6667
95.6668
95.6683
95.6696
95.67
95.6727
95.6785
95.6814
95.6869
95.6916
95.6933
95.6963
95.6984
95.6993
95.701
95.7017
95.7031
95.7054
95.7057
95.7068
95.707
95.7071
95.7105
95.7117
95.7156
95.7167
95.7173
95.7191
95.7226
95.7239
95.7243
95.7255
95.7264
95.7271
95.7275
95.7283
95.7293
95.7355
95.7395
95.7409
95.7428
95.7458
95.7469
95.7532
95.7556
95.7609
95.7666
95.7676
95.7706
95.7717
95.7751
95.7841
95.7841
95.7919
95.7956
95.7964
95.7978
95.7994
95.8036
95.8047
95.8057
95.8067
95.8087
95.8097
95.8104
95.8121
95.8219
95.8243
95.8247
95.8271
95.8274
95.8281
95.8293
95.8295
95.8307
95.837
95.8376
95.8405
95.841
95.8419
95.8445
95.8455
95.8494
95.8546
95.8561
95.8573
95.8584
95.8632
95.8668
95.8684
95.8695
95.871
95.8715
95.8736
95.8742
95.8744
95.883
95.8846
95.8855
95.8882
95.8895
95.8932
95.8947
95.8978
95.9048
95.905
95.9071
95.9112
95.9124
95.9124
95.9143
95.917
95.9175
95.9178
95.9209
95.922
95.9273
95.9288
95.9294
95.9298
95.9347
95.9349
95.9373
95.9418
95.943
95.9462
95.949
95.95
95.9508
95.9544
95.9564
95.9577
95.9585
95.9599
95.9606
95.9607
95.9628
95.9629
95.965
95.967
95.9689
95.9716
95.9727
95.9731
95.9767
95.9811
95.9812
95.9824
95.9824
95.9879
95.9901
95.9907
95.9966
95.9984
95.9991
96.0007
96.0047
96.0067
96.0069
96.0117
96.0158
96.0158
96.0202
96.0226
96.0238
96.0271
96.0283
96.0299
96.0353
96.0355
96.0397
96.04
96.0482
96.0503
96.0504
96.0509
96.0553
96.0579
96.0583
96.0621
96.0634
96.065
96.0683
96.0716
96.0741
96.0746
96.075
96.0763
96.077
96.0797
96.0811
96.086
96.0918
96.0933
96.0936
96.0937
96.1044
96.1065
96.1199
96.12
96.1237
96.1263
96.1348
96.1365
96.1378
96.1381
96.145
96.1459
96.1475
96.1551
96.1586
96.1596
96.1603
96.1611
96.1615
96.1656
96.1685
96.1714
96.1735
96.1739
96.1739
96.1757
96.1803
96.1814
96.1841
96.1877
96.1881
96.1887
96.1913
96.1918
96.1924
96.1968
96.1992
96.2136
96.2201
96.2211
96.223
96.227
96.229
96.229
96.2296
96.2298
96.2319
96.2349
96.2369
96.2395
96.2406
96.2428
96.2431
96.2431
96.2462
96.2464
96.2468
96.2523
96.2543
96.2658
96.2731
96.2736
96.2753
96.2835
96.2922
96.2924
96.296
96.2972
96.2985
96.3001
96.3039
96.3041
96.3075
96.3098
96.3098
96.3123
96.3125
96.3129
96.3142
96.3142
96.3197
96.3199
96.3215
96.3231
96.3287
96.3339
96.3366
96.3376
96.3413
96.3433
96.3449
96.3458
96.3467
96.3477
96.3494
96.3548
96.3575
96.3582
96.3589
96.3644
96.3648
96.3731
96.3738
96.3756
96.3812
96.3824
96.3851
96.3954
96.4026
96.4089
96.4123
96.4135
96.4174
96.4186
96.4201
96.4202
96.4216
96.4227
96.434
96.4342
96.436
96.4397
96.4413
96.4455
96.4465
96.4479
96.4484
96.4486
96.4524
96.4561
96.4613
96.4675
96.4683
96.4698
96.472
96.4722
96.4769
96.4775
96.4786
96.4834
96.4843
96.4875
96.4898
96.4918
96.4929
96.4953
96.5037
96.5044
96.5132
96.516
96.5185
96.5223
96.523
96.5263
96.5309
96.5329
96.537
96.5379
96.5405
96.5453
96.546
96.5539
96.5547
96.5552
96.562
96.5693
96.5724
96.5764
96.586
96.5879
96.6034
96.6043
96.6068
96.6074
96.6079
96.6089
96.6203
96.6204
96.6216
96.6249
96.6255
96.6271
96.6278
96.628
96.6284
96.6303
96.6317
96.6353
96.6369
96.6375
96.6376
96.6394
96.6412
96.6417
96.6432
96.6454
96.6461
96.6483
96.6545
96.6551
96.6586
96.6589
96.6681
96.6689
96.6689
96.6708
96.6726
96.6784
96.6833
96.6846
96.6847
96.6865
96.7001
96.7026
96.7068
96.708
96.7105
96.7142
96.7156
96.717
96.7174
96.7184
96.7207
96.7255
96.7308
96.7311
96.7318
96.735
96.7363
96.7378
96.7394
96.7424
96.7487
96.7499
96.7528
96.757
96.7591
96.7659
96.7762
96.7772
96.7792
96.78
96.7839
96.7873
96.7887
96.79
96.7919
96.7938
96.794
96.7945
96.7976
96.799
96.8023
96.8036
96.8041
96.806
96.8068
96.8161
96.8233
96.8319
96.8327
96.833
96.8389
96.8392
96.8392
96.8397
96.8401
96.8459
96.8481
96.8517
96.8533
96.8555
96.8622
96.8693
96.8709
96.8745
96.8756
96.8756
96.8821
96.8847
96.8849
96.8874
96.8893
96.8944
96.8974
96.8976
96.8986
96.9013
96.9025
96.9056
96.9113
96.9165
96.9204
96.9217
96.9291
96.9295
96.9311
96.9341
96.9365
96.9386
96.9546
96.9559
96.9592
96.9604
96.9609
96.9611
96.9619
96.9754
96.9801
96.9827
96.9834
96.9912
96.9918
96.9948
96.9972
96.9992
97.0003
97.0004
97.0008
97.0186
97.0214
97.027
97.0293
97.0362
97.0377
97.0401
97.0407
97.047
97.0497
97.0545
97.055
97.0554
97.0701
97.0741
97.0819
97.0886
97.0918
97.0921
97.0931
97.0956
97.0964
97.1028
97.1048
97.11
97.1123
97.113
97.1194
97.1206
97.1215
97.1215
97.1264
97.1275
97.129
97.1402
97.1423
97.1486
97.1515
97.152
97.1534
97.1588
97.163
97.1668
97.1675
97.1685
97.1697
97.1708
97.1725
97.1737
97.1745
97.1895
97.1897
97.1903
97.1904
97.1919
97.1945
97.1963
97.1982
97.2047
97.2062
97.2077
97.2118
97.213
97.2132
97.2171
97.2178
97.2277
97.2294
97.2374
97.2387
97.2389
97.2399
97.2412
97.2449
97.2458
97.2479
97.2484
97.2519
97.2524
97.2662
97.2674
97.2687
97.2792
97.2811
97.2813
97.2833
97.2915
97.2933
97.2939
97.3015
97.3018
97.3019
97.3031
97.3238
97.3354
97.3439
97.3487
97.3521
97.359
97.3606
97.3661
97.3664
97.3705
97.3723
97.379
97.3801
97.383
97.3884
97.389
97.3943
97.4008
97.4069
97.4127
97.4132
97.4143
97.4147
97.4163
97.4263
97.4293
97.4357
97.4366
97.4404
97.4477
97.4484
97.4496
97.4516
97.4555
97.46
97.4644
97.4688
97.4761
97.4766
97.4798
97.4993
97.5104
97.5156
97.5181
97.5211
97.5258
97.5283
97.5291
97.5302
97.531
97.5328
97.5356
97.537
97.5382
97.5443
97.5456
97.557
97.5584
97.5585
97.5644
97.5676
97.5719
97.5744
97.5744
97.5748
97.5805
97.5847
97.5848
97.592
97.5996
97.6049
97.609
97.6154
97.618
97.6229
97.6244
97.6277
97.6444
97.646
97.6462
97.6498
97.6518
97.6554
97.6583
97.6603
97.6861
97.6873
97.6954
97.6957
97.6979
97.7114
97.7208
97.7215
97.7225
97.7287
97.7299
97.7314
97.7362
97.7421
97.7456
97.7512
97.7551
97.7557
97.758
97.7757
97.7845
97.7984
97.8035
97.8042
97.8103
97.8116
97.8167
97.8207
97.8254
97.8262
97.835
97.8535
97.8544
97.8544
97.8592
97.8732
97.8732
97.8834
97.8863
97.8896
97.8936
97.9062
97.916
97.9186
97.9225
97.9302
97.9304
97.9347
97.9359
97.9403
97.9485
97.9521
97.967
97.9703
97.9707
97.9745
97.9865
97.9898
97.9914
98.0009
98.0035
98.0103
98.021
98.0238
98.0239
98.0309
98.0353
98.0426
98.0429
98.0545
98.0567
98.063
98.0814
98.0841
98.0892
98.092
98.1041
98.1043
98.1063
98.1076
98.1115
98.1237
98.1266
98.1279
98.1284
98.1303
98.1372
98.1431
98.1541
98.1615
98.1639
98.1704
98.1812
98.1831
98.1909
98.1928
98.202
98.2041
98.2111
98.2119
98.2129
98.2296
98.235
98.2419
98.2472
98.2516
98.2524
98.2645
98.2668
98.2681
98.2725
98.2737
98.2775
98.2792
98.2806
98.2883
98.2925
98.2957
98.2962
98.3023
98.3026
98.3034
98.3097
98.3117
98.3135
98.3167
98.319
98.3253
98.3289
98.3331
98.351
98.3517
98.3644
98.3656
98.3659
98.371
98.3765
98.3835
98.3843
98.3868
98.3875
98.3958
98.3981
98.4012
98.4013
98.413
98.4147
98.4244
98.4264
98.4265
98.4307
98.4407
98.446
98.4475
98.4571
98.4586
98.4598
98.4624
98.467
98.4694
98.4702
98.4756
98.4772
98.4876
98.4886
98.4934
98.497
98.5223
98.5264
98.5289
98.5332
98.5344
98.5413
98.5438
98.5445
98.5447
98.5475
98.5522
98.5524
98.5551
98.56
98.5611
98.5681
98.595
98.6142
98.6177
98.6235
98.6348
98.6374
98.6462
98.6531
98.6577
98.6606
98.6631
98.6708
98.672
98.6757
98.6795
98.6824
98.6849
98.6958
98.7034
98.7107
98.7184
98.7213
98.7411
98.7417
98.7419
98.7743
98.7747
98.7787
98.7848
98.7966
98.8062
98.8124
98.8139
98.8158
98.8189
98.8214
98.8239
98.8322
98.8333
98.8336
98.8453
98.8469
98.8534
98.8661
98.8774
98.8777
98.8851
98.8855
98.8893
98.8947
98.8968
98.9241
98.926
98.9265
98.9304
98.9342
98.9369
98.9376
98.9382
98.9518
98.9637
98.9693
98.9695
98.993
98.9935
99.0006
99.0146
99.0149
99.0195
99.0207
99.0239
99.0244
99.031
99.032
99.033
99.0391
99.0422
99.0425
99.0481
99.0504
99.0506
99.056
99.0713
99.084
99.085
99.0882
99.1049
99.1058
99.1174
99.1235
99.1452
99.1522
99.1658
99.1663
99.1836
99.1863
99.192
99.2
99.217
99.2195
99.2199
99.2263
99.2269
99.229
99.231
99.2409
99.2471
99.2496
99.2709
99.278
99.2804
99.2896
99.2955
99.2982
99.2984
99.3006
99.3229
99.3383
99.344
99.3509
99.3536
99.3539
99.3691
99.3783
99.3912
99.3964
99.4006
99.4011
99.4185
99.4187
99.4262
99.4336
99.4374
99.4387
99.4408
99.4459
99.4487
99.4488
99.4515
99.4574
99.4588
99.4692
99.4767
99.4799
99.4946
99.5077
99.5221
99.5351
99.5358
99.5401
99.5671
99.5687
99.5729
99.5823
99.5865
99.5937
99.6024
99.6094
99.6128
99.6175
99.6284
99.6295
99.6359
99.6539
99.6544
99.6598
99.6611
99.6614
99.6629
99.6657
99.6824
99.6865
99.6868
99.7126
99.7155
99.7336
99.7378
99.7379
99.7437
99.7536
99.7634
99.7667
99.7795
99.7849
99.7891
99.8042
99.8094
99.8149
99.8159
99.8306
99.8307
99.8577
99.8581
99.8657
99.8668
99.8802
99.8827
99.8828
99.8956
99.916
99.9261
99.9286
99.9321
99.9359
99.9472
99.949
99.9752
99.9789
99.9873
100
100.004
100.004
100.025
100.028
100.029
100.029
100.029
100.057
100.059
100.063
100.087
100.097
100.097
100.099
100.1
100.108
100.116
100.125
100.126
100.134
100.148
100.158
100.16
100.179
100.186
100.187
100.189
100.195
100.212
100.226
100.226
100.232
100.24
100.242
100.249
100.27
100.277
100.287
100.29
100.291
100.299
100.304
100.311
100.311
100.329
100.331
100.333
100.355
100.379
100.384
100.386
100.393
100.399
100.415
100.434
100.443
100.449
100.456
100.457
100.465
100.469
100.471
100.487
100.495
100.506
100.515
100.517
100.527
100.527
100.53
100.53
100.53
100.534
100.542
100.558
100.569
100.585
100.591
100.598
100.601
100.613
100.615
100.617
100.63
100.641
100.644
100.645
100.667
100.674
100.685
100.69
100.693
100.693
100.695
100.697
100.709
100.724
100.727
100.732
100.733
100.736
100.742
100.745
100.745
100.75
100.759
100.76
100.763
100.764
100.771
100.771
100.773
100.778
100.78
100.785
100.79
100.804
100.807
100.817
100.817
100.818
100.822
100.829
100.836
100.837
100.847
100.855
100.86
100.863
100.867
100.89
100.911
100.914
100.914
100.93
100.934
100.947
100.952
100.997
101.007
101.012
101.015
101.026
101.029
101.049
101.059
101.059
101.064
101.081
101.1
101.107
101.112
101.117
101.124
101.126
101.143
101.144
101.147
101.148
101.164
101.179
101.18
101.19
101.194
101.208
101.244
101.252
101.256
101.261
101.265
101.281
101.334
101.356
101.361
101.363
101.366
101.379
101.387
101.397
101.403
101.415
101.426
101.43
101.434
101.451
101.453
101.477
101.492
101.497
101.498
101.504
101.506
101.52
101.522
101.524
101.543
101.551
101.554
101.554
101.56
101.562
101.582
101.582
101.583
101.587
101.587
101.593
101.597
101.601
101.606
101.607
101.613
101.616
101.627
101.636
101.653
101.661
101.667
101.683
101.716
101.717
101.717
101.719
101.725
101.77
101.797
101.806
101.811
101.817
101.819
101.836
101.837
101.842
101.849
101.85
101.859
101.867
101.875
101.886
101.927
101.929
101.932
101.934
101.942
101.955
101.965
101.97
101.977
101.983
101.999
102
102.043
102.047
102.048
102.052
102.112
102.127
102.127
102.132
102.135
102.148
102.159
102.166
102.167
102.17
102.187
102.271
102.276
102.31
102.314
102.317
102.357
102.376
102.38
102.41
102.434
102.47
102.481
102.502
102.512
102.521
102.554
102.565
102.588
102.616
102.662
102.69
102.692
102.72
102.734
102.738
102.744
102.748
102.769
102.771
102.787
102.789
102.82
102.82
102.824
102.831
102.838
102.841
102.851
102.855
102.883
102.953
102.962
102.979
102.98
102.985
102.993
102.996
102.996
103.005
103.022
103.023
103.036
103.038
103.04
103.04
103.042
103.051
103.054
103.071
103.072
103.086
103.089
103.098
103.116
103.125
103.137
103.19
103.206
103.223
103.223
103.238
103.239
103.246
103.248
103.249
103.283
103.289
103.293
103.3
103.305
103.367
103.432
103.44
103.474
103.491
103.493
103.514
103.568
103.572
103.592
103.597
103.603
103.604
103.626
103.633
103.636
103.652
103.728
103.737
103.74
103.809
103.814
103.853
103.854
103.855
103.855
103.874
103.875
103.914
103.932
103.936
103.949
103.956
104.026
104.034
104.062
104.073
104.117
104.153
104.16
104.173
104.184
104.188
104.189
104.192
104.211
104.238
104.241
104.255
104.312
104.317
104.328
104.36
104.374
104.406
104.432
104.461
104.481
104.489
104.496
104.501
104.548
104.582
104.589
104.599
104.615
104.618
104.624
104.631
104.649
104.664
104.712
104.754
104.769
104.791
104.794
104.807
104.838
104.838
104.841
104.852
104.857
104.905
104.918
104.927
105.004
105.058
105.082
105.095
105.096
105.115
105.158
105.181
105.247
105.255
105.273
105.288
105.329
105.35
105.355
105.357
105.366
105.377
105.386
105.432
105.438
105.447
105.478
105.49
105.59
105.592
105.594
105.609
105.67
105.716
105.732
105.742
105.757
105.826
105.853
105.875
105.879
105.886
105.908
105.915
105.921
105.959
105.98
105.996
106.095
106.125
106.13
106.149
106.155
106.163
106.18
106.211
106.262
106.287
106.33
106.355
106.406
106.453
106.47
106.489
106.493
106.537
106.607
106.617
106.716
106.762
106.768
106.811
106.813
106.847
106.923
106.928
106.93
106.934
106.945
106.958
106.965
107.047
107.112
107.116
107.248
107.288
107.291
107.304
107.381
107.461
107.48
107.488
107.544
107.607
107.626
107.649
107.653
107.706
107.78
107.787
107.791
107.83
107.849
107.85
107.871
107.919
107.927
107.955
107.961
107.974
107.986
107.988
108.001
108.028
108.269
108.312
108.321
108.365
108.384
108.447
108.465
108.474
108.481
108.552
108.564
108.586
108.617
108.629
108.639
108.715
108.774
108.776
108.796
108.855
108.858
108.93
108.932
108.943
109.001
109.006
109.034
109.044
109.046
109.151
109.207
109.268
109.278
109.288
109.329
109.436
109.581
109.582
109.661
109.697
109.719
109.753
109.764
109.768
109.786
109.845
109.982
110
110.057
110.061
110.208
110.306
110.323
110.351
110.377
110.523
110.622
110.633
110.654
110.764
110.769
110.811
110.872
110.903
110.91
110.948
110.976
111.011
111.082
111.083
111.171
111.207
111.221
111.34
111.357
111.406
111.408
111.419
111.442
111.449
111.46
111.601
111.632
111.672
111.804
111.849
111.93
112.117
112.176
112.182
112.299
112.385
112.412
112.46
112.485
112.497
112.515
112.663
112.748
112.762
113.102
113.29
113.397
113.445
113.461
113.49
113.559
113.707
113.721
113.813
113.868
113.87
113.897
114.081
114.087
114.136
114.188
114.193
114.317
114.331
114.429
114.869
114.938
114.97
114.982
115.013
115.05
115.054
115.171
115.257
115.42
115.438
115.459
115.533
115.659
115.661
115.815
115.835
115.847
115.913
115.929
116.113
116.241
116.344
116.386
116.502
116.503
116.578
116.59
116.614
116.645
116.699
116.808
116.918
116.953
117.026
117.088
169.977
172.162
172.366
176.738
176.865
177.504
177.663
179.945
190.092
190.799
193.631
195.76
197.183
272.823
280.282
284.33
