79.2895
79.3999
79.6001
79.6776
80.121
80.1859
80.2
80.2028
80.2298
80.2764
80.3551
80.3874
80.413
80.4136
80.4266
80.4356
80.4549
80.4617
80.4638
80.4674
80.4823
80.4969
80.5049
80.5609
80.5777
80.5846
80.6243
80.6309
80.6423
80.6431
80.6555
80.6628
80.675
80.7104
80.7142
80.7191
80.7355
80.7365
80.7509
80.7621
80.7623
80.7991
80.7997
80.8369
80.8456
80.853
80.8694
80.8753
80.8999
80.9035
80.9058
80.9265
80.981
80.9979
81.0071
81.0267
81.053
81.0754
81.0791
81.0986
81.0992
81.1101
81.1235
81.1391
81.141
81.145
81.1578
81.1619
81.1762
81.1785
81.1899
81.1904
81.1922
81.2062
81.2253
81.2605
81.2662
81.2701
81.2719
81.2834
81.2897
81.304
81.3177
81.3246
81.3351
81.3424
81.3469
81.3477
81.3654
81.3798
81.3816
81.3993
81.4009
81.4221
81.4271
81.4282
81.4287
81.437
81.4481
81.4503
81.455
81.464
81.4698
81.4728
81.4749
81.4894
81.4901
81.4936
81.501
81.52
81.5241
81.5271
81.533
81.5358
81.5448
81.5462
81.5486
81.5531
81.5581
81.5639
81.5661
81.5669
81.5786
81.5838
81.594
81.6115
81.6198
81.6224
81.6251
81.638
81.6466
81.6562
81.6636
81.6645
81.6647
81.6798
81.6848
81.689
81.6894
81.6905
81.6909
81.6952
81.6953
81.7084
81.714
81.7269
81.7391
81.7409
81.7413
81.7588
81.7624
81.7628
81.7714
81.7768
81.7777
81.81
81.8279
81.8313
81.8352
81.8357
81.8457
81.8686
81.8809
81.8818
81.8867
81.8875
81.8876
81.8887
81.8904
81.9033
81.9042
81.9054
81.9063
81.9095
81.9097
81.9126
81.9207
81.9223
81.923
81.9292
81.9344
81.9356
81.9431
81.959
81.9626
81.9674
81.9743
81.9839
81.9861
81.9975
81.9991
82.0022
82.0074
82.0078
82.0146
82.0179
82.0198
82.0251
82.0296
82.0321
82.0326
82.0328
82.0336
82.0357
82.0383
82.0413
82.0433
82.0528
82.0653
82.077
82.088
82.0894
82.0925
82.1021
82.1147
82.1154
82.1173
82.1207
82.122
82.126
82.1365
82.1377
82.1403
82.1431
82.1488
82.155
82.157
82.1628
82.1655
82.166
82.1696
82.1772
82.1778
82.1828
82.1863
82.1885
82.1893
82.2022
82.2037
82.2045
82.2119
82.2132
82.2282
82.2365
82.2366
82.2371
82.2373
82.2414
82.2425
82.2435
82.2439
82.248
82.2501
82.252
82.2525
82.2596
82.2675
82.2757
82.2763
82.2779
82.28
82.2812
82.2852
82.2862
82.2906
82.2929
82.2951
82.298
82.3049
82.3073
82.311
82.3178
82.3221
82.336
82.3381
82.3393
82.3429
82.3491
82.3519
82.3535
82.3642
82.3711
82.3867
82.3896
82.3905
82.393
82.3942
82.3957
82.3976
82.4012
82.4067
82.4112
82.4321
82.4336
82.4365
82.4458
82.447
82.4608
82.4628
82.4635
82.4644
82.4648
82.4684
82.4846
82.4903
82.4934
82.4943
82.4953
82.4955
82.504
82.5071
82.5103
82.5117
82.5353
82.5388
82.5395
82.5401
82.5419
82.5447
82.5457
82.5467
82.5494
82.552
82.5553
82.5674
82.5718
82.5721
82.5756
82.5808
82.5827
82.5849
82.5863
82.5875
82.5912
82.5918
82.5929
82.5965
82.5975
82.6023
82.6047
82.6072
82.6077
82.6098
82.6113
82.6194
82.6214
82.6229
82.6232
82.6235
82.6239
82.6246
82.6278
82.6295
82.6313
82.6315
82.6328
82.6401
82.6429
82.645
82.6468
82.6471
82.6471
82.6521
82.6537
82.6562
82.6571
82.6609
82.6653
82.6669
82.6683
82.6697
82.6737
82.6762
82.678
82.6794
82.6887
82.6933
82.6951
82.6976
82.7015
82.7045
82.7099
82.7115
82.7202
82.7221
82.73
82.7369
82.7394
82.742
82.7421
82.7454
82.7463
82.7504
82.7523
82.7532
82.7555
82.7594
82.7637
82.7673
82.7688
82.7721
82.7795
82.7862
82.7866
82.8082
82.8153
82.8206
82.8236
82.8283
82.8292
82.8306
82.8319
82.8497
82.8531
82.8532
82.8568
82.8597
82.8632
82.8656
82.8663
82.8672
82.8753
82.8763
82.8766
82.8778
82.8902
82.8944
82.8944
82.8977
82.8985
82.8994
82.9033
82.9065
82.9089
82.9098
82.9099
82.9106
82.9232
82.9233
82.9288
82.9365
82.9371
82.9378
82.9457
82.9473
82.949
82.9493
82.9519
82.9546
82.9578
82.958
82.9649
82.9767
82.9848
82.9883
82.9907
82.9909
82.9955
82.9962
82.9963
83.0018
83.0064
83.0112
83.0117
83.013
83.0135
83.0167
83.0188
83.023
83.0245
83.0258
83.0271
83.0344
83.0369
83.0381
83.0407
83.0435
83.0444
83.0452
83.0476
83.0496
83.0554
83.0669
83.0691
83.0758
83.0767
83.0861
83.0922
83.0922
83.0929
83.0931
83.0933
83.1015
83.1092
83.1095
83.1151
83.1216
83.1238
83.1248
83.127
83.1275
83.1283
83.1314
83.1373
83.1375
83.1395
83.1405
83.1418
83.1429
83.1444
83.1449
83.1518
83.1557
83.1603
83.1733
83.175
83.1829
83.1844
83.1859
83.1865
83.1907
83.1922
83.1951
83.2001
83.2026
83.2044
83.2071
83.2119
83.2133
83.2152
83.2233
83.2238
83.2241
83.2252
83.2286
83.2313
83.2365
83.2404
83.2408
83.2442
83.2455
83.2503
83.2514
83.2558
83.257
83.2607
83.2617
83.2627
83.2675
83.268
83.2713
83.2715
83.2756
83.2763
83.2823
83.2825
83.286
83.2894
83.2943
83.3045
83.3079
83.31
83.3144
83.315
83.3181
83.3206
83.3231
83.3241
83.3287
83.3485
83.3514
83.3597
83.36
83.3605
83.3616
83.3692
83.3748
83.3839
83.3866
83.3889
83.3901
83.4004
83.4004
83.403
83.4052
83.4065
83.4066
83.4108
83.4111
83.4199
83.4212
83.4224
83.4277
83.4283
83.443
83.4466
83.4507
83.4513
83.4557
83.4565
83.4603
83.461
83.4657
83.4699
83.4766
83.4776
83.4793
83.4907
83.4922
83.5072
83.5084
83.5106
83.5121
83.5143
83.5173
83.5194
83.5204
83.5243
83.525
83.5344
83.5496
83.5526
83.5551
83.5562
83.5566
83.5566
83.5591
83.5718
83.5721
83.5732
83.5783
83.5794
83.5873
83.5881
83.5916
83.6094
83.6101
83.6105
83.6126
83.6151
83.6171
83.6183
83.6218
83.6219
83.6221
83.623
83.6237
83.624
83.6252
83.6294
83.6344
83.6346
83.649
83.6493
83.6497
83.65
83.6691
83.6699
83.672
83.6752
83.6863
83.687
83.6872
83.6915
83.7004
83.7041
83.7046
83.7104
83.7132
83.7172
83.7215
83.7247
83.7336
83.7393
83.74
83.7411
83.742
83.7458
83.7469
83.7535
83.7554
83.7614
83.7626
83.7767
83.7791
83.7837
83.7837
83.7949
83.7958
83.7963
83.7979
83.8003
83.804
83.804
83.8076
83.8106
83.8163
83.8197
83.8233
83.8305
83.8328
83.8351
83.8391
83.8437
83.8445
83.8454
83.8503
83.8584
83.8622
83.8717
83.876
83.8778
83.8798
83.8814
83.8836
83.8918
83.8928
83.8955
83.9003
83.904
83.9043
83.9048
83.905
83.9079
83.911
83.9141
83.9168
83.9232
83.9264
83.9295
83.93
83.9326
83.9397
83.9425
83.9562
83.957
83.9664
83.9753
83.9758
83.9869
83.9902
83.9922
83.9964
83.9968
83.9989
84.0048
84.0074
84.0085
84.0099
84.0153
84.0229
84.0244
84.039
84.0395
84.0532
84.0623
84.0654
84.0704
84.0719
84.0743
84.0853
84.0891
84.0913
84.0965
84.0969
84.097
84.0979
84.1019
84.1032
84.1092
84.1105
84.1138
84.1167
84.1258
84.129
84.1333
84.1355
84.1382
84.1396
84.1471
84.1473
84.1492
84.1492
84.1514
84.1533
84.1767
84.1797
84.1834
84.187
84.1984
84.2072
84.2138
84.2185
84.2191
84.2235
84.2255
84.2255
84.2304
84.2336
84.236
84.2385
84.2513
84.2524
84.2672
84.2677
84.2691
84.2701
84.2708
84.2831
84.2852
84.286
84.2878
84.2929
84.2949
84.3008
84.3027
84.3052
84.3095
84.3101
84.3295
84.3335
84.3336
84.3341
84.3348
84.3369
84.339
84.3426
84.3473
84.3477
84.3523
84.3576
84.3707
84.3739
84.3814
84.3878
84.3935
84.4
84.4059
84.4151
84.418
84.4336
84.4368
84.4393
84.446
84.4498
84.454
84.4553
84.4561
84.4669
84.4683
84.4753
84.4755
84.4828
84.4839
84.4877
84.4919
84.5012
84.5018
84.5025
84.5072
84.5081
84.5229
84.5245
84.5294
84.5388
84.5391
84.5409
84.5413
84.5429
84.5545
84.5658
84.5823
84.589
84.5985
84.599
84.6062
84.617
84.6317
84.6326
84.6331
84.6383
84.6385
84.6415
84.6475
84.6478
84.6516
84.6521
84.6572
84.6799
84.6865
84.6887
84.6948
84.6986
84.701
84.7022
84.7051
84.7136
84.7197
84.7359
84.7384
84.7447
84.7469
84.7479
84.7536
84.7546
84.7609
84.7683
84.7725
84.7735
84.7738
84.7777
84.782
84.7859
84.7917
84.792
84.7931
84.7947
84.8061
84.8112
84.8126
84.8159
84.8236
84.8258
84.8307
84.832
84.8392
84.8401
84.8467
84.8476
84.849
84.8516
84.8534
84.8534
84.8549
84.8599
84.8604
84.8662
84.8702
84.8769
84.8782
84.8789
84.8798
84.8816
84.8934
84.8937
84.9013
84.9018
84.9037
84.9038
84.907
84.9093
84.9131
84.9135
84.9212
84.9242
84.9282
84.9295
84.9348
84.9364
84.9567
84.9575
84.9668
84.9675
84.9764
84.9872
84.9873
85.0127
85.0262
85.0351
85.0371
85.0503
85.0573
85.058
85.0631
85.0684
85.0727
85.0751
85.0757
85.0772
85.0902
85.0981
85.099
85.1151
85.13
85.1307
85.1313
85.1333
85.1402
85.1494
85.156
85.157
85.1573
85.1637
85.1671
85.1674
85.1744
85.1848
85.1848
85.1849
85.1946
85.1962
85.201
85.2015
85.221
85.2251
85.2283
85.232
85.2378
85.2412
85.2444
85.2454
85.2477
85.2543
85.2581
85.2589
85.2691
85.277
85.2793
85.2815
85.2877
85.2902
85.292
85.2975
85.3045
85.3173
85.3224
85.3277
85.3313
85.333
85.3483
85.3537
85.3645
85.3678
85.3701
85.3705
85.3708
85.3724
85.3727
85.3887
85.3929
85.4068
85.4098
85.424
85.4261
85.4331
85.4506
85.4525
85.4565
85.4575
85.4799
85.48
85.4807
85.5056
85.5116
85.512
85.5158
85.5171
85.5204
85.5238
85.535
85.5446
85.5514
85.5524
85.5587
85.5672
85.5746
85.5777
85.5781
85.5785
85.5812
85.5877
85.5889
85.5891
85.592
85.5931
85.5941
85.6004
85.6301
85.6353
85.6403
85.641
85.6414
85.6428
85.6478
85.6633
85.6718
85.6738
85.6776
85.7196
85.7208
85.7246
85.7311
85.7433
85.7557
85.7656
85.7691
85.7762
85.7839
85.8029
85.8043
85.8051
85.8146
85.8203
85.8272
85.8284
85.8298
85.833
85.8394
85.8455
85.8572
85.8582
85.8602
85.8604
85.8624
85.8697
85.8969
85.902
85.9032
85.9055
85.9154
85.9258
85.9285
85.9362
85.9419
85.9421
85.9432
85.9507
85.9579
85.9736
85.9753
85.9763
86.0029
86.0171
86.0213
86.0313
86.0324
86.0332
86.0371
86.0388
86.0494
86.0556
86.058
86.0631
86.0687
86.0714
86.0719
86.0737
86.0785
86.0926
86.098
86.1018
86.1092
86.1224
86.1343
86.1371
86.1433
86.1534
86.1594
86.1701
86.1836
86.1965
86.2077
86.2104
86.2145
86.2256
86.2284
86.2353
86.2511
86.2537
86.2587
86.2698
86.2698
86.2922
86.297
86.3009
86.303
86.3191
86.3216
86.325
86.3385
86.348
86.355
86.3619
86.3693
86.3706
86.3988
86.3995
86.4071
86.4221
86.4336
86.4358
86.4419
86.4512
86.4591
86.4644
86.4668
86.4746
86.4757
86.4815
86.4904
86.496
86.5011
86.5062
86.5286
86.5293
86.5412
86.5414
86.5433
86.5591
86.5797
86.6019
86.6099
86.6118
86.6176
86.6203
86.6278
86.6299
86.6388
86.6416
86.649
86.6511
86.6618
86.6629
86.6742
86.678
86.6869
86.696
86.7104
86.7111
86.7134
86.718
86.7275
86.7369
86.7456
86.7472
86.7487
86.7506
86.796
86.8014
86.8036
86.8079
86.8357
86.848
86.8522
86.8897
86.891
86.9099
86.9112
86.9165
86.9246
86.9301
86.9715
86.9744
86.9777
86.9786
86.9895
87.0044
87.0215
87.0227
87.0271
87.0355
87.0392
87.0654
87.0717
87.0807
87.0844
87.1018
87.1087
87.123
87.1233
87.136
87.1405
87.1622
87.1625
87.1713
87.1787
87.1796
87.181
87.1904
87.2009
87.2202
87.241
87.2501
87.2654
87.2716
87.2744
87.2783
87.2791
87.3006
87.3037
87.3068
87.3267
87.3759
87.3897
87.3955
87.4348
87.4385
87.45
87.4708
87.4882
87.4972
87.4975
87.5092
87.51
87.5262
87.5317
87.5544
87.5885
87.5936
87.6007
87.6062
87.6067
87.64
87.6405
87.6664
87.6816
87.6853
87.6966
87.7099
87.7175
87.7232
87.7296
87.7405
87.7448
87.7546
87.7928
87.7945
87.8101
87.8313
87.8353
87.8565
87.863
87.8773
87.8864
87.9062
87.9085
87.9178
87.9377
87.9445
88.007
88.0166
88.0257
88.027
88.0301
88.0443
88.0475
88.0968
88.1056
88.1078
88.1168
88.12
88.1393
88.1517
88.1594
88.187
88.1889
88.198
88.2019
88.2042
88.2147
88.2165
88.2532
88.2577
88.2583
88.2729
88.276
88.3094
88.3304
88.3495
88.353
88.3824
88.387
88.3976
88.4067
88.4272
88.4399
88.5006
88.5205
88.5435
88.5527
88.5559
88.577
88.5829
88.5862
88.5895
88.5907
88.5972
88.5986
88.6209
88.624
88.644
88.6748
88.678
88.6868
88.6875
88.6885
88.7543
88.7651
88.7997
88.8006
88.8111
88.8129
88.8159
88.8384
88.863
88.8701
88.8751
88.8757
88.8762
88.8902
88.8955
88.8957
88.9159
88.942
88.9576
88.9762
88.996
89.0105
89.0288
89.0529
89.0618
89.0812
89.0882
89.1051
89.1138
89.1249
89.1313
89.1368
89.1515
89.1564
89.1834
89.1908
89.2032
89.2541
89.2569
89.2655
89.2667
89.27
89.2761
89.3012
89.3044
89.3144
89.3345
89.3386
89.366
89.3706
89.3971
89.4245
89.4372
89.4478
89.4962
89.5008
89.5251
89.5471
89.5568
89.5689
89.5891
89.59
89.595
89.5971
89.6203
89.6246
89.634
89.6402
89.6666
89.6846
89.6908
89.6938
89.7198
89.7617
89.7694
89.8088
89.8457
89.8742
89.8897
89.9438
89.9456
89.9674
90.0053
90.0411
90.0417
90.0931
90.1152
90.1272
90.1675
90.1806
90.2054
90.2095
90.213
90.2232
90.2468
90.2761
90.2899
90.3472
90.36
90.3649
90.416
90.4245
90.4591
90.5052
90.5132
90.5478
90.5809
90.5859
90.6509
90.7098
90.7104
90.7317
90.7551
90.7796
90.8107
90.8171
90.825
90.8528
90.8862
90.9223
91.0348
91.0367
91.0818
91.0887
91.1057
91.1292
91.1344
91.1404
91.1571
91.1847
91.1965
91.2156
91.2445
91.2663
91.3002
91.3473
91.3939
91.4445
91.472
91.4816
91.5407
91.5911
91.6023
91.6311
91.6925
91.7101
91.7187
91.7262
91.7563
91.7574
91.8423
91.8729
91.9595
91.9606
91.9742
91.9836
92.018
92.0404
92.0742
92.1191
92.1581
92.1933
92.2083
92.2155
92.2884
92.3584
92.3731
92.5048
92.5705
92.5878
92.6105
92.6326
92.7628
92.8399
92.8573
92.8676
92.8897
92.9006
92.9229
93.1647
93.1786
93.1947
93.2626
93.2855
93.314
93.3359
93.3521
93.4093
93.4501
93.5902
93.6048
93.631
93.7227
93.8803
93.9123
94.0278
94.1
94.1338
94.2248
94.2405
94.2732
94.4183
94.4764
94.5233
94.566
94.6172
94.7356
94.8165
94.8406
94.8917
94.9273
94.971
95.0666
95.0928
95.1009
95.3098
95.3677
95.3741
95.5219
95.5286
95.5487
95.8094
95.8209
95.8293
95.9406
95.9514
95.9726
95.9982
96.0059
96.0265
96.0351
96.0463
96.1802
96.3233
96.4581
96.4595
96.562
96.5778
96.9172
96.9199
96.9291
96.9722
96.9778
97.0911
97.1297
97.32
97.3373
97.644
97.7436
97.8183
97.8207
97.8629
97.8836
97.8868
98.0055
98.03
98.2504
98.3073
98.5111
98.5424
98.641
99.0245
99.4009
99.4196
99.4739
99.9367
99.9882
100.05
100.057
100.167
100.265
100.291
100.383
100.386
100.427
100.718
100.864
101.333
101.562
101.622
101.69
101.915
102.326
102.41
102.541
102.603
102.676
102.743
103.008
103.01
103.477
103.602
103.605
103.805
103.895
104.003
104.12
104.467
105.39
105.903
105.923
105.943
105.98
106.706
107.035
107.223
107.868
108.567
108.916
164.04
164.613
165.099
166.428
175.57
181.758
184.774
185.419
