82.0909
82.7643
82.7741
82.8473
82.9884
83.0255
83.0453
83.0737
83.0991
83.1357
83.1895
83.2361
83.2363
83.2598
83.2633
83.3134
83.3136
83.3196
83.3707
83.3947
83.4124
83.4701
83.4738
83.4823
83.4994
83.5536
83.6089
83.6166
83.6241
83.6291
83.6676
83.678
83.6861
83.7005
83.7076
83.733
83.7355
83.7402
83.7431
83.7573
83.7587
83.7787
83.7974
83.8051
83.8134
83.8183
83.8277
83.8404
83.8526
83.8549
83.8732
83.8748
83.88
83.8812
83.8901
83.9264
83.9525
83.96
83.9661
83.9848
83.9863
83.9865
83.9986
84.0039
84.0061
84.0167
84.0205
84.0331
84.0378
84.0423
84.0506
84.0604
84.0605
84.064
84.0667
84.0947
84.1037
84.107
84.1111
84.1222
84.1346
84.1549
84.1634
84.1634
84.1756
84.1778
84.187
84.1899
84.1901
84.2005
84.2011
84.2262
84.2366
84.2401
84.2408
84.2462
84.2625
84.2645
84.2645
84.265
84.2718
84.2774
84.2778
84.2788
84.2915
84.2941
84.2944
84.3022
84.3033
84.3049
84.3058
84.3141
84.3153
84.3162
84.322
84.3234
84.3251
84.3289
84.3295
84.3309
84.3316
84.3345
84.3361
84.3401
84.3423
84.3432
84.3433
84.3455
84.3482
84.3579
84.3592
84.3693
84.3734
84.3742
84.3747
84.375
84.3826
84.3884
84.3945
84.4105
84.4107
84.4142
84.4187
84.4188
84.4296
84.4464
84.4473
84.4492
84.4501
84.451
84.4539
84.4576
84.4647
84.4698
84.4724
84.4817
84.4887
84.4893
84.4984
84.5022
84.5052
84.5211
84.5289
84.5302
84.5308
84.5314
84.5359
84.5375
84.5394
84.5429
84.5442
84.547
84.547
84.5505
84.5525
84.5534
84.5557
84.5575
84.5635
84.5678
84.5738
84.5739
84.5743
84.5801
84.5875
84.5934
84.5993
84.6044
84.6092
84.6152
84.6194
84.6214
84.6263
84.6299
84.6304
84.6307
84.6313
84.634
84.6429
84.6431
84.6489
84.6505
84.6569
84.6704
84.6748
84.679
84.6904
84.6943
84.6953
84.6968
84.6968
84.6998
84.7058
84.7137
84.7163
84.7183
84.7197
84.7227
84.7256
84.7298
84.7319
84.7323
84.7331
84.7357
84.7386
84.7449
84.7483
84.7524
84.7575
84.7632
84.7637
84.77
84.7717
84.7808
84.7852
84.7878
84.7912
84.7918
84.7954
84.8034
84.8088
84.8233
84.8257
84.8263
84.8272
84.8286
84.8292
84.8314
84.832
84.8346
84.8361
84.8362
84.8363
84.8369
84.8413
84.842
84.8438
84.8468
84.8471
84.8477
84.8487
84.8545
84.8548
84.858
84.861
84.8616
84.8641
84.8645
84.867
84.8682
84.8697
84.8708
84.8757
84.8769
84.8781
84.8787
84.8794
84.8825
84.8873
84.8964
84.8983
84.8997
84.9007
84.9017
84.9029
84.9039
84.9172
84.9243
84.925
84.9269
84.9276
84.93
84.9337
84.9363
84.9393
84.9449
84.9453
84.9454
84.9499
84.9503
84.9505
84.9515
84.9562
84.9563
84.9564
84.9594
84.962
84.9638
84.9657
84.9661
84.9667
84.9694
84.9722
84.9806
84.9812
84.9836
84.9852
84.9886
84.9895
84.9905
84.9915
84.9979
84.9981
84.9992
85.0008
85.0041
85.0064
85.0067
85.0085
85.0092
85.0105
85.0128
85.0139
85.0167
85.0189
85.0195
85.0197
85.0285
85.031
85.0311
85.0315
85.0331
85.0341
85.0408
85.0418
85.0431
85.0443
85.0444
85.0447
85.0491
85.0569
85.058
85.0592
85.0654
85.0673
85.0703
85.0737
85.0738
85.0764
85.0772
85.0796
85.0813
85.0826
85.088
85.0897
85.0907
85.0954
85.0962
85.0978
85.0987
85.0998
85.1001
85.1038
85.1064
85.1077
85.108
85.109
85.1098
85.1157
85.1185
85.1257
85.1309
85.131
85.1326
85.1342
85.135
85.1372
85.1385
85.1485
85.1489
85.1498
85.1505
85.1523
85.1524
85.1532
85.1533
85.1561
85.1568
85.1576
85.1633
85.1638
85.1639
85.1691
85.1731
85.1769
85.1772
85.1789
85.1826
85.1832
85.1841
85.1863
85.1883
85.1896
85.1902
85.191
85.1932
85.1967
85.1973
85.2
85.2005
85.2024
85.205
85.2116
85.213
85.2138
85.219
85.2254
85.2303
85.2306
85.233
85.2333
85.2348
85.2396
85.2479
85.2487
85.2538
85.2542
85.2546
85.2565
85.2606
85.2617
85.2633
85.2648
85.2658
85.2668
85.2673
85.2725
85.2747
85.2799
85.2812
85.2818
85.2833
85.2834
85.2858
85.286
85.2921
85.2935
85.2958
85.2961
85.2994
85.3006
85.3025
85.3046
85.3055
85.3081
85.3114
85.3115
85.3142
85.3158
85.3174
85.318
85.3186
85.3194
85.3199
85.3226
85.3242
85.3246
85.3253
85.3278
85.3299
85.3318
85.3326
85.3354
85.3368
85.3403
85.3405
85.3424
85.3446
85.3453
85.3478
85.3509
85.3516
85.3523
85.3529
85.3556
85.3561
85.357
85.3592
85.3593
85.3599
85.3613
85.3627
85.3628
85.3639
85.3706
85.3735
85.3749
85.3752
85.3786
85.3788
85.3788
85.381
85.3815
85.3888
85.3891
85.3904
85.3905
85.3909
85.3933
85.3935
85.3958
85.3961
85.3988
85.3988
85.3989
85.4027
85.403
85.4035
85.404
85.4044
85.4048
85.4066
85.4088
85.4119
85.4136
85.4145
85.4187
85.4202
85.4267
85.428
85.4287
85.4294
85.4306
85.4307
85.4315
85.4319
85.4319
85.432
85.4328
85.438
85.4385
85.4393
85.44
85.4484
85.4487
85.4496
85.4498
85.4525
85.4529
85.4536
85.4537
85.4544
85.4562
85.4562
85.4566
85.4585
85.4586
85.4593
85.4629
85.4629
85.4647
85.4652
85.4688
85.47
85.4713
85.4723
85.475
85.477
85.4805
85.4825
85.4825
85.4826
85.4829
85.4836
85.4869
85.4892
85.4905
85.4912
85.4913
85.4965
85.4965
85.4978
85.5003
85.5008
85.5049
85.5052
85.506
85.5073
85.5085
85.5124
85.5166
85.5178
85.5198
85.5209
85.5216
85.5222
85.5223
85.523
85.5249
85.5249
85.5275
85.533
85.5335
85.5346
85.5347
85.5362
85.5378
85.5378
85.5378
85.539
85.5395
85.54
85.5419
85.5449
85.5452
85.5457
85.5467
85.5481
85.5488
85.5494
85.5509
85.5517
85.5522
85.5525
85.5542
85.5552
85.5558
85.5635
85.5643
85.5653
85.567
85.5672
85.5676
85.569
85.5691
85.572
85.5731
85.5744
85.5759
85.5771
85.5774
85.5783
85.5786
85.58
85.5807
85.5823
85.5823
85.583
85.5844
85.5853
85.5863
85.5871
85.5872
85.5884
85.5889
85.59
85.592
85.5926
85.5939
85.5945
85.5949
85.5951
85.5961
85.5982
85.5995
85.5997
85.5998
85.6007
85.6015
85.6027
85.6034
85.6038
85.6103
85.6149
85.6177
85.6186
85.6209
85.622
85.6229
85.6246
85.6253
85.6266
85.6282
85.6306
85.6315
85.632
85.6323
85.6331
85.6341
85.6391
85.6411
85.6421
85.6429
85.6434
85.6441
85.6445
85.6447
85.6456
85.6458
85.6459
85.6469
85.647
85.6487
85.6495
85.6513
85.652
85.6529
85.6549
85.6567
85.6577
85.6598
85.6611
85.6612
85.6612
85.6614
85.6632
85.6649
85.665
85.6657
85.6689
85.6709
85.6712
85.6732
85.6777
85.6781
85.6786
85.6797
85.6807
85.6812
85.6826
85.6826
85.6865
85.6868
85.6871
85.6901
85.691
85.6913
85.692
85.694
85.6947
85.6981
85.6999
85.7
85.7009
85.7052
85.7062
85.7074
85.7076
85.708
85.7106
85.7106
85.7122
85.7163
85.721
85.7256
85.7261
85.7279
85.7309
85.7312
85.7316
85.7326
85.7331
85.7353
85.7354
85.7356
85.7361
85.7373
85.7396
85.7409
85.743
85.7435
85.7458
85.7507
85.7507
85.7522
85.7527
85.7539
85.7552
85.7584
85.7601
85.7633
85.7659
85.7701
85.772
85.7721
85.7724
85.7726
85.7738
85.7741
85.7742
85.7749
85.781
85.7812
85.7813
85.7835
85.7836
85.7836
85.7837
85.7854
85.7857
85.7858
85.7867
85.7868
85.7876
85.7886
85.789
85.7898
85.7912
85.7918
85.7918
85.7926
85.7926
85.7965
85.7968
85.7986
85.8012
85.8012
85.8031
85.8031
85.8035
85.8039
85.8058
85.806
85.8075
85.8091
85.8106
85.8106
85.8112
85.8112
85.8124
85.818
85.8188
85.8214
85.8215
85.8239
85.8242
85.8247
85.8247
85.8254
85.8257
85.8294
85.8309
85.8315
85.833
85.8347
85.8349
85.8385
85.8389
85.8396
85.8405
85.8423
85.8433
85.8461
85.8464
85.8472
85.8481
85.8486
85.8489
85.8521
85.8529
85.8539
85.8546
85.8559
85.8564
85.8599
85.8601
85.861
85.8615
85.8676
85.8707
85.8709
85.872
85.8763
85.8765
85.8796
85.8797
85.8803
85.8804
85.8816
85.8823
85.884
85.8842
85.886
85.8869
85.8882
85.8887
85.8889
85.889
85.8914
85.8941
85.897
85.8972
85.8986
85.8999
85.9003
85.9029
85.9048
85.9067
85.907
85.9092
85.9097
85.9097
85.9106
85.9131
85.9152
85.9172
85.9175
85.918
85.9196
85.9196
85.9202
85.9209
85.9217
85.9263
85.9278
85.9314
85.932
85.9322
85.9328
85.9338
85.9351
85.9352
85.9371
85.9372
85.9381
85.9463
85.9469
85.9476
85.9491
85.9493
85.9493
85.9506
85.951
85.9513
85.9543
85.957
85.9572
85.9635
85.9648
85.9648
85.9658
85.9686
85.9696
85.9713
85.9726
85.9729
85.973
85.9766
85.9774
85.9784
85.9804
85.983
85.983
85.9846
85.9847
85.9867
85.9874
85.9883
85.9887
85.9888
85.989
85.9897
85.9915
85.9947
85.9948
85.9955
85.997
85.9974
85.9976
86.0012
86.0022
86.0026
86.003
86.0032
86.0048
86.0053
86.0056
86.0065
86.0087
86.0102
86.0109
86.0134
86.0157
86.0159
86.0162
86.0162
86.0174
86.0175
86.0182
86.0193
86.0193
86.0204
86.021
86.022
86.024
86.0241
86.0241
86.0258
86.027
86.027
86.0276
86.0287
86.0323
86.0331
86.034
86.0368
86.0377
86.0379
86.0384
86.0395
86.0409
86.0413
86.0441
86.0451
86.0475
86.0495
86.0497
86.0499
86.0505
86.0517
86.0523
86.0532
86.0537
86.0537
86.0563
86.0567
86.0578
86.0586
86.0603
86.0618
86.0624
86.063
86.0641
86.0652
86.0659
86.0678
86.069
86.0692
86.0695
86.0695
86.0707
86.071
86.0729
86.0745
86.0768
86.077
86.0776
86.0791
86.0808
86.0809
86.0813
86.0814
86.0832
86.0832
86.0834
86.0835
86.084
86.0857
86.0858
86.0891
86.0903
86.0915
86.0932
86.0956
86.0966
86.0968
86.0979
86.0982
86.0988
86.0989
86.0989
86.0996
86.1006
86.1016
86.1035
86.1038
86.1067
86.1071
86.1088
86.1109
86.1126
86.1175
86.1185
86.1195
86.1212
86.1216
86.1225
86.1234
86.126
86.1291
86.1291
86.1293
86.1296
86.1296
86.1302
86.1304
86.1332
86.1346
86.1348
86.1354
86.1356
86.1361
86.1399
86.1399
86.1426
86.1426
86.1428
86.143
86.1444
86.1448
86.1453
86.1455
86.1459
86.1467
86.1472
86.1484
86.1488
86.1498
86.1534
86.1538
86.1571
86.1574
86.1576
86.1582
86.1587
86.1588
86.159
86.1611
86.1618
86.1618
86.1629
86.1652
86.1653
86.1695
86.1699
86.173
86.1738
86.1751
86.1755
86.1762
86.1772
86.1775
86.1799
86.1811
86.1813
86.1816
86.1816
86.1828
86.1837
86.184
86.187
86.1873
86.1878
86.188
86.1886
86.1886
86.1889
86.189
86.19
86.1904
86.1921
86.1924
86.1926
86.194
86.1943
86.1955
86.1961
86.1975
86.2047
86.2061
86.2064
86.2073
86.2099
86.2145
86.2151
86.2165
86.217
86.2181
86.2189
86.2213
86.2259
86.2264
86.2289
86.2292
86.2292
86.2311
86.2314
86.2323
86.2323
86.2352
86.2373
86.2377
86.2384
86.2407
86.241
86.2411
86.2419
86.2431
86.2443
86.2448
86.2469
86.2474
86.2482
86.2489
86.2492
86.2502
86.2517
86.2524
86.2525
86.2543
86.2547
86.2548
86.2555
86.2582
86.2593
86.2611
86.2653
86.2665
86.2688
86.2701
86.2712
86.2719
86.2739
86.2741
86.2756
86.2756
86.2769
86.2805
86.2807
86.2826
86.283
86.2846
86.2864
86.287
86.288
86.2885
86.2886
86.2891
86.2914
86.2915
86.2925
86.2926
86.2927
86.2934
86.2935
86.2962
86.2968
86.2976
86.2986
86.3009
86.3026
86.3027
86.3028
86.3028
86.3029
86.305
86.308
86.3096
86.3109
86.3111
86.3115
86.3135
86.316
86.3164
86.3206
86.3212
86.3214
86.3223
86.323
86.3262
86.3263
86.3295
86.3306
86.3322
86.3323
86.3324
86.3325
86.3339
86.3345
86.3348
86.3361
86.3398
86.3399
86.3401
86.3438
86.3439
86.3442
86.3443
86.3454
86.3464
86.3469
86.3477
86.3487
86.3549
86.3553
86.356
86.3563
86.3574
86.3627
86.3629
86.3631
86.365
86.3655
86.3656
86.3656
86.366
86.3668
86.3701
86.3706
86.3727
86.3753
86.3761
86.3771
86.3791
86.3799
86.3802
86.381
86.3814
86.3831
86.3869
86.3875
86.3895
86.3929
86.3944
86.3946
86.3952
86.3973
86.3974
86.3974
86.3977
86.3977
86.3981
86.3984
86.399
86.399
86.3992
86.401
86.4012
86.402
86.4022
86.4023
86.4025
86.4032
86.4047
86.4058
86.4061
86.4065
86.4066
86.407
86.4077
86.41
86.4128
86.4148
86.4151
86.416
86.4166
86.4173
86.4179
86.4196
86.4215
86.423
86.4233
86.4242
86.426
86.4265
86.4298
86.4318
86.4321
86.4321
86.4327
86.433
86.433
86.4362
86.4362
86.4368
86.4371
86.4378
86.4379
86.439
86.439
86.4393
86.4417
86.4427
86.4429
86.4447
86.4457
86.4467
86.4479
86.4481
86.4491
86.4495
86.4501
86.4501
86.4503
86.4503
86.4517
86.4531
86.4532
86.4534
86.4541
86.4543
86.4552
86.4567
86.4572
86.458
86.4586
86.4608
86.4615
86.4626
86.463
86.4638
86.4659
86.4667
86.4679
86.4692
86.4701
86.4707
86.4714
86.4719
86.4725
86.4727
86.4744
86.4765
86.4771
86.4788
86.4791
86.4792
86.4796
86.4802
86.4808
86.4826
86.4828
86.4835
86.4858
86.4859
86.4859
86.4862
86.4868
86.4872
86.4874
86.488
86.488
86.4899
86.4903
86.4904
86.4905
86.4917
86.4941
86.4956
86.4974
86.4987
86.4989
86.5019
86.5032
86.5047
86.5056
86.5067
86.5082
86.5093
86.5095
86.5101
86.5103
86.5146
86.5155
86.5162
86.517
86.517
86.518
86.5192
86.5202
86.5211
86.5252
86.5259
86.5264
86.5264
86.5279
86.5281
86.5285
86.5291
86.5305
86.531
86.5323
86.5324
86.5333
86.5351
86.5358
86.5363
86.5372
86.538
86.5387
86.5405
86.5414
86.5417
86.5422
86.5434
86.5457
86.5464
86.5469
86.5471
86.5475
86.5484
86.5488
86.5493
86.5493
86.5494
86.5512
86.5515
86.5532
86.5544
86.5548
86.555
86.5556
86.5559
86.556
86.5568
86.5586
86.5587
86.5598
86.5606
86.5607
86.5611
86.5615
86.5624
86.5625
86.5631
86.5634
86.5635
86.5661
86.5666
86.5677
86.5708
86.5725
86.5733
86.5749
86.5762
86.5766
86.5775
86.5786
86.5806
86.5807
86.5808
86.5809
86.5815
86.5825
86.5829
86.5832
86.5858
86.5859
86.5861
86.5862
86.5867
86.589
86.5893
86.5902
86.5914
86.5917
86.593
86.5931
86.5945
86.5952
86.5959
86.5963
86.5965
86.5973
86.5977
86.5978
86.5991
86.6006
86.6012
86.6013
86.6029
86.6031
86.6035
86.6044
86.6046
86.6072
86.6078
86.608
86.6101
86.6104
86.6109
86.612
86.6121
86.6135
86.6141
86.6152
86.6154
86.6166
86.6172
86.6178
86.618
86.6204
86.6205
86.6206
86.6206
86.6225
86.6231
86.6244
86.627
86.6278
86.6288
86.6302
86.6326
86.6328
86.633
86.6332
86.6342
86.6345
86.635
86.6353
86.6402
86.6416
86.6423
86.6435
86.6443
86.6445
86.6458
86.6469
86.6484
86.6533
86.6542
86.6584
86.6601
86.6603
86.6613
86.6619
86.6619
86.6649
86.6698
86.6704
86.6715
86.673
86.6743
86.6752
86.6767
86.6775
86.678
86.6783
86.6784
86.679
86.679
86.68
86.6811
86.6812
86.6812
86.6821
86.6825
86.683
86.6834
86.684
86.6842
86.6844
86.6848
86.6856
86.6869
86.69
86.6906
86.6917
86.6926
86.6933
86.6937
86.6962
86.6965
86.6965
86.697
86.697
86.6979
86.7005
86.7005
86.7011
86.703
86.7043
86.7053
86.7056
86.7058
86.706
86.7063
86.7068
86.7072
86.7081
86.7081
86.7098
86.7102
86.7112
86.7129
86.7131
86.7138
86.7153
86.7154
86.7159
86.716
86.717
86.7176
86.7177
86.7189
86.7191
86.7202
86.7203
86.7204
86.721
86.723
86.7237
86.7253
86.7265
86.7299
86.7304
86.732
86.7323
86.7341
86.7348
86.7351
86.7369
86.7382
86.7382
86.74
86.7406
86.7409
86.741
86.7429
86.7457
86.7462
86.7484
86.7486
86.7489
86.7517
86.7519
86.7528
86.7537
86.7549
86.7558
86.7562
86.7585
86.7587
86.7588
86.7601
86.7616
86.7618
86.7626
86.7629
86.7631
86.7633
86.7647
86.7654
86.7657
86.7659
86.7659
86.7685
86.7689
86.7692
86.7693
86.7719
86.7725
86.7727
86.7736
86.7745
86.7752
86.7763
86.7763
86.7772
86.7807
86.7841
86.7857
86.7876
86.7888
86.7891
86.7896
86.7904
86.7904
86.7906
86.7909
86.7909
86.7918
86.7947
86.7959
86.7969
86.7972
86.8002
86.8006
86.8007
86.8018
86.8084
86.8085
86.8086
86.8093
86.8097
86.8102
86.8102
86.8112
86.814
86.8148
86.8152
86.8156
86.8161
86.8169
86.8178
86.8189
86.819
86.8192
86.8195
86.8205
86.8219
86.8219
86.824
86.8248
86.8258
86.828
86.8285
86.8291
86.8292
86.8298
86.8302
86.8308
86.8314
86.8322
86.8347
86.835
86.8382
86.8386
86.8408
86.8414
86.8418
86.8421
86.8432
86.8445
86.8453
86.8462
86.8476
86.8487
86.849
86.8498
86.8502
86.8502
86.8502
86.8514
86.8514
86.8522
86.8526
86.8528
86.8546
86.8558
86.8561
86.8569
86.8572
86.8576
86.858
86.8582
86.8594
86.8601
86.8601
86.8606
86.8608
86.8613
86.8617
86.8674
86.8676
86.8678
86.868
86.8682
86.8695
86.8702
86.8709
86.8753
86.8757
86.8765
86.8771
86.8782
86.8798
86.8809
86.8814
86.8853
86.8858
86.8879
86.8883
86.89
86.8901
86.8938
86.8957
86.8961
86.8969
86.9
86.9024
86.9031
86.9032
86.9035
86.9045
86.9048
86.906
86.9064
86.9072
86.9074
86.91
86.911
86.9112
86.9121
86.9125
86.913
86.913
86.9131
86.914
86.9142
86.9169
86.9176
86.9192
86.9214
86.9233
86.924
86.9249
86.925
86.9253
86.9254
86.9268
86.9271
86.9282
86.9284
86.9284
86.9302
86.9337
86.9345
86.9355
86.9358
86.9366
86.9384
86.9395
86.9408
86.9426
86.9432
86.9433
86.944
86.9442
86.9448
86.9455
86.9487
86.9509
86.9526
86.9538
86.9539
86.9549
86.9556
86.9564
86.9576
86.9609
86.9679
86.9698
86.9703
86.9708
86.9718
86.9728
86.9738
86.9741
86.9748
86.9749
86.9762
86.9764
86.9773
86.9774
86.9798
86.9807
86.9809
86.9815
86.9825
86.9828
86.9832
86.9846
86.9851
86.9861
86.9861
86.9871
86.9878
86.9879
86.988
86.9899
86.99
86.9904
86.9929
86.9949
86.9959
86.9965
86.9971
86.998
86.9984
86.999
86.9991
87.0039
87.0054
87.0065
87.0077
87.0077
87.0078
87.008
87.0094
87.0097
87.0102
87.0109
87.0126
87.0133
87.0135
87.0146
87.0151
87.0162
87.0174
87.0182
87.0183
87.0189
87.0189
87.0202
87.0212
87.0224
87.023
87.023
87.0243
87.025
87.0261
87.0265
87.0289
87.0302
87.0303
87.0316
87.0318
87.0319
87.0328
87.0365
87.0392
87.0394
87.0401
87.0411
87.0411
87.0435
87.0435
87.0437
87.0445
87.0451
87.0459
87.0466
87.0481
87.0488
87.0511
87.0528
87.0537
87.0544
87.0546
87.0556
87.0578
87.0585
87.059
87.0613
87.062
87.0625
87.065
87.0653
87.0657
87.0658
87.0679
87.069
87.0694
87.0698
87.0699
87.0707
87.0719
87.0722
87.073
87.0734
87.0745
87.0753
87.0758
87.076
87.0776
87.0781
87.0797
87.0803
87.0824
87.0824
87.0829
87.0836
87.0846
87.0852
87.0855
87.086
87.0866
87.0873
87.0883
87.0888
87.0892
87.0893
87.0909
87.0932
87.0932
87.0934
87.094
87.0943
87.0956
87.0961
87.0962
87.0967
87.0988
87.0992
87.1001
87.101
87.1026
87.1029
87.1067
87.1071
87.1072
87.1093
87.1096
87.1106
87.111
87.111
87.1121
87.1124
87.113
87.1149
87.115
87.1171
87.1173
87.1178
87.1202
87.1205
87.1207
87.1213
87.1224
87.1243
87.1247
87.1247
87.1251
87.1255
87.1255
87.1267
87.1274
87.1279
87.1281
87.1295
87.1297
87.1301
87.1307
87.1312
87.1323
87.133
87.1335
87.1338
87.1345
87.1348
87.135
87.1352
87.1357
87.1364
87.1375
87.1402
87.1404
87.1415
87.1417
87.1427
87.1433
87.1449
87.145
87.1452
87.1454
87.1455
87.1458
87.147
87.1487
87.149
87.1492
87.1505
87.1513
87.1517
87.1527
87.1563
87.1568
87.1579
87.1595
87.1597
87.1603
87.1607
87.1615
87.1615
87.1633
87.1637
87.166
87.1666
87.1679
87.1684
87.1689
87.1697
87.1697
87.171
87.1712
87.1716
87.1734
87.1744
87.1745
87.1762
87.1773
87.1775
87.1783
87.179
87.179
87.1804
87.1845
87.1863
87.1881
87.1903
87.1917
87.1921
87.1929
87.1972
87.1985
87.1988
87.1998
87.2
87.2031
87.2039
87.2052
87.2058
87.2071
87.2078
87.2101
87.2103
87.2132
87.2136
87.2143
87.2165
87.2165
87.2174
87.2179
87.2181
87.2198
87.2199
87.2215
87.2219
87.2222
87.2232
87.2238
87.2244
87.2246
87.2246
87.2254
87.2275
87.2277
87.2285
87.2319
87.2334
87.2347
87.2354
87.2357
87.2365
87.2368
87.2374
87.2385
87.2391
87.2393
87.2396
87.2403
87.241
87.2416
87.2422
87.2441
87.2445
87.2466
87.248
87.2497
87.2511
87.2515
87.2515
87.2517
87.2542
87.2547
87.2547
87.255
87.2551
87.2564
87.2565
87.2567
87.2571
87.2577
87.2579
87.2599
87.2606
87.2624
87.2625
87.2629
87.2653
87.2654
87.2665
87.2668
87.2683
87.2692
87.2701
87.2712
87.2723
87.2731
87.2734
87.2751
87.2754
87.2755
87.2766
87.2772
87.2774
87.2791
87.2796
87.2803
87.2809
87.2842
87.2887
87.2896
87.2902
87.2928
87.2933
87.2941
87.2945
87.2948
87.2951
87.2954
87.2972
87.2986
87.2999
87.3037
87.3038
87.3053
87.3053
87.3055
87.3062
87.3069
87.31
87.3108
87.3141
87.3144
87.315
87.3157
87.3187
87.3204
87.3205
87.3208
87.3209
87.3215
87.3222
87.3227
87.3241
87.3249
87.3259
87.3276
87.3285
87.3288
87.3304
87.3309
87.3319
87.3328
87.3338
87.3341
87.3344
87.3359
87.3364
87.3371
87.3374
87.3383
87.3404
87.3426
87.3449
87.345
87.3485
87.3489
87.3504
87.3508
87.3511
87.3523
87.3527
87.3532
87.3532
87.3534
87.3545
87.3553
87.3557
87.3565
87.3567
87.3599
87.36
87.3609
87.3633
87.3641
87.3644
87.3644
87.3645
87.3653
87.3657
87.3661
87.3667
87.3673
87.3686
87.3694
87.3708
87.3713
87.3713
87.3716
87.372
87.3733
87.3757
87.3771
87.3773
87.3778
87.3783
87.3784
87.3785
87.3803
87.3812
87.3822
87.3835
87.3838
87.3838
87.3838
87.3868
87.3876
87.3879
87.39
87.3903
87.3918
87.3923
87.3929
87.3964
87.3969
87.3985
87.3995
87.4017
87.4025
87.4031
87.4031
87.4042
87.4044
87.4047
87.4055
87.4056
87.4059
87.4067
87.4072
87.4077
87.4087
87.4088
87.4138
87.4146
87.4159
87.4163
87.4168
87.4169
87.4192
87.4198
87.4205
87.4212
87.4226
87.4231
87.4237
87.4242
87.4246
87.4254
87.4267
87.4275
87.4285
87.4289
87.4299
87.4325
87.4339
87.4342
87.4346
87.436
87.4398
87.4429
87.444
87.4446
87.445
87.4455
87.4458
87.4463
87.4477
87.4484
87.4502
87.4506
87.4535
87.4546
87.4551
87.4556
87.4556
87.4568
87.4569
87.4574
87.4585
87.4585
87.4622
87.4626
87.4628
87.4634
87.4643
87.4644
87.4671
87.4672
87.4675
87.4676
87.4688
87.469
87.47
87.4702
87.4702
87.4714
87.4719
87.4741
87.4743
87.4744
87.4749
87.4763
87.4784
87.4795
87.4803
87.4806
87.4817
87.484
87.486
87.4864
87.4889
87.4896
87.4897
87.4904
87.4905
87.4939
87.4946
87.4961
87.4965
87.4979
87.4979
87.4988
87.4992
87.4995
87.4996
87.5018
87.5019
87.5054
87.5061
87.5063
87.5063
87.5066
87.5073
87.5074
87.508
87.5083
87.5108
87.512
87.5125
87.5129
87.5158
87.5167
87.5169
87.5169
87.517
87.5182
87.5184
87.5203
87.5205
87.521
87.521
87.5216
87.5218
87.5227
87.5239
87.5268
87.5273
87.5296
87.5331
87.5333
87.5343
87.5356
87.5358
87.536
87.5365
87.5367
87.5372
87.5373
87.5389
87.5393
87.5399
87.5403
87.541
87.5411
87.5422
87.5427
87.543
87.5434
87.5444
87.545
87.5453
87.5454
87.5459
87.5465
87.5467
87.5471
87.5501
87.5502
87.5505
87.5506
87.551
87.5517
87.5532
87.5549
87.5558
87.5558
87.5575
87.5583
87.559
87.5591
87.5602
87.5605
87.5628
87.563
87.5634
87.564
87.5642
87.5658
87.5664
87.5664
87.5667
87.5674
87.5691
87.5691
87.5693
87.5697
87.57
87.5705
87.572
87.5729
87.573
87.5744
87.5754
87.5756
87.5757
87.5769
87.5771
87.5771
87.5782
87.5811
87.5819
87.5821
87.584
87.5902
87.591
87.5911
87.5946
87.5949
87.5949
87.5952
87.5969
87.5969
87.5971
87.5981
87.6001
87.6015
87.6035
87.6039
87.6039
87.6039
87.604
87.6049
87.6058
87.6082
87.6084
87.6087
87.6095
87.6107
87.6118
87.6119
87.6121
87.6142
87.6151
87.616
87.6161
87.6181
87.6182
87.6182
87.6192
87.6193
87.6217
87.623
87.6238
87.6245
87.6245
87.6249
87.626
87.6268
87.6284
87.629
87.6292
87.6301
87.6311
87.6317
87.6341
87.6358
87.6375
87.6381
87.6391
87.6395
87.6398
87.6399
87.6416
87.6431
87.6435
87.6438
87.6443
87.6445
87.646
87.6469
87.647
87.648
87.6502
87.6504
87.6526
87.6539
87.6545
87.6546
87.6548
87.6554
87.6562
87.66
87.6612
87.6643
87.6645
87.6646
87.6654
87.6664
87.6677
87.6694
87.6705
87.6706
87.6718
87.674
87.676
87.6768
87.6778
87.6786
87.6826
87.6836
87.684
87.6852
87.6855
87.6866
87.687
87.6873
87.6885
87.6889
87.6895
87.6906
87.6907
87.6908
87.6915
87.692
87.6924
87.6932
87.6934
87.6939
87.6951
87.6961
87.6965
87.6984
87.6994
87.7001
87.7005
87.7006
87.7013
87.7024
87.7028
87.7052
87.7058
87.7081
87.7083
87.7085
87.7086
87.7088
87.7102
87.7108
87.7125
87.7143
87.7155
87.7156
87.7157
87.7167
87.7188
87.7196
87.7201
87.7214
87.7228
87.7241
87.7243
87.7252
87.7253
87.726
87.7282
87.7284
87.7287
87.7294
87.7319
87.7322
87.7344
87.7368
87.7396
87.7398
87.741
87.7436
87.7441
87.7452
87.7457
87.7474
87.7521
87.7564
87.7588
87.7605
87.7606
87.7608
87.7611
87.7618
87.7625
87.7629
87.7631
87.7647
87.7673
87.7682
87.7713
87.7714
87.7729
87.7738
87.7748
87.7789
87.7806
87.7825
87.7831
87.7834
87.787
87.7879
87.7885
87.789
87.7893
87.7902
87.792
87.7935
87.7959
87.7971
87.7971
87.7971
87.7972
87.7982
87.7987
87.7991
87.8017
87.803
87.8039
87.8041
87.8045
87.8096
87.8112
87.813
87.8136
87.814
87.8144
87.8153
87.8153
87.8165
87.8172
87.8179
87.8184
87.8202
87.8218
87.8244
87.8251
87.8265
87.8275
87.8295
87.8298
87.8303
87.8347
87.8358
87.8365
87.8368
87.8404
87.842
87.8427
87.8441
87.8442
87.8451
87.8464
87.8473
87.8479
87.8483
87.8487
87.8536
87.8538
87.854
87.8564
87.8571
87.8577
87.8578
87.8586
87.8593
87.8594
87.8602
87.8602
87.8644
87.8646
87.8646
87.8669
87.8683
87.869
87.8707
87.8736
87.8737
87.8752
87.8757
87.876
87.8768
87.8772
87.8788
87.8789
87.8807
87.8831
87.8832
87.8849
87.8856
87.886
87.8864
87.8889
87.8906
87.8907
87.891
87.8916
87.8918
87.8927
87.8929
87.8939
87.8943
87.8945
87.8958
87.8963
87.8975
87.9014
87.9029
87.9029
87.904
87.9043
87.9045
87.9064
87.907
87.9075
87.9086
87.9102
87.9105
87.9126
87.9138
87.9146
87.915
87.9168
87.9186
87.9202
87.9209
87.9235
87.9237
87.9246
87.9249
87.9282
87.9287
87.9292
87.9294
87.9299
87.9301
87.9302
87.9308
87.931
87.9312
87.9319
87.9332
87.9334
87.9359
87.9425
87.9434
87.9438
87.9442
87.9443
87.9452
87.9454
87.9455
87.9459
87.9464
87.9468
87.9478
87.9502
87.9531
87.9551
87.9558
87.9573
87.9591
87.9592
87.9595
87.9596
87.9606
87.961
87.9616
87.9618
87.9633
87.9656
87.9658
87.9702
87.9707
87.9707
87.9725
87.9751
87.978
87.9786
87.9805
87.9813
87.9832
87.9834
87.9837
87.9851
87.9855
87.9868
87.9902
87.9928
87.994
87.9949
87.9961
87.9963
87.9965
87.9968
87.9978
87.998
87.9983
88.0035
88.0083
88.0095
88.0098
88.0105
88.011
88.0111
88.013
88.0141
88.0146
88.0157
88.0162
88.0175
88.019
88.02
88.0243
88.0244
88.0257
88.0269
88.027
88.0272
88.0285
88.0294
88.0299
88.0302
88.0319
88.0371
88.0377
88.0377
88.0394
88.0396
88.0402
88.0403
88.0409
88.0415
88.0418
88.0425
88.0439
88.0456
88.046
88.0463
88.0474
88.0475
88.0481
88.0489
88.0503
88.0506
88.0525
88.0535
88.054
88.0551
88.0552
88.0566
88.0575
88.0606
88.0651
88.0672
88.0692
88.0702
88.0707
88.0712
88.0736
88.0738
88.074
88.0744
88.0747
88.0773
88.0773
88.0787
88.0801
88.0808
88.0839
88.0849
88.085
88.0852
88.0861
88.0867
88.0868
88.0876
88.0899
88.09
88.0903
88.0915
88.0922
88.093
88.0956
88.0966
88.0966
88.0967
88.097
88.0978
88.0994
88.1001
88.1007
88.1017
88.1019
88.1026
88.1036
88.1053
88.1055
88.1063
88.1066
88.1068
88.1074
88.1087
88.1103
88.1115
88.1136
88.1159
88.116
88.1172
88.1176
88.1184
88.1202
88.1208
88.1215
88.1231
88.1243
88.1248
88.1259
88.1268
88.1274
88.1286
88.1288
88.1289
88.1322
88.1323
88.1326
88.1373
88.1376
88.1381
88.1387
88.1389
88.1419
88.1446
88.1474
88.1475
88.1483
88.151
88.1532
88.1542
88.1552
88.1553
88.1558
88.1588
88.1613
88.1644
88.1645
88.1647
88.1651
88.1652
88.1656
88.169
88.171
88.1737
88.1742
88.1745
88.1759
88.1764
88.1777
88.1826
88.1846
88.1893
88.1909
88.191
88.1911
88.1912
88.1936
88.1943
88.1952
88.1977
88.1978
88.198
88.1985
88.2
88.2003
88.2016
88.2026
88.2029
88.205
88.2113
88.2143
88.2184
88.219
88.2216
88.2231
88.2246
88.2254
88.2261
88.2262
88.2268
88.227
88.2271
88.2277
88.2279
88.2297
88.2323
88.2333
88.2334
88.234
88.2342
88.2347
88.2348
88.2366
88.2374
88.2374
88.2377
88.2382
88.2383
88.239
88.2395
88.2403
88.2425
88.2427
88.2439
88.2445
88.2467
88.2496
88.2502
88.2531
88.256
88.2573
88.2586
88.2602
88.2615
88.2632
88.2634
88.2654
88.2687
88.2691
88.2694
88.2716
88.2749
88.2751
88.2769
88.2771
88.2783
88.2798
88.2801
88.2825
88.2826
88.2829
88.2831
88.2851
88.2854
88.2863
88.2899
88.2902
88.2914
88.2924
88.2926
88.2935
88.2944
88.2945
88.2952
88.2962
88.2965
88.2973
88.2973
88.3044
88.3046
88.3052
88.3062
88.3094
88.3101
88.3105
88.311
88.3113
88.3119
88.3133
88.32
88.3205
88.322
88.3233
88.3235
88.3245
88.3247
88.3249
88.3259
88.3266
88.3287
88.3291
88.3348
88.3363
88.3389
88.3392
88.3396
88.3401
88.3403
88.3404
88.3413
88.3415
88.3417
88.3438
88.3458
88.3475
88.3491
88.3522
88.355
88.3564
88.3592
88.361
88.3611
88.3619
88.364
88.3643
88.3649
88.3662
88.3709
88.3709
88.3715
88.3738
88.3749
88.375
88.3752
88.3764
88.3771
88.379
88.3792
88.3808
88.3811
88.3822
88.3827
88.3859
88.3867
88.3884
88.3886
88.389
88.3897
88.3905
88.3917
88.3921
88.3923
88.3924
88.3928
88.396
88.397
88.3974
88.3978
88.3979
88.3993
88.4009
88.4021
88.4028
88.4045
88.4048
88.4058
88.4065
88.4078
88.4081
88.4082
88.4116
88.413
88.4154
88.4183
88.4187
88.4204
88.421
88.4214
88.422
88.4237
88.4289
88.4309
88.4324
88.4339
88.4344
88.4361
88.4369
88.4369
88.4371
88.4371
88.4378
88.4378
88.4388
88.4391
88.4407
88.441
88.4417
88.4427
88.4442
88.4449
88.4464
88.4476
88.4508
88.451
88.4517
88.4523
88.4534
88.4541
88.4553
88.4554
88.4572
88.4592
88.4597
88.462
88.4638
88.465
88.4659
88.468
88.4684
88.4704
88.4719
88.4735
88.4743
88.475
88.4756
88.4759
88.4762
88.4772
88.4781
88.4788
88.4792
88.4794
88.4795
88.4808
88.4827
88.4853
88.4858
88.4894
88.4899
88.49
88.4963
88.497
88.4972
88.4974
88.4976
88.5002
88.501
88.5057
88.5064
88.5065
88.5078
88.5095
88.51
88.5115
88.5128
88.5131
88.5132
88.5145
88.5148
88.5162
88.5189
88.519
88.5208
88.5218
88.5221
88.5229
88.5248
88.5255
88.5259
88.5265
88.5295
88.5305
88.5305
88.5329
88.5345
88.5347
88.5353
88.5356
88.5356
88.536
88.5363
88.5387
88.5389
88.5397
88.5399
88.5411
88.5423
88.5449
88.5464
88.5488
88.5489
88.5494
88.5513
88.5523
88.5532
88.5538
88.5541
88.5548
88.5551
88.5557
88.5566
88.5572
88.5573
88.5574
88.5585
88.5596
88.5598
88.5612
88.5618
88.5637
88.5641
88.5652
88.5663
88.5685
88.5687
88.5694
88.5694
88.5702
88.5703
88.5719
88.572
88.5725
88.5726
88.5726
88.5734
88.577
88.5789
88.579
88.5808
88.5809
88.5828
88.583
88.583
88.5834
88.5842
88.5848
88.5889
88.589
88.5892
88.5903
88.5906
88.5925
88.5933
88.5946
88.5947
88.596
88.5988
88.6019
88.6041
88.6054
88.6095
88.6099
88.612
88.6125
88.6127
88.6131
88.6137
88.6148
88.616
88.6161
88.6165
88.6174
88.6175
88.6187
88.6198
88.6208
88.6213
88.6227
88.6234
88.6254
88.627
88.6273
88.6276
88.6291
88.6292
88.6308
88.6342
88.6345
88.6363
88.6382
88.639
88.6409
88.6412
88.644
88.6447
88.648
88.6487
88.6489
88.6503
88.6511
88.6517
88.6522
88.6563
88.6575
88.6581
88.6583
88.6584
88.6602
88.6618
88.6623
88.6635
88.6653
88.6667
88.667
88.6678
88.6688
88.6694
88.6698
88.6706
88.6721
88.6737
88.6756
88.6771
88.6779
88.6782
88.6789
88.6794
88.6799
88.6804
88.6818
88.6818
88.6822
88.684
88.6862
88.6893
88.6895
88.6902
88.6928
88.6935
88.6975
88.6977
88.6995
88.7007
88.7014
88.7019
88.7037
88.704
88.7051
88.706
88.7081
88.7092
88.7102
88.7103
88.7112
88.7113
88.7115
88.7119
88.7126
88.7146
88.7208
88.7238
88.7247
88.7248
88.7256
88.7264
88.7268
88.7274
88.7302
88.7309
88.7312
88.7316
88.732
88.734
88.7347
88.7347
88.7353
88.7353
88.7386
88.7393
88.7405
88.7413
88.7492
88.7511
88.7528
88.7536
88.7544
88.7552
88.7554
88.7566
88.7566
88.7569
88.7587
88.7599
88.7612
88.7634
88.7641
88.7647
88.7649
88.7657
88.7666
88.7684
88.7687
88.7699
88.7714
88.7718
88.7729
88.7743
88.7751
88.7779
88.7792
88.7816
88.7817
88.7825
88.7837
88.7864
88.7865
88.7866
88.7868
88.7906
88.7926
88.7928
88.7938
88.7948
88.7958
88.7975
88.7977
88.7978
88.7986
88.8031
88.8035
88.8063
88.8077
88.8078
88.8079
88.8109
88.8111
88.8132
88.8153
88.8183
88.8211
88.8218
88.8225
88.8229
88.8247
88.827
88.8273
88.8297
88.8313
88.8327
88.8366
88.8372
88.8376
88.839
88.8395
88.8424
88.8429
88.8434
88.8488
88.8491
88.8505
88.8507
88.851
88.8517
88.8561
88.8566
88.8568
88.8574
88.8615
88.8681
88.8711
88.8721
88.8726
88.8769
88.8782
88.8786
88.8821
88.8829
88.883
88.8836
88.8857
88.8859
88.8863
88.8895
88.8903
88.8904
88.8932
88.8952
88.8968
88.8968
88.8977
88.8982
88.8989
88.8993
88.9002
88.9013
88.9031
88.9055
88.9067
88.9077
88.9103
88.9132
88.9132
88.9172
88.9187
88.9196
88.9201
88.9206
88.9222
88.9227
88.9241
88.925
88.9256
88.9283
88.9284
88.9285
88.9302
88.9308
88.9342
88.9377
88.9393
88.9395
88.9442
88.9463
88.9471
88.9476
88.9489
88.9493
88.9494
88.9507
88.9508
88.9509
88.9525
88.9526
88.9542
88.9558
88.9559
88.9565
88.9579
88.9591
88.9617
88.9618
88.9627
88.9637
88.9641
88.9649
88.9692
88.9697
88.9721
88.9759
88.9764
88.9783
88.9794
88.9802
88.9806
88.9807
88.9855
88.9863
88.9897
88.9937
88.9965
89.0009
89.0022
89.0051
89.0074
89.0095
89.01
89.0101
89.0112
89.0153
89.0176
89.0177
89.0181
89.024
89.0259
89.0274
89.028
89.0282
89.0284
89.0299
89.0302
89.0324
89.0328
89.0329
89.0361
89.0362
89.0372
89.0376
89.0376
89.0387
89.0402
89.0422
89.0434
89.0442
89.0443
89.0465
89.049
89.0497
89.0524
89.0572
89.0579
89.0606
89.0607
89.0612
89.0619
89.0621
89.0634
89.0637
89.0649
89.0676
89.0681
89.0682
89.0717
89.072
89.0738
89.0741
89.0755
89.0762
89.0776
89.0777
89.0779
89.0783
89.0792
89.0796
89.0801
89.082
89.0824
89.0826
89.0827
89.0881
89.0899
89.0953
89.0962
89.0973
89.099
89.0998
89.1005
89.1011
89.1025
89.1034
89.1053
89.1056
89.1065
89.1065
89.1069
89.1078
89.1081
89.1122
89.1124
89.1148
89.1172
89.1182
89.1204
89.1205
89.1215
89.122
89.1244
89.1257
89.1276
89.1276
89.129
89.1295
89.131
89.1316
89.1334
89.134
89.1423
89.1428
89.1432
89.1433
89.1438
89.1439
89.1455
89.1468
89.1496
89.1496
89.1502
89.1513
89.1528
89.1541
89.1545
89.1566
89.1569
89.1573
89.1594
89.1598
89.1611
89.1616
89.1632
89.1633
89.1634
89.1654
89.1675
89.1683
89.169
89.1692
89.1721
89.1747
89.1765
89.1773
89.1793
89.1809
89.1853
89.188
89.1889
89.1898
89.1918
89.1924
89.1932
89.194
89.1964
89.1966
89.1973
89.1991
89.1998
89.2008
89.2013
89.2056
89.2073
89.2117
89.2122
89.2124
89.2136
89.2161
89.2174
89.2177
89.2182
89.2231
89.2246
89.2246
89.2269
89.2275
89.2316
89.235
89.2372
89.2377
89.2408
89.2417
89.2421
89.2427
89.2435
89.2443
89.2462
89.2503
89.2506
89.2535
89.2536
89.2576
89.2584
89.2593
89.2611
89.2625
89.2685
89.2726
89.2733
89.2741
89.2776
89.28
89.2801
89.2813
89.2831
89.2844
89.29
89.29
89.2903
89.2911
89.2917
89.2929
89.2936
89.2943
89.2958
89.2961
89.3027
89.3045
89.3048
89.3077
89.3092
89.3113
89.3113
89.312
89.3177
89.32
89.3228
89.3233
89.3241
89.3257
89.3285
89.3305
89.3314
89.3319
89.3352
89.3362
89.3373
89.3392
89.3413
89.3528
89.3546
89.3573
89.3619
89.3626
89.3632
89.3638
89.3655
89.3657
89.3695
89.3698
89.3708
89.3729
89.373
89.3766
89.3819
89.3823
89.3843
89.3845
89.3853
89.3857
89.3895
89.3897
89.39
89.3911
89.401
89.4015
89.4018
89.4034
89.407
89.4103
89.4111
89.412
89.4139
89.4143
89.418
89.4183
89.42
89.4225
89.4248
89.4258
89.4276
89.4308
89.4328
89.4379
89.439
89.4394
89.4403
89.4423
89.4425
89.4431
89.4447
89.4457
89.4459
89.4516
89.4544
89.4557
89.4585
89.4612
89.4614
89.4617
89.4633
89.4634
89.4646
89.4653
89.4691
89.4702
89.4708
89.4737
89.4743
89.4818
89.4824
89.4846
89.4856
89.486
89.4872
89.4885
89.4899
89.4902
89.4905
89.4951
89.4953
89.5034
89.5043
89.5049
89.5114
89.5114
89.5124
89.5151
89.5153
89.5172
89.5195
89.5223
89.5243
89.5253
89.5261
89.529
89.5311
89.5316
89.5326
89.5334
89.5342
89.5363
89.5422
89.5449
89.5475
89.5485
89.5493
89.5501
89.5507
89.5509
89.5511
89.5553
89.5594
89.5595
89.56
89.5603
89.562
89.5621
89.5645
89.5655
89.568
89.5696
89.5699
89.575
89.5776
89.5791
89.5798
89.5799
89.5805
89.5808
89.581
89.5826
89.585
89.5872
89.5874
89.5921
89.593
89.5935
89.594
89.5961
89.6072
89.6084
89.6092
89.6126
89.6152
89.6173
89.6187
89.6191
89.6193
89.6213
89.626
89.6272
89.6279
89.6305
89.6331
89.6337
89.6361
89.6399
89.6401
89.6448
89.647
89.6486
89.6557
89.6562
89.6576
89.6587
89.6592
89.6595
89.66
89.6609
89.6613
89.6618
89.6675
89.6715
89.6723
89.6747
89.6759
89.677
89.6777
89.6779
89.6779
89.6788
89.6793
89.6813
89.6868
89.6885
89.6899
89.6912
89.6915
89.6938
89.6967
89.6974
89.6997
89.6998
89.7
89.7037
89.704
89.7044
89.7067
89.7069
89.708
89.7123
89.7127
89.7172
89.7174
89.7181
89.7217
89.7219
89.7228
89.7236
89.7249
89.7311
89.7312
89.7319
89.7334
89.7361
89.7424
89.7426
89.7439
89.7449
89.7455
89.7475
89.7496
89.7511
89.7514
89.7515
89.7543
89.7543
89.7543
89.7552
89.7556
89.7571
89.7581
89.7583
89.7586
89.7602
89.7612
89.7644
89.7676
89.7706
89.7708
89.7723
89.7733
89.7747
89.7748
89.7761
89.7787
89.7789
89.781
89.782
89.7825
89.784
89.7857
89.7869
89.7874
89.79
89.7921
89.7968
89.797
89.797
89.7972
89.8028
89.807
89.8083
89.809
89.8096
89.812
89.8122
89.8141
89.8158
89.819
89.8195
89.8202
89.8206
89.8252
89.828
89.8285
89.8295
89.8298
89.8298
89.8321
89.8324
89.8348
89.8358
89.8386
89.8405
89.8413
89.8455
89.8472
89.8499
89.8513
89.8557
89.8562
89.8566
89.8569
89.8572
89.8581
89.8582
89.8625
89.8627
89.867
89.871
89.8726
89.8741
89.8748
89.875
89.876
89.8796
89.8836
89.886
89.8946
89.9021
89.9022
89.9022
89.9037
89.9044
89.9057
89.9062
89.9077
89.9082
89.9087
89.9151
89.9161
89.9163
89.917
89.9179
89.9181
89.9197
89.9204
89.9269
89.9302
89.9306
89.9313
89.934
89.9348
89.9382
89.9451
89.9466
89.9506
89.9557
89.9566
89.9583
89.9604
89.9606
89.9617
89.9664
89.9665
89.9673
89.9674
89.9681
89.9691
89.9723
89.975
89.9757
89.9763
89.9797
89.9819
89.9863
89.9919
89.9945
89.996
89.9975
90.0022
90.0038
90.0044
90.005
90.0054
90.0102
90.0102
90.0134
90.02
90.0232
90.0234
90.0235
90.0243
90.0258
90.0266
90.0291
90.0301
90.0308
90.0313
90.0322
90.0335
90.0338
90.0397
90.0411
90.0415
90.0419
90.042
90.0432
90.0432
90.0474
90.0514
90.053
90.0565
90.0582
90.0617
90.0617
90.0652
90.0705
90.0771
90.0781
90.0783
90.081
90.0828
90.0845
90.0848
90.0856
90.0857
90.0862
90.0914
90.0916
90.0926
90.0935
90.0949
90.0968
90.0987
90.1015
90.1039
90.1067
90.1082
90.1104
90.1106
90.1124
90.1126
90.1172
90.1173
90.1193
90.1198
90.1223
90.1233
90.1281
90.1329
90.1348
90.1372
90.1401
90.1405
90.1413
90.1425
90.1436
90.1481
90.1491
90.1506
90.1564
90.1589
90.1605
90.1608
90.1611
90.1617
90.1638
90.1641
90.1642
90.1654
90.1655
90.1715
90.1737
90.1739
90.1742
90.1743
90.178
90.1801
90.1817
90.1826
90.1866
90.1905
90.1909
90.191
90.1927
90.1997
90.2017
90.2033
90.206
90.206
90.207
90.2088
90.2114
90.212
90.2136
90.2147
90.2159
90.2197
90.2241
90.2242
90.2287
90.2301
90.2302
90.2326
90.2352
90.2352
90.238
90.2383
90.2413
90.243
90.2454
90.2458
90.2486
90.2505
90.2508
90.2532
90.2589
90.26
90.2603
90.2619
90.2628
90.278
90.2806
90.283
90.2845
90.2853
90.2859
90.2872
90.2904
90.2907
90.2928
90.297
90.3011
90.3057
90.3061
90.3086
90.3104
90.3128
90.3196
90.32
90.3251
90.3258
90.3324
90.3344
90.3382
90.3419
90.342
90.3434
90.3434
90.3446
90.3466
90.347
90.3498
90.3515
90.3518
90.3522
90.3528
90.3552
90.3556
90.357
90.3591
90.3595
90.3606
90.3614
90.3621
90.3668
90.3671
90.3678
90.3728
90.3737
90.3761
90.3774
90.3825
90.3834
90.3837
90.3901
90.4001
90.4009
90.4038
90.4039
90.4059
90.4096
90.4116
90.4134
90.4137
90.4141
90.4156
90.4184
90.421
90.4212
90.4214
90.4289
90.4289
90.4311
90.4359
90.4371
90.4409
90.4441
90.4456
90.446
90.4464
90.4465
90.4523
90.4552
90.456
90.4597
90.4626
90.4632
90.4649
90.4654
90.4654
90.4699
90.4721
90.4791
90.4802
90.4826
90.4829
90.4829
90.4972
90.5002
90.5117
90.514
90.5147
90.5177
90.5178
90.5208
90.5219
90.5255
90.528
90.5289
90.5292
90.5311
90.5328
90.537
90.538
90.5392
90.5448
90.55
90.5508
90.554
90.557
90.5651
90.5696
90.5739
90.5754
90.5754
90.5769
90.5779
90.5828
90.5829
90.5839
90.5906
90.5907
90.5954
90.596
90.5989
90.6064
90.6124
90.6188
90.6208
90.6209
90.625
90.6287
90.6294
90.6297
90.6304
90.6346
90.6408
90.6464
90.6484
90.6519
90.6521
90.6618
90.6658
90.6665
90.667
90.6683
90.6716
90.6719
90.6719
90.6727
90.6767
90.6767
90.6831
90.6869
90.6878
90.6902
90.693
90.6961
90.698
90.7007
90.7008
90.7062
90.7109
90.7135
90.7149
90.7173
90.7189
90.7201
90.7209
90.7247
90.7249
90.7294
90.7326
90.7366
90.7397
90.7414
90.7418
90.742
90.7439
90.7448
90.7496
90.7521
90.7623
90.765
90.7706
90.7749
90.7801
90.7827
90.7842
90.7851
90.786
90.7867
90.7877
90.7935
90.7945
90.7976
90.8083
90.8084
90.8109
90.8109
90.8115
90.8141
90.8186
90.8236
90.8263
90.8312
90.8321
90.834
90.8386
90.839
90.8485
90.8502
90.8535
90.8535
90.8565
90.8684
90.8686
90.8794
90.8805
90.8817
90.882
90.8886
90.8914
90.8993
90.9048
90.9077
90.913
90.9137
90.9145
90.9164
90.9173
90.9207
90.9216
90.9231
90.9233
90.9267
90.9316
90.9323
90.9347
90.9398
90.9426
90.9466
90.9495
90.9513
90.9564
90.9566
90.9572
90.9593
90.9601
90.9603
90.9636
90.9702
90.971
90.9768
90.9785
90.9796
90.981
90.9855
90.9934
90.9948
90.9949
90.9989
91.0011
91.0033
91.0064
91.0096
91.0123
91.0152
91.0172
91.0205
91.0214
91.023
91.0236
91.0268
91.0348
91.035
91.0387
91.0423
91.043
91.0464
91.0534
91.0572
91.0582
91.0582
91.0588
91.0605
91.0639
91.068
91.0712
91.0714
91.0719
91.0741
91.0743
91.0781
91.0801
91.0845
91.0906
91.0906
91.0924
91.0934
91.0962
91.0974
91.0991
91.1042
91.1042
91.1048
91.1092
91.112
91.1156
91.1227
91.1246
91.1262
91.1268
91.1275
91.1302
91.1338
91.134
91.1349
91.1383
91.1413
91.1422
91.1428
91.1436
91.1454
91.1457
91.1461
91.1496
91.154
91.1561
91.1631
91.1633
91.1686
91.1693
91.1876
91.1928
91.1931
91.1934
91.1937
91.194
91.1948
91.1959
91.1963
91.197
91.1997
91.2001
91.2023
91.2069
91.2112
91.2134
91.2196
91.2208
91.222
91.2232
91.2249
91.2261
91.2287
91.2297
91.2329
91.2359
91.2379
91.2417
91.2428
91.2447
91.2449
91.2514
91.2577
91.2632
91.2661
91.2674
91.268
91.2701
91.2717
91.2745
91.2745
91.2749
91.284
91.2879
91.2884
91.2901
91.2995
91.3
91.3014
91.3129
91.3148
91.3164
91.3233
91.3268
91.3307
91.3327
91.3355
91.3385
91.3392
91.3421
91.3465
91.3506
91.3567
91.3589
91.3599
91.3619
91.3627
91.3767
91.3786
91.3821
91.3911
91.3925
91.3956
91.4058
91.4071
91.4076
91.4082
91.4114
91.4226
91.4275
91.4312
91.4327
91.4335
91.4379
91.4462
91.4464
91.4514
91.4525
91.4529
91.456
91.4563
91.458
91.4625
91.4665
91.4671
91.4752
91.4797
91.4874
91.4887
91.4892
91.4962
91.4989
91.4997
91.5044
91.5131
91.5135
91.5236
91.5276
91.5367
91.5391
91.5392
91.5437
91.5481
91.5486
91.552
91.5521
91.5522
91.5588
91.5632
91.5632
91.5669
91.5672
91.5779
91.5781
91.5796
91.5806
91.5826
91.5931
91.5938
91.5964
91.6128
91.6129
91.6176
91.6204
91.6224
91.6279
91.6281
91.6303
91.6365
91.6399
91.6414
91.6442
91.6468
91.6508
91.652
91.6522
91.6541
91.6552
91.6639
91.6672
91.6725
91.6761
91.6767
91.6773
91.6773
91.6789
91.6853
91.688
91.6898
91.6926
91.6926
91.6951
91.6979
91.6981
91.6991
91.7052
91.7142
91.7204
91.7311
91.7317
91.741
91.7425
91.7434
91.7452
91.7467
91.7505
91.7565
91.7674
91.769
91.7705
91.7753
91.7759
91.7778
91.7812
91.7874
91.7884
91.789
91.7969
91.7992
91.8016
91.8018
91.8036
91.8037
91.8102
91.8189
91.8434
91.8476
91.8565
91.8578
91.8665
91.8703
91.8726
91.8739
91.8767
91.8813
91.8841
91.9065
91.9065
91.9084
91.91
91.9155
91.9164
91.917
91.9202
91.9212
91.9222
91.9256
91.9275
91.9294
91.9319
91.9331
91.9331
91.9374
91.9428
91.9442
91.9473
91.9527
91.9546
91.9618
91.9618
91.9652
91.9662
91.9702
91.9761
91.9783
91.9861
91.9864
91.9867
91.9908
91.9919
91.9938
91.9944
91.9944
92.01
92.0119
92.0134
92.0135
92.0179
92.0202
92.0202
92.0301
92.0326
92.0342
92.0356
92.0356
92.0376
92.0386
92.0426
92.0448
92.0468
92.049
92.0509
92.0548
92.0622
92.0664
92.0678
92.0703
92.0731
92.079
92.08
92.0844
92.0847
92.0873
92.0906
92.0965
92.1
92.1005
92.1043
92.1164
92.1197
92.1299
92.1365
92.1463
92.1516
92.1602
92.1623
92.1662
92.1707
92.1775
92.1827
92.1846
92.197
92.2006
92.2032
92.2057
92.2063
92.2067
92.2091
92.2095
92.2129
92.2174
92.2196
92.2347
92.235
92.2359
92.2368
92.2379
92.2382
92.2388
92.2392
92.2479
92.2498
92.2687
92.2696
92.2828
92.2852
92.294
92.2958
92.2992
92.3016
92.3025
92.3049
92.3057
92.3189
92.3221
92.3225
92.3237
92.3328
92.3441
92.3451
92.3474
92.3526
92.3534
92.3539
92.3552
92.3646
92.3664
92.3693
92.3709
92.3748
92.377
92.3781
92.3788
92.3815
92.386
92.3879
92.3965
92.399
92.4061
92.4064
92.4183
92.42
92.4217
92.4217
92.4226
92.4254
92.4301
92.4346
92.4392
92.4405
92.4452
92.4518
92.4528
92.4534
92.4535
92.4558
92.4648
92.4705
92.4737
92.4876
92.4877
92.494
92.4951
92.4962
92.5053
92.5057
92.5084
92.5148
92.5154
92.5161
92.5229
92.5264
92.529
92.5353
92.5399
92.5526
92.5534
92.5583
92.5587
92.5597
92.5614
92.5699
92.5708
92.5789
92.5803
92.5831
92.5918
92.5953
92.599
92.5999
92.604
92.6059
92.6084
92.6215
92.6238
92.6279
92.6384
92.6384
92.6417
92.6423
92.6469
92.6491
92.6546
92.6576
92.6578
92.6586
92.6646
92.6663
92.6719
92.6863
92.6887
92.6919
92.6956
92.6958
92.6959
92.7071
92.7087
92.7112
92.7189
92.7282
92.7405
92.7409
92.744
92.7458
92.7538
92.7573
92.7673
92.7675
92.7712
92.775
92.7798
92.7823
92.7894
92.7896
92.7901
92.8041
92.8206
92.8251
92.833
92.8369
92.8376
92.8548
92.8649
92.8661
92.8665
92.8682
92.8685
92.8695
92.8754
92.8783
92.8801
92.8804
92.8863
92.8916
92.8919
92.8941
92.9076
92.9109
92.9167
92.9264
92.9281
92.9288
92.9292
92.9373
92.9411
92.9436
92.9468
92.947
92.9482
92.9487
92.9533
92.9575
92.963
92.963
92.9664
92.968
92.9714
92.9788
92.9876
93.002
93.0036
93.0051
93.0113
93.0114
93.0169
93.0182
93.023
93.0238
93.0277
93.0344
93.0404
93.051
93.0545
93.0585
93.0635
93.0643
93.0774
93.0782
93.0795
93.0881
93.1057
93.1095
93.1103
93.1269
93.1408
93.142
93.1454
93.1666
93.1681
93.1694
93.1845
93.1923
93.1938
93.1941
93.195
93.195
93.1973
93.2146
93.222
93.2264
93.2352
93.2398
93.2423
93.2538
93.2584
93.2647
93.2654
93.2701
93.272
93.2722
93.2868
93.2971
93.3027
93.3115
93.3153
93.3157
93.3189
93.3208
93.3236
93.3269
93.3271
93.3276
93.3297
93.3329
93.3403
93.3429
93.3437
93.3466
93.3472
93.3495
93.3543
93.369
93.3822
93.3834
93.3985
93.3988
93.4039
93.4107
93.4155
93.4174
93.4302
93.4388
93.4394
93.4497
93.4539
93.4636
93.4795
93.481
93.4847
93.4849
93.4966
93.4976
93.5032
93.5046
93.5196
93.5293
93.535
93.5373
93.5457
93.5508
93.5523
93.5533
93.5616
93.5686
93.5791
93.5807
93.5808
93.5817
93.5839
93.5842
93.5861
93.5907
93.5917
93.5922
93.5925
93.596
93.5962
93.6043
93.6135
93.6183
93.6292
93.664
93.6642
93.6804
93.6858
93.6928
93.6932
93.6955
93.7055
93.7111
93.7124
93.7185
93.7382
93.7576
93.7836
93.7944
93.7959
93.807
93.8168
93.8195
93.8283
93.8384
93.8427
93.8481
93.8488
93.8504
93.8508
93.8631
93.8642
93.8685
93.8723
93.8799
93.8844
93.8846
93.8911
93.8917
93.8921
93.8976
93.9078
93.9096
93.9115
93.9238
93.9257
93.9263
93.929
93.9402
93.9421
93.9422
93.9434
93.9475
93.9503
93.9514
93.9552
93.9571
93.9669
93.9685
93.9708
93.9742
93.975
93.9778
93.9782
93.9814
94.0129
94.0284
94.0331
94.0425
94.0437
94.0532
94.0574
94.0648
94.0663
94.0717
94.0735
94.0901
94.1164
94.1302
94.1345
94.135
94.136
94.1451
94.1512
94.1559
94.1563
94.1578
94.1631
94.1715
94.1745
94.1746
94.1749
94.184
94.1873
94.1885
94.194
94.1972
94.2005
94.206
94.2088
94.2177
94.2244
94.2257
94.2282
94.2356
94.2399
94.2403
94.2415
94.2481
94.2546
94.2558
94.2586
94.2886
94.3014
94.3135
94.3158
94.335
94.3373
94.3464
94.3528
94.3669
94.3677
94.3684
94.3809
94.3828
94.3865
94.4187
94.4206
94.4404
94.4483
94.4488
94.4536
94.4555
94.4562
94.4875
94.4909
94.505
94.5111
94.518
94.5198
94.5362
94.5443
94.5685
94.5714
94.5774
94.5863
94.5894
94.5898
94.5908
94.5972
94.6016
94.606
94.6368
94.6485
94.6495
94.6604
94.6855
94.6936
94.6971
94.7026
94.7235
94.7318
94.7341
94.7364
94.7388
94.7597
94.7624
94.7852
94.7935
94.8229
94.8273
94.8326
94.8341
94.8455
94.8571
94.8756
94.8905
94.8941
94.8989
94.9025
94.9222
94.9364
94.9416
94.9473
94.9495
94.9617
94.9633
94.9643
94.9721
94.9777
94.9908
94.9925
95.0009
95.0016
95.0027
95.008
95.0177
95.026
95.0416
95.0494
95.0574
95.0648
95.0769
95.0999
95.1014
95.1041
95.1058
95.1072
95.1245
95.1307
95.1317
95.1351
95.1374
95.1485
95.178
95.1951
95.1975
95.2124
95.2205
95.2227
95.2343
95.2547
95.2689
95.2709
95.2766
95.2774
95.2792
95.2827
95.2907
95.2919
95.2971
95.2981
95.2982
95.3039
95.3237
95.3413
95.3437
95.3749
95.3754
95.3784
95.3804
95.3818
95.3936
95.4079
95.4102
95.4151
95.4152
95.4273
95.4319
95.4455
95.4534
95.4547
95.4679
95.47
95.4753
95.4857
95.502
95.5104
95.5129
95.5181
95.5247
95.527
95.5437
95.5471
95.5514
95.5688
95.5717
95.5814
95.6232
95.6243
95.6253
95.633
95.6542
95.6708
95.6973
95.6978
95.6991
95.7034
95.7058
95.728
95.7541
95.7556
95.7601
95.763
95.7742
95.7848
95.7849
95.7931
95.7966
95.7986
95.8287
95.8327
95.8603
95.8701
95.8832
95.8932
95.9092
95.9118
95.9209
95.9627
95.9713
95.9842
95.9875
96.0046
96.0116
96.0294
96.0416
96.0722
96.0751
96.0779
96.0785
96.0893
96.0996
96.1024
96.1061
96.1165
96.1184
96.1254
96.179
96.183
96.1845
96.186
96.1949
96.1974
96.2038
96.2246
96.2249
96.2328
96.2463
96.2924
96.2949
96.3107
96.3371
96.342
96.3519
96.3992
96.4137
96.4138
96.4262
96.4515
96.4576
96.4615
96.4622
96.464
96.4672
96.4758
96.4901
96.494
96.5053
96.5341
96.5345
96.5536
96.5541
96.5828
96.5964
96.5999
96.601
96.606
96.6229
96.6248
96.6379
96.6387
96.6642
96.6643
96.6684
96.6712
96.6733
96.6735
96.6766
96.7046
96.716
96.7186
96.7462
96.7709
96.7756
96.781
96.7813
96.7856
96.8102
96.8355
96.8447
96.8728
96.93
96.9657
96.9661
97.0345
97.0415
97.0529
97.0535
97.1208
97.1222
97.1304
97.1546
97.1602
97.1744
97.1768
97.2127
97.214
97.2161
97.2198
97.2704
97.2847
97.2921
97.2973
97.2983
97.3122
97.3132
97.3188
97.3203
97.3219
97.323
97.3451
97.3745
97.3904
97.4375
97.4508
97.49
97.5014
97.5059
97.5101
97.5486
97.5498
97.6028
97.6401
97.6744
97.6776
97.6778
97.6807
97.6936
97.7006
97.7006
97.704
97.7296
97.7515
97.7571
97.7715
97.7882
97.7966
97.8405
97.8735
97.8943
97.8974
97.9074
97.9085
97.9215
97.9251
97.9619
97.9721
97.9778
97.9804
97.9872
98.0224
98.0338
98.046
98.0681
98.0749
98.0963
98.0972
98.1108
98.1248
98.1339
98.1906
98.2157
98.2271
98.2301
98.2767
98.2882
98.2885
98.2953
98.3022
98.3087
98.3408
98.3674
98.3759
98.428
98.4284
98.4334
98.4422
98.4607
98.5115
98.539
98.5629
98.5938
98.5939
98.5959
98.6078
98.6095
98.6392
98.6403
98.6651
98.6755
98.6963
98.7366
98.7453
98.7577
98.7584
98.76
98.7712
98.7783
98.7866
98.7897
98.7899
98.801
98.8047
98.8093
98.8511
98.8635
98.875
98.8807
98.8966
98.946
98.9516
98.9537
98.966
98.9767
98.9942
98.9944
98.995
99.0181
99.0404
99.0501
99.0723
99.0883
99.1086
99.1324
99.1356
99.1381
99.1623
99.1633
99.2058
99.256
99.2662
99.3044
99.3171
99.3227
99.394
99.3987
99.4499
99.4868
99.4994
99.5145
99.5356
99.5402
99.6039
99.6395
99.6506
99.6511
99.6965
99.7075
99.7476
99.7615
99.7847
99.8375
99.8472
99.8523
99.8558
99.8633
99.9015
99.9044
99.911
99.9163
99.9198
99.9319
99.9648
99.9706
99.9811
99.9842
100.001
100.014
100.033
100.071
100.095
100.112
100.134
100.16
100.178
100.236
100.284
100.343
100.348
100.368
100.383
100.396
100.401
100.409
100.419
100.485
100.488
100.538
100.554
100.588
100.594
100.608
100.613
100.671
100.68
100.687
100.692
100.703
100.714
100.731
100.778
100.786
100.799
100.809
100.86
100.927
100.933
100.964
100.965
100.974
101.029
101.09
101.106
101.119
101.197
101.201
101.22
101.223
101.233
101.275
101.308
101.359
101.372
101.453
101.461
101.491
101.491
101.585
101.599
101.612
101.633
101.641
101.656
101.662
101.708
101.763
101.789
101.794
101.877
101.881
101.916
101.972
101.977
102.049
102.124
102.15
102.187
102.213
102.283
102.296
102.311
102.318
102.334
102.334
102.348
102.386
102.4
102.412
102.431
102.509
102.526
102.531
102.587
102.602
102.611
102.621
102.627
102.633
102.638
102.676
102.733
102.754
102.773
102.775
102.778
102.78
102.808
102.814
102.823
102.828
102.831
102.844
102.902
102.921
102.936
102.999
103.074
103.075
103.079
103.081
103.186
103.191
103.289
103.3
103.312
103.337
103.4
103.408
103.516
103.554
103.568
103.568
103.586
103.596
103.62
103.627
103.652
103.726
103.797
103.907
103.958
103.972
103.974
103.988
104.044
104.194
104.196
104.254
104.402
104.453
104.521
104.522
104.536
104.548
104.572
104.579
104.627
104.643
104.684
104.759
104.796
104.83
104.848
104.914
104.942
105.035
105.108
105.173
105.191
105.251
105.323
105.355
105.503
105.529
105.538
105.651
105.792
105.809
105.853
105.864
105.876
105.881
105.922
105.936
105.988
106.078
106.094
106.171
106.195
106.197
106.278
106.295
106.305
106.342
106.383
106.388
106.415
106.423
106.446
106.452
106.471
106.474
106.482
106.489
106.492
106.513
106.594
106.61
106.617
106.641
106.794
106.805
106.822
106.865
106.915
106.915
106.97
107.038
107.129
107.137
107.149
107.217
107.225
107.37
107.398
107.405
107.465
107.473
107.483
107.493
107.64
107.711
107.742
107.763
107.769
107.803
107.819
107.836
107.877
107.914
107.947
107.964
108.24
108.294
108.302
108.308
108.349
108.473
108.518
108.534
108.56
108.632
108.861
108.887
108.924
108.941
108.975
108.979
108.994
109.098
109.217
109.218
109.245
109.344
109.349
109.418
109.425
109.544
109.546
109.594
109.645
109.734
110.242
110.262
110.336
110.482
110.575
110.6
110.628
110.668
110.756
110.807
110.938
110.953
111.041
111.247
111.568
111.833
111.946
111.97
111.978
166.592
167.918
171.589
186.871
193.138
